1260219177542938625
1260219177564090369
1260219177614352386
1260219177731678214
1260219177652178944
1260219177786380289
1260219177845100546
1260219177878597632
1260219177937383424
1260219178033831936
1260219177798971398
1260219178004418561
1260219178012696576
1260219178071535617
1260219177324838913
1260219177723400206
1260219178130321409
1260219178125914117
1260219178050555905
1260219178226769921
1260219177970929666
1260219178151108608
1260219178100731906
1260219178189012993
1260219178117558274
1260219178386145280
1260219178310656001
1260219178411270147
1260219178461458432
1260219178478211072
1260219178260115456
1260219178423738369
1260219177559883776
1260219178612596737
1260219177643671554
1260219178675515398
1260219178713092097
1260219178788753413
1260219178662887424
1260219178730094592
1260219178847477760
1260219178327433217
1260219178897805315
1260219178872684546
1260219178847330304
1260219178956529664
1260219178922971136
1260219179053068293
1260219178847539200
1260219179103223808
1260219178826567681
1260219179019522048
1260219179107573760
1260219179229081607
1260219179166244878
1260219179040415744
1260219179266977792
1260219179258523649
1260219179291926529
1260219179325632512
1260219179317280769
1260219179220770817
1260219179241742340
1260219179380158466
1260219179455651840
1260219179329880065
1260219179430338564
1260219179354873856
1260219179376029696
1260219179354984452
1260219179392618498
1260219178688094209
1260219179619307521
1260219179447267333
1260219179497594881
1260219179715584003
1260219179698806784
1260219179715747840
1260219179661172737
1260219179703111681
1260219179577290752
1260219179887714304
1260219179732475905
1260219179803664385
1260219179774476292
1260219179963162630
1260219179812225025
1260219179908489216
1260219179879325698
1260219180000915457
1260219179958824960
1260219179996717057
1260219179904520193
1260219180072136705
1260219179967434752
1260219183159271427
1260219183066836992
1260219183083802625
1260219183201124352
1260219182517563393
1260219183125716996
1260219182672760832
1260219183331184640
1260219183096266753
1260219183129919488
1260219183226327040
1260219183377203200
1260219183406579715
1260219183339462659
1260219183335383046
1260219183440240641
1260219183440236548
1260219183469604866
1260219183532572673
1260219183553556482
1260219183482068992
1260219183553548288
1260219183603859456
1260219183511543809
1260219183578714112
1260219183679172611
1260219183675121665
1260219183763271680
1260219183729647617
1260219183821922304
1260219183721328640
1260219183842779136
1260219182974734336
1260219183922585602
1260219167111876608
1260219170337304576
1260219170261594113
1260219183909834757
1260219178499411968
1260219183956099074
1260219181322121219
1260219183977111559
1260219183901663233
1260219184006520832
1260219184027439106
1260219184027484160
1260219184174243840
1260219184128028677
1260219184111329287
1260219164301701122
1260219187345178626
1260219187483549700
1260219187378733059
1260219187361976320
1260219187001282560
1260219187454189570
1260219187416317953
1260219187407929346
1260219187068391425
1260219187462582273
1260219187408093188
1260219187408113665
1260219187416502272
1260219187525382145
1260219187487703041
1260219187496017921
1260219187634622473
1260219187584274433
1260219187588292610
1260219187609440257
1260219187735207937
1260219187466604544
1260219187726675968
1260219187353587712
1260219185608654850
1260219187873660932
1260219187810766851
1260219187772878848
1260219187919814656
1260219188003639296
1260219187949174785
1260219187974344704
1260219188007677952
1260219187823177728
1260219187852697603
1260219187202600961
1260219187932262401
1260219187424751617
1260219188041277446
1260219188070752256
1260219188162912256
1260219188037246977
1260219188053975043
1260219188175450113
1260219188133662721
1260219188175605760
1260219187731091456
1260219188167290883
1260219188318216192
1260219188171419651
1260219191594016770
1260219191442968582
1260219191560474630
1260219191535316992
1260219191510040576
1260219191648563200
1260219191648555008
1260219191564685312
1260219191556218880
1260219191702896642
1260219191757438976
1260219191790989313
1260219191723995136
1260219191896035328
1260219191870681089
1260219191770169349
1260219191791157250
1260219190784524288
1260219191837093888
1260219191820537857
1260219191967318016
1260219191791099905
1260219192025976837
1260219191984115712
1260219192143482882
1260219191929589760
1260219192206336001
1260219192092971008
1260219192160256001
1260219192294416385
1260219192151695362
1260219192118317057
1260219192218923011
1260219192155926529
1260219192164315137
1260219192181022720
1260219192042717185
1260219192202022914
1260219192227192832
1260219192231333890
1260219192198004737
1260219192273506310
1260219192332242944
1260219192340611072
1260219192432898048
1260219192332054529
1260219192235536386
1260219192353206272
1260219191979905025
1260219192516673536
1260219195771535361
1260219195859632128
1260219195846823936
1260219195867852800
1260219195733786625
1260219195733786624
1260219195662499840
1260219195729440769
1260219195796717568
1260219195855384578
1260219196102684672
1260219195872235520
1260219195998044161
1260219195561656328
1260219196052389891
1260219195977084929
1260219195968622594
1260219195825876994
1260219196132253696
1260219195842793475
1260219195779923970
1260219196170014720
1260219196295741442
1260219195729592324
1260219196241297409
1260219196274733059
1260219196249485312
1260219196341915648
1260219196186730496
1260219196253835264
1260219196245512195
1260219196438392832
1260219196438269952
1260219196425805824
1260219196316794880
1260219196291629056
1260219196463439872
1260219196543324160
1260219196530544640
1260219196597833733
1260219196631322625
1260219196656386048
1260219196216152070
1260219196719366144
1260219196723658755
1260219196719468544
1260219196560027655
1260219196715053056
1260219196610355202
1260219196828528640
1260219199932121089
1260219199818854403
1260219199777103881
1260219199999348742
1260219199944888328
1260219200037060608
1260219200112455681
1260219200192249856
1260219200125140992
1260219200251068416
1260219200129335298
1260219200271904770
1260219200200749058
1260219200293023747
1260219200313884674
1260219200221712385
1260219200351744000
1260219200473198593
1260219200536100866
1260219200477462530
1260219200586625026
1260219200490086400
1260219200582238209
1260219200339132416
1260219200666296322
1260219200687099906
1260219200720842755
1260219200771108864
1260219200603291651
1260219200834068481
1260219200351731718
1260219200834015234
1260219200833900546
1260219200783745024
1260219200871608320
1260219200871825408
1260219200842264576
1260219200888397826
1260219200859185153
1260219201043791873
1260219200943132674
1260219201102331904
1260219201203175426
1260219201312055296
1260219201245130755
1260219200876040192
1260219200821358592
1260219201261907968
1260219201244954626
1260219201127698433
1260219204176920576
1260219204206309378
1260219204223086593
1260219204164292610
1260219204260843522
1260219204281614337
1260219204294324226
1260219203786768386
1260219204352925701
1260219204340453376
1260219204365455362
1260219204470480896
1260219204369858561
1260219204508299270
1260219204504096769
1260219204541784066
1260219204453543936
1260219204709617664
1260219204663496705
1260219204105572352
1260219204655026178
1260219204743032835
1260219204726292482
1260219204755771393
1260219204797698050
1260219204948488192
1260219203400990721
1260219204860608512
1260219205036769280
1260219205057564674
1260219205086883840
1260219205057683462
1260219204952895489
1260219205103706114
1260219205175201792
1260219205279981569
1260219205057753088
1260219205133258752
1260219205275664385
1260219204881580034
1260219205288251395
1260219205242228736
1260219205233901568
1260219205284233217
1260219205066121222
1260219205284052992
1260219205414203393
1260219205460336640
1260219204965367820
1260219205372137477
1260219208312504320
1260219208282935296
1260219208232841216
1260219208316706818
1260219208417153024
1260219208329310209
1260219208450932739
1260219208387960836
1260219208526368768
1260219208476045313
1260219208157233152
1260219208442376192
1260219208526372864
1260219208530563077
1260219208379621376
1260219208576765952
1260219208555692032
1260219208450707462
1260219208639688706
1260219208501264385
1260219208681623553
1260219208467574786
1260219208694145024
1260219208710762498
1260219208782110720
1260219208778092544
1260219208828219400
1260219208681394176
1260219208656252928
1260219208849190912
1260219208803090437
1260219208836800512
1260219208979427336
1260219209000407040
1260219208954114048
1260219208979243009
1260219209025572871
1260219209059090433
1260219209109438464
1260219209017147397
1260219208895512576
1260219209130393603
1260219208895328261
1260219209163800577
1260219209218392065
1260219209239453697
1260219209214124040
1260219209235206145
1260219209251987464
1260219209218490373
1260219212561342466
1260219212355768321
1260219212544475141
1260219212582326273
1260219212577992704
1260219212712357888
1260219212489994240
1260219212032872449
1260219212594925568
1260219212720754688
1260219212804603911
1260219212817104896
1260219212770840576
1260219212733218819
1260219212833992707
1260219212913684484
1260219212808826880
1260219212854788098
1260219212783480834
1260219213047889921
1260219212737495040
1260219213144350722
1260219213140111360
1260219213114900480
1260219212804558849
1260219213022715904
1260219213144158208
1260219213173702657
1260219212087406592
1260219213261799425
1260219213161037825
1260219213047791621
1260219213328740358
1260219213354065920
1260219213123407874
1260219213035307009
1260219213253394434
1260219213135990784
1260219213219680256
1260219213391769600
1260219213102399488
1260219213303762944
1260219213370793985
1260219213303754755
1260219213370851328
1260219213442093064
1260219213446287360
1260219213282709511
1260219213500817408
1260219213534449666
1260219216726233090
1260219216734547975
1260219216604651522
1260219216789147648
1260219216717889537
1260219216734683137
1260219216860495872
1260219216793350145
1260219216906596354
1260219216763985920
1260219216936009730
1260219216893886466
1260219217116311553
1260219217141542912
1260219217103601665
1260219217141477382
1260219217149911045
1260219217154105351
1260219217183465473
1260219217321897984
1260219217267359744
1260219217405566977
1260219217351188482
1260219217250582528
1260219217443520520
1260219217397329922
1260219217434959873
1260219217451855873
1260219217439309825
1260219217477017603
1260219217317703681
1260219217397284867
1260219217359536128
1260219217502253057
1260219217489604609
1260219217460236288
1260219217489559552
1260219217481261056
1260219217594380288
1260219217422553088
1260219217439318016
1260219217602887685
1260219217711968256
1260219217611276288
1260219217758093312
1260219217711894529
1260219217825222659
1260219217368023041
1260219217841983489
1260219217271537665
1260219220920619009
1260219221000282114
1260219219939143681
1260219219389661184
1260219220471607298
1260219220933185537
1260219221096542209
1260219221147037696
1260219220933173248
1260219221126062080
1260219221063147520
1260219221134450693
1260219221083951106
1260219221234991104
1260219221130145792
1260219221230923777
1260219221201608704
1260219221234970625
1260219221327384577
1260219221226795009
1260219220672933890
1260219221327429632
1260219221386108930
1260219221356589062
1260219221348200450
1260219221348237312
1260219221348364288
1260219221524516864
1260219221478215681
1260219220706672640
1260219221323235329
1260219221474250755
1260219221520158720
1260219221688139778
