1260239521066758147
1260239521079328768
1260239520903000066
1260239521100247041
1260239521100312588
1260239521058258947
1260239521221709824
1260239521184190469
1260239521066545154
1260239520903114754
1260239521150496768
1260239521293033472
1260239520798314499
1260239521192574983
1260239521343393795
1260239521406504961
1260239521062535168
1260239521351860225
1260239521402310659
1260239521075126274
1260239521398087681
1260239521561575424
1260239521565810688
1260239521511280641
1260239521624453120
1260239521570009090
1260239521502945282
1260239521595240449
1260239521494384646
1260239521670729735
1260239521775419398
1260239521574260736
1260239521641304065
1260239521389707265
1260239521704079360
1260239521871888385
1260239521867841537
1260239521783918592
1260239521733414912
1260239521867759617
1260239521876189187
1260239521918128128
1260239521381318658
1260239521758810112
1260239522060816385
1260239521922367489
1260239522115334144
1260239522132082688
1260239522069049351
1260239522123534336
1260239522136313861
1260239522161324034
1260239522236899333
1260239522282913792
1260239522174025730
1260239522207498246
1260239522291482624
1260239522110951424
1260239522245144583
1260239522308263937
1260239522299883520
1260239522270515203
1260239522366881792
1260239522438184960
1260239525613355021
1260239525655150593
1260239525684678660
1260239525151797248
1260239525575446528
1260239525730824192
1260239525625974785
1260239525751615490
1260239525747527683
1260239525734948866
1260239525780971520
1260239525852459008
1260239525793730562
1260239525852393474
1260239525445419009
1260239526091464704
1260239525957140481
1260239526028443648
1260239525965697024
1260239526015926274
1260239526137442305
1260239526016045057
1260239526129209345
1260239526154383362
1260239526125060100
1260239526062145537
1260239526313652225
1260239526167040001
1260239526401732608
1260239526393458689
1260239526389301249
1260239526401839111
1260239526506553346
1260239526364143616
1260239526355628032
1260239526410190851
1260239526473142272
1260239526229876736
1260243002531946497
1260243002590715904
1260243002544410631
1260243002548727809
1260243002607505409
1260243002641076225
1260243002636800007
1260243002649268224
1260243002754314242
1260243002766888962
1260243002724806656
1260243002762522625
1260243002737348609
1260243002796183553
1260243002817118211
1260243002812923906
1260243002896744449
1260243002771079169
1260243002938753025
1260243002884329477
1260243002989084672
1260243003047841792
1260243003077267465
1260243003161161728
1260243003056234496
1260243003102330880
1260243003039416321
1260243002599014400
1260243003148578816
1260243003215495168
1260243003236585472
1260243003282767872
1260243003249233920
1260243003311980545
1260243003064623104
1260243003307773952
1260243003261714433
1260243003488169984
1260243003286880259
1260243003437977602
1260243003349794823
1260243003500830720
1260243003454574592
1260243003584794626
1260243003597361154
1260243003605647360
1260243003580379137
1260243003542769664
1260243003681226755
1260243003731578881
1260243003693838336
1260243006826954754
1260243006755491842
1260243006734643207
1260243006738882563
1260243006814212096
1260243006893875200
1260243006822789120
1260243006881488897
1260243006730440704
1260243006969569285
1260243006952701952
1260243006969597955
1260243006936023040
1260243006122270721
1260243007015714816
1260243006940037120
1260243007057649664
1260243006948618240
1260243007099600905
1260243007204360193
1260243007091044354
1260243007015706624
1260243007158095874
1260243007250534401
1260243007233601537
1260243007267274753
1260243007338512384
1260243007183470598
1260243007296532481
1260243007347011586
1260243007342854147
1260243007355473921
1260243007347048448
1260243007401594881
1260243007263170561
1260243007489662976
1260243007464333312
1260243007472795648
1260243007359549447
1260243007510581249
1260243007644844034
1260243007548293120
1260243007653048320
1260243007376199680
1260243007581949954
1260243007665770496
1260243007502266368
1260243007707721729
1260243007678279681
1260243007674224645
1260243007640657920
1260243011075805185
1260243011017072640
1260243010945781763
1260243011012890624
1260243011084128256
1260243011079897092
1260243011050647553
1260243011071508481
1260243011226816512
1260243011146928128
1260243011281342466
1260243011277029376
1260243011193188353
1260243011075805187
1260243011243556864
1260243010719305729
1260243011310665729
1260243011407155200
1260243011348213760
1260243011440504832
1260243011440525313
1260243011419725825
1260243011344240642
1260243011356721153
1260243011553972224
1260243011537121281
1260243011499372546
1260243011650433025
1260243011621044225
1260243011650220032
1260243011490979840
1260243011713163266
1260243011742633984
1260243011700690951
1260243011851730945
1260243011793039369
1260243011788734464
1260243011776233472
1260243011780308992
1260243011897712640
1260243011847544836
1260243011881050112
1260243011927265282
1260243011751067648
1260243011813945346
1260243011855884289
1260243011973283843
1260245135893368833
1260245135905796096
1260245135952089089
1260245135247372293
1260245135864082435
1260245135973113857
1260245136036040710
1260245135918497792
1260245136098951169
1260245136098852874
1260245135998189569
1260245136136691712
1260245135918370816
1260245136187031552
1260245136208003077
1260245136090390528
1260245136291790858
1260245136061140993
1260245136098971650
1260245136233070593
1260245136304308225
1260245136296030212
1260245136128253957
1260245136346353666
1260245136375758848
1260245136270901248
1260245136430239749
1260245136396578816
1260245136468041728
1260245136375779328
1260245136493199360
1260245135998300161
1260245136480579586
1260245136472256513
1260245136547688450
1260245136522407936
1260245136619048962
1260245136660811776
1260245136560226304
1260245136522514434
1260245136614871048
1260245136690171904
1260245136618909699
1260245136723845124
1260245136358940679
1260245136740622337
1260245136476438535
1260245136707145730
1260245136815972352
1260245136786759681
1260245136740691973
1260245137516625920
1260245137596256263
1260245137709563911
1260245137709465606
1260245137755648002
1260245137826787329
1260245137776693249
1260245137860358145
1260245137675956227
1260245137768284160
1260245137839579137
1260245137797648384
1260245137810026496
1260245137906520064
1260245138036551682
1260245137910894596
1260245137894125569
1260245138099535874
1260245137973809155
1260245137957031936
1260245138095443968
1260245138141577216
1260245138183294976
1260245138195877889
1260245138221064193
1260245138204491786
1260245138267344898
1260245138359693313
1260245138305097728
1260245138347081729
1260245138439372803
1260245138388983809
1260245138367971339
1260245138326028289
1260245138472828929
1260245138489704449
1260245138237992960
1260245138540019713
1260245138477064192
1260245138477133826
1260245138464538624
1260245138472931333
1260245138539978753
1260245138556755969
1260245138590388225
1260245138665807872
1260245138720374784
1260245138737152004
1260245138741301248
1260245138682654726
1260245141757087744
1260245141727608832
1260245141756903424
1260245141681561601
1260245141891297280
1260245141924786176
1260245141799002113
1260245141899616262
1260245141945831424
1260245141845168128
1260245141836558336
1260245141794762753
1260245141958377472
1260245141970919431
1260245141891276800
1260245142059040771
1260245142084222977
1260245141715070977
1260245142138748929
1260245142126157825
1260245142100942848
1260245141249499139
1260245142105186306
1260245142297907206
1260245142302146560
1260245142310510592
1260245141974953984
1260245142285414400
1260245142268674054
1260245142201675776
1260245142293880832
1260245142398816256
1260245142415556608
1260245142478508032
1260245142495092736
1260245142449074178
1260245142507831301
1260245142298144773
1260245142491013122
1260245142352670721
1260245142440521728
1260245142545420295
1260245142495207425
1260245142319095810
1260245142482464769
1260245142574792704
1260245142520373248
1260245142507794433
1260245142520422400
1260245142528757761
1260245145989140480
1260245145951383554
1260245145947078658
1260245145741598722
1260245145783611394
1260245145871699974
1260245145997512704
1260245146018381832
1260245146056065030
1260245145955565569
1260245146060423172
1260245145850728452
1260245146131746818
1260245146194583552
1260245146312093697
1260245146341445641
1260245146282541056
1260245146341388291
1260245146299498498
1260245146316218369
1260245146345574411
1260245146404175874
1260245146500620288
1260245146475642881
1260245146366590977
1260245146379190274
1260245146546982916
1260245146521780225
1260245146567798784
1260245146156892162
1260245146668539904
1260245146597195778
1260245146567716870
1260245146492301312
1260245146647527433
1260245146790068225
1260245146697961472
1260245146836307970
1260245146681192457
1260245146861547520
1260245146525974530
1260245146786050051
1260245146664239104
1260245145842331648
1260245146823778305
1260245146756542464
1260245146861539331
1260245146802753537
1260245146857287682
1260245146706247688
1260245150099480581
1260245150107873282
1260245150045003789
1260245149998858240
1260245149961068544
1260245150003052546
1260245150091051013
1260248153309274112
1260248153275719681
1260248153250500614
1260248153070039040
1260248153334468613
1260248153309106176
1260248153183473664
1260248153292443648
1260248153275711493
1260248153376165888
1260248153292488704
1260248153275711489
1260248153502121985
1260248153481240577
1260248153393070081
1260248153623801856
1260248153577656322
1260248153443336192
1260248153472798720
1260248152680136705
1260248153552572417
1260248153682595849
1260248153703366656
1260248153741160448
1260248153837711360
1260248153799962627
1260248153762168832
1260248153888096257
1260248153795760135
1260248153804201985
1260248153871310848
1260248154064203784
1260248154018062336
1260248154106138625
1260248154030645256
1260248153766445057
1260248154126970881
1260248153992957957
1260248154001289216
1260248153900683266
1260248154261401604
1260248154303336448
1260248154332712961
1260248154273914880
1260248154383028227
1260248154454159360
1260248154294927360
1260248154420756482
1260248154445877249
1260248154508836865
1260248157411258371
1260248157402865665
1260248157432283136
1260248157478420489
1260248157578911749
1260248157583298560
1260248157604188160
1260248157654519814
1260248157616852994
1260248157633593344
1260248157729910785
1260248157742460930
1260248157704777728
1260248157830742018
1260248157818163200
1260248157855899651
1260248157700730882
1260248158002708485
1260248158065565701
1260248158044635138
1260248157981757440
1260248158057136129
1260248158111707147
1260248157675544576
1260248158032011265
1260248158103392256
1260248158237589507
1260248158250156032
1260248158027816963
1260248158145318912
1260248158178734081
1260248158015229953
1260248158279331841
1260248158233190402
1260248158111760384
1260248158216617984
1260248158388604930
1260248158275321857
1260248158434664448
1260248158354866181
1260248158380138499
1260248158409383936
1260248158250000384
1260248158514356224
1260248158413754368
1260248158417891331
1260248158346661895
1260248158459871232
1260248158271086595
1260248158627680258
1260248161592971264
1260248161546833922
1260248161479770114
1260248161521668096
1260248161572061195
1260248161584586755
1260248161626570754
1260248161676931072
1260248161546895374
1260248161743863808
1260248161077137410
1260248161785802754
1260248161743929344
1260248161731272704
1260248161664172032
1260248161647558656
1260248161253240839
1260248161878044673
1260248161827815424
1260248161903431683
1260248161810956290
1260248161815232512
1260248161957883905
1260248161890840576
1260248161983094785
1260248162012483585
1260248161504935942
1260248162096349184
1260248162029223937
1260248162138284032
1260248161949560833
1260248162079514625
1260248162079473666
1260248162180247552
1260248162238955528
1260248162268151813
1260248162079555585
1260248162142425089
1260248162175987712
1260248162251481088
1260248162138296333
1260248162234761217
1260248162213691392
1260248162255745024
1260248162150858752
1260248162285031424
1260248162364649473
1260248162368917504
1260248162238902272
1260248162293428224
1260248164684029953
1260248165799866371
1260248165699194881
1260248165770502151
1260248165879623681
1260248165816696833
1260248165808144385
1260248165837668359
1260248165837606913
1260248165774753795
1260248165854228480
1260248166063984640
1260248165992804352
1260248166064164864
1260248165942530049
1260248165963489288
1260248165812445185
1260249586796359680
1260249586804940800
1260249586859249664
1260249586779766786
1260249586653966337
1260249586779787265
1260249586905624578
1260249586767204352
1260249586322546690
1260249586716852226
1260249586859466752
1260249586796552199
1260249587010453511
1260249586821730305
1260249587123617792
1260249586943180801
1260249587199197185
1260249586972721158
1260249587174031360
1260249587253760005
1260249587127730176
1260249587257954307
1260249587186614272
1260249587219980288
1260249587274702848
1260249587325054981
1260249587337609218
1260249587220008961
1260249587287121920
1260249587102646273
1260249587358543874
1260249587467591683
1260249587438112769
1260249587417264132
1260249587266224129
1260249587513798658
1260249587585032196
1260249587643793408
1260249587496910848
1260249587476049924
1260249587647787008
1260249587723403265
1260249586993594369
1260249587606073345
1260249587756957699
1260249587677376513
1260249587891073025
1260249587908042755
1260249587941609474
1260249587849269249
1260249587970912258
1260249587941433345
1260249587840925697
1260249588004462595
1260249587811483653
1260249587949895695
1260249587849314306
1260249588046401541
1260249588004524032
1260249588117786624
1260249588088389632
1260249588155453440
1260249587526307843
1260249588205789187
1260249588289732610
1260249587719131136
1260249588176429056
1260251001510035459
1260251001329762304
1260251001572868097
1260251001510154242
1260251001631707141
1260251001556271104
1260251001581338624
1260251001635962882
1260250999937216512
1260251001623318529
1260251001736568833
1260251001786978304
1260251001732423681
1260251001774211072
1260251001849737216
1260251001631760384
1260251001812070401
1260251001602408449
1260251001887633411
1260251001803726854
1260251001912725508
1260251001975521280
1260251001967214593
1260251001807933442
1260251001963057162
1260251002055335938
1260251001824690179
1260251002109865984
1260251001707257856
1260251001988079616
1260251002026024960
1260251002067771392
1260251002189557761
1260251002088960003
1260251002059419648
1260251002084753408
1260251002248335360
1260251002202013697
1260251002315276289
1260251002336415745
1260251002315223040
1260251002277638144
1260251002302857216
1260252628660957194
1260252628665151489
1260252628535128066
1260252628799442944
1260252628862357506
1260252628962938880
1260252628967137290
1260252628803620865
1260252628849754112
1260252629051084801
1260252629101432833
1260252628946161664
1260252628946227201
1260252628979777537
1260252629076185088
1260252629030100992
1260252629181050888
1260252629206274048
1260252629189513219
1260252629252399104
1260252629197783040
1260252629411790848
1260252629344694280
1260252629436968961
1260252629331927041
1260252629411737600
1260252629323653121
1260252628883091456
1260252629416005635
1260252629399212032
1260252629508087808
1260252629537619972
1260252629461917696
1260252629533372417
1260252629315264513
1260252629466320896
1260252629394841601
1260252628866535426
1260252629613101057
1260252628992360448
1260252629604524032
1260252629688553474
1260252629600538624
1260252629717913607
1260252629726384128
1260252629734764545
1260252629764116480
1260252629776633859
1260252629831163906
1260252629910712325
1260252632737886208
1260252632725065728
1260252632729432065
1260252632599408642
1260252632964386817
1260252633023098883
1260252633081638913
1260252632901251073
1260252632997912577
1260252632972775429
1260252633190842369
1260252633186566144
1260252633165635584
1260252633144721409
1260252633148858372
1260252633182482435
1260252633165475842
1260252633190805504
1260252633383800834
1260252632750280710
1260252633362657281
1260252633417187328
1260252633312395264
1260252633396154369
1260252633471819776
1260252633450688513
1260252633387991042
1260252633559941122
1260252633476018180
1260252633518006273
1260252633652097026
1260252633215967233
1260252633501249543
1260252633647820800
1260252633643835393
1260252633622876161
1260252633543163906
1260252633643638792
1260252633648050179
1260252633455099909
1260252633698373632
1260252633664634881
1260252633740324865
1260252633794674690
1260252633744449536
1260252633752797185
1260252633715048455
1260252633895505923
1260252633916411904
1260252633815830533
1260252636923584512
1260252636747628544
1260252636915404801
1260252636915421185
1260252636906840066
1260252637016068096
1260252636839915520
1260252636965675008
1260252636982521857
1260252636953169921
1260252637058027523
1260252637129310208
1260252637087162369
1260252637070610432
1260252637271916547
1260252637254975488
1260252637292888067
1260252637313851392
1260252637330649090
1260252634696634368
1260252637263474696
1260252637385105409
1260252637259116549
1260252637443866624
1260252637464793089
1260252637431304192
1260252634717523969
1260252637284446211
1260252637557121024
1260252637452271617
1260252637552836609
1260252637213208590
1260252637653430274
1260252637213200387
1260252637443702785
1260252637540253698
1260252637540184064
1260252637628432384
1260252637703753728
