1260223534279782400
1260223533260693506
1260223534225403909
1260223534325854208
1260223534351212546
1260223534380572677
1260223534426517504
1260223534367997952
1260223534283948032
1260223534317486082
1260223534401564674
1260223534330023937
1260223534409883648
1260223534493818885
1260223534460174336
1260223534351163392
1260223534560718848
1260223534598684678
1260223534632181762
1260223534271311872
1260223534527283202
1260223534640410624
1260223534514798593
1260223534577713152
1260223534732685314
1260223534665695232
1260223534678171648
1260223534690791424
1260223534036422661
1260223534585921544
1260223533466124289
1260223534682472449
1260223534456025088
1260223534594437121
1260223534657179649
1260223534485422080
1260223534548295682
1260223534716125186
1260223534728654850
1260223534732886016
1260223534942445568
1260223534883835904
1260223534892232706
1260223535105994757
1260223534984359940
1260223535064072192
1260223534992891906
1260223535043055618
1260223535147970560
1260223535156428800
1260223536892989442
1260223536855121921
1260223536901378049
1260223536788115463
1260223536918147076
1260223536888778753
1260223536792080385
1260223536934731784
1260223536901369856
1260223536972664834
1260223537014603777
1260223536813277184
1260223536938934272
1260223536813281280
1260223537060687872
1260223537064955906
1260223537115168770
1260223537115271170
1260223537048096768
1260223537085906949
1260223536813223937
1260223537182314500
1260223537224257536
1260223536733605888
1260223536960077824
1260223537144627200
1260223537241100296
1260223536259571713
1260223536968409094
1260223537270468611
1260223537127870465
1260223537304010753
1260223537241034752
1260223537270439936
1260223537312264192
1260223537442365440
1260223537354362881
1260223537232728065
1260223537479995392
1260223537383645184
1260223537521909763
1260223537282977792
1260223537551486977
1260223537543028737
1260223536850821122
1260223537538830341
1260223537576640514
1260223537463230464
1260223535697575936
1260223537660538880
1260223541053661184
1260223541061935105
1260223540646817792
1260223540915142659
1260223540998975489
1260223541095673857
1260223540483117057
1260223541137432576
1260223541187837952
1260223541250871296
1260223541200293893
1260223540890124288
1260223541301047297
1260223541154164738
1260223541338750977
1260223541342957568
1260223541372387329
1260223541305389058
1260223541305176064
1260223541271760897
1260223541485568000
1260223541447995392
1260223541523472384
1260223541439369216
1260223541443612672
1260223541435383810
1260223541561167872
1260223541632524290
1260223541745782784
1260223541573824513
1260223541280153606
1260223541720449024
1260223541565435911
1260223541707825158
1260223541686894595
1260223541640720384
1260223541875576832
1260223540844023816
1260223541896601600
1260223541837852677
1260223541720616961
1260223541859037185
1260223541762392064
1260223541846384641
1260223541103992834
1260223541779234817
1260223542010032128
1260223541267628034
1260223542030786560
1260223542093733890
1260223545243770880
1260223545268994050
1260223545310801921
1260223545294061571
1260223544639787008
1260223545277206529
1260223545403006980
1260223545310957568
1260223545252159488
1260223545155768323
1260223545315078146
1260223545289867264
1260223545361211393
1260223545352818688
1260223545516400640
1260223545545822208
1260223545382141952
1260223545558339584
1260223545608716290
1260223545487101953
1260223545134759936
1260223545680039938
1260223545684054019
1260223545591898113
1260223545709416450
1260223545717579778
1260223545680056321
1260223545646313472
1260223545709178881
1260223545814200321
1260223545902157824
1260223545294106624
1260223545163931649
1260223545902333954
1260223545839411201
1260223545981964293
1260223546116026370
1260223546040610817
1260223546078277633
1260223545650659328
1260223546111991810
1260223546199949313
1260223545885351936
1260223546057347072
1260223546124460032
1260223545835048962
1260223546103664645
1260223546153992193
1260223546128773121
1260223546250403846
1260223549538570241
1260223549299720192
1260223549412913153
1260223549467484161
1260223549534593026
1260223549559750657
1260223549438124037
1260223549479895042
1260223549513572352
1260223549438033921
1260223549706571776
1260223549748523009
1260223549689790466
1260223549664448514
1260223549744254977
1260223549492678658
1260223549719150594
1260223549895258113
1260223549895311361
1260223549991792640
1260223550046089216
1260223549970747398
1260223549907693568
1260223550063030282
1260223550079873028
1260223549987368960
1260223550096629766
1260223550054637569
1260223550130130946
1260223550155153408
1260223550130196480
1260223550129975297
1260223550096642048
1260223550272663552
1260223550318768130
1260223550008332288
1260223550042124293
1260223550448902145
1260223550473961479
1260223550465728512
1260223550520164352
1260223550386044928
1260223550243450880
1260223550495035399
1260223550553718789
1260223550637498368
1260223550658498561
1260223550583160833
1260223549987590145
1260223550725726210
1260223553619857409
1260223553745477635
1260223553233920000
1260223553732931584
1260223553758048257
1260223553758248960
1260223553577902084
1260223553795956736
1260223553703751680
1260223553674178560
1260223553821192193
1260223553888280576
1260223553422721028
1260223554030915584
1260223553984778240
1260223554039304193
1260223553909207040
1260223554110386177
1260223554169319424
1260223553980465154
1260223554148167680
1260223554169249792
1260223554131382272
1260223554144141314
1260223554093641728
1260223553577902080
1260223554248773632
1260223554177560579
1260223554290946050
1260223553938632707
1260223554311925760
1260223554328637441
1260223554123190274
1260223554412404737
1260223554378969090
1260223554253197316
1260223554328510465
1260223554496262144
1260223554349563904
1260223554383220739
1260223554412597248
1260223553976360961
1260223554471301122
1260223554483892227
1260223554475319296
1260223554517336065
1260223554169307136
1260223554303467521
1260223554563395590
1260223554580369416
1260223973012488193
1260223973218009088
1260223973272489986
1260223973142474752
1260223972706320386
1260223973163442178
1260223973293359105
1260223973268357124
1260223972681154562
1260223973134143488
1260223973280952321
1260223972806975489
1260223973272498176
1260223973222203392
1260223973251522560
1260223973423345665
1260223973394206721
1260223973402521600
1260223973457113088
1260223973356339203
1260223973310164996
1260223973436030976
1260223973473710080
1260223973075214337
1260223973339664388
1260223973112995842
1260223973469622272
1260223973553573888
1260223973452906497
1260223973473820672
1260223973641445381
1260223973603700742
1260223973704556545
1260223973591322627
1260223973683421184
1260223973767421959
1260223973805092864
1260223973612294145
1260223973683392514
1260223973733744645
1260223973779857408
1260223973876305920
1260223973796831232
1260223973830397963
1260223973943586825
1260223973796671489
1260223973687734274
1260223973662642183
1260223973830225925
1260223973956169730
1260223974031724546
1260223977370386432
1260223977332473857
1260223977345241088
1260223977429090305
1260223977370206208
1260223977114316802
1260223976875458561
1260223977210986502
1260223977307418631
1260223977403932674
1260223977441628160
1260223977169051651
1260223977580048392
1260223977580048391
1260223977517133824
1260223977680592896
1260223977588494343
1260223977634574336
1260223977709944835
1260223977642999808
1260223977684824064
1260223977688977409
1260223977814802432
1260223977802338306
1260223977827467268
1260223977907085312
1260223977924038657
1260223977882095622
1260223977726885889
1260223977961607168
1260223977990938625
1260223978079236098
1260223977936629760
1260223977903005697
1260223978041307138
1260223978066583555
1260223977701535746
1260223978146234369
1260223978171518976
1260223978095992835
1260223978058051586
1260223978246934528
1260223978120994817
1260223978171510787
1260223978137944064
1260223978242748416
1260223978037227521
1260223978280550402
1260223977701683205
1260223978246778887
1260223981451464711
1260223981514153984
1260223981447073793
1260223981556240385
1260223981535166466
1260223981602377729
1260223981392736259
1260223981656788995
1260223981652713472
1260223981681967105
1260223981463973889
1260223981329711104
1260223981388476416
1260223981753335809
1260223981681905671
1260223980423831553
1260223981757648896
1260223981757632513
1260223981682143232
1260223981757411330
1260223981807980544
1260223981962924032
1260223981929578500
1260223981967208449
1260223981988315136
1260223982118338561
1260223982109962244
1260223982181253120
1260223982118281219
1260223982005092352
1260223982101553152
1260223982000840704
1260223982235791360
1260223982088970242
1260223982222970881
1260223982277726210
1260223982256697344
1260223982147710977
1260223981736521731
1260223982139293698
1260223982218784768
1260223982315372550
1260223981090680834
1260223982449680384
1260223982441242624
1260223982382592000
1260223982458060801
1260223982512586761
1260223982311108608
1260223982080593921
1260223985691906051
1260223985125597184
1260223985494691842
1260223985809227779
1260223985725423617
1260223985419268096
1260223985717063682
1260223985838469125
1260223985662517248
1260223985813348353
1260223985872261122
1260223985863864321
1260223985859657730
1260223984982986754
1260223985905737729
1260223985859641345
1260223985960325122
1260223985909981186
1260223985977110532
1260223983762497537
1260223985868046336
1260223985977118721
1260223986157273089
1260223986040025090
1260223986048393219
1260223986186797056
1260223986211803136
1260223986031607808
1260223986123911170
1260223986174222336
1260223985528311809
1260223986287489025
1260223986316779521
1260223985540710402
1260223986249711622
1260223986350374912
1260223986358562818
1260223986232971266
1260223986333560833
1260223986388131840
1260223986371264512
1260223986417500160
1260223986341826562
1260223986438471680
1260223986597801995
1260223986492936193
1260223986530729991
1260223986690031618
1260223986518102016
1260223986593492993
1260223989848383489
1260223989848379393
1260223989781131264
1260223989676412928
1260223989852581890
1260223989797928961
1260223989789704192
1260223990003429376
1260223989990993920
1260223989600923648
1260223990066327552
1260223989907165184
1260223989936525312
1260223990045573122
1260223990070730752
1260223990053953538
1260223989873553408
1260223990146248707
1260223990141870085
1260223990116876289
1260223990238511104
1260223990041362435
1260223990079127552
1260223990150422532
1260223990007762945
1260223990238453760
1260223990116671488
1260223990259503117
1260223988854394881
1260223990393483264
1260223990351695872
1260223990418698242
1260223990230069248
1260223990481616897
1260223990062342145
1260223990485876738
1260223989378625536
1260223990292869123
1260223990603415552
1260223990624399360
1260223990565609474
1260223990724833280
1260223990687248390
1260223990175596545
1260223990645305346
1260223990720802818
1260223990792179714
1260223990758604800
1260223990653747200
1260223990867656705
1260223994025914368
1260223993950474240
1260223993920929795
1260223994030182400
1260223993895927811
1260223992872538112
1260223993967083520
1260223994088828928
1260223994193752065
1260223994172604422
1260223993895886851
1260223994159968257
1260223994302693376
1260223994248286210
1260223994323783680
1260223994348912640
1260223994411786241
1260223994336329728
1260223994487287808
1260223994516705281
1260224165035925505
1260224165090557952
1260224165119918082
1260224165182873600
1260224165166096384
1260224165254180866
1260224165165936640
1260224165128200192
1260224164989935616
1260224165275152386
1260224165350567938
1260224165296177152
1260224165384278017
1260224165396844544
1260224165455392771
1260224165308542977
1260224165522497537
1260224165426212865
1260224165463781376
1260224165371686918
1260224165421838336
1260224165451309059
1260224165119963136
1260224165564432385
1260224165497327617
1260224165468045313
1260224165669298176
1260224165648281601
1260224165652705282
1260224165434580999
1260224165681954816
1260224165761687558
1260224165736579073
1260224165728174081
1260224165744910342
1260224165887516673
1260224165828673539
1260224165593911297
1260224166025977859
1260224165673463808
1260224165975592960
1260224166084501504
1260224166004961282
1260224166055247874
1260224166059540481
1260224165954703361
1260224166021693441
1260224166084726785
1260224166034378753
1260224166147641344
1260224166168412163
1260224166185369601
1260224166227148801
1260224166143426560
1260224166155993089
1260224166277648386
1260224166059339778
1260224166390710273
1260224166315294720
1260224166340395009
1260224166503919619
1260224166478766088
1260224166508150785
1260224166533324800
1260224166537592832
1260224166487306241
1260224166470565888
1260224166554406912
1260224166483103751
1260224166466400256
1260224166495768579
1260224166499962882
1260224166604701696
1260224166697095168
1260224166575341570
1260224166701260803
1260224166747344896
1260224166646685696
1260224166705463302
1260224166722183168
1260224166856290304
1260224166768242689
1260224166772518912
1260224166902378498
1260224166919376896
1260224166621442051
1260224166977994753
1260224167045021696
1260224170241044480
1260224170249551872
1260224170173984770
1260224169989541889
1260224170236887041
1260224170362888192
1260224170341916673
1260224170333548544
1260224170392055809
1260224170216038400
1260224170316705793
1260224170463342592
1260224170467753984
1260224170446729217
1260224170400468992
1260224170559975425
1260224170463563776
1260224170593566720
1260224170530607105
1260224170585022464
1260224170618544129
1260224170476134400
1260224170400546817
1260224170379685889
1260224170681446401
1260224170689884160
1260224170664660993
1260224170723627008
1260224170635427840
1260224170643935234
1260224170761375746
1260224170757062657
1260224170081779714
1260224170849271809
1260224170853466117
1260224170790658054
1260224170702626819
1260224170811670528
1260224170744561665
1260224170849435650
1260224170912186369
1260224170740322305
1260224170740396039
1260224170841067524
1260224171004461057
1260224170966867971
1260224170962624512
1260224171042205697
1260224170903945225
1260224171079987200
1260224174397808648
1260224174288785411
1260224174385225728
1260224174326517767
1260224174485696512
1260224174485692417
1260224174511054848
1260224174477344774
1260224174498471936
1260224174490091522
1260224174645280768
1260224174439759879
1260224174095818761
1260224174611628033
1260224174573977600
1260224174619947010
1260224174540218369
1260224174645104640
1260224174666235904
1260224174733373441
1260224174569684994
1260224174699626496
1260224174858964993
1260224174917812226
1260224174934708224
1260224174888452097
1260224174821343238
1260224174255202309
1260224174896951296
1260224175001743361
1260224175035170817
1260224174888345600
1260224174859128833
1260224174892646400
1260224174817075200
1260224174942978048
1260224173395320834
1260224174943019011
1260224174955597825
1260224175098167296
1260224175119060998
1260224175236624387
1260224175131832321
1260224175131766788
1260224175211515905
1260224175287013378
1260224175353946114
1260224175333093377
1260223563279130624
1260223563115659264
1260223563015086080
1260223563442917381
1260223563216363525
1260223563308597252
1260223563426082818
1260223562729873410
1260223563488993280
1260223562645979136
1260223563296124930
1260223563589656577
1260223563371614209
1260223563421884417
1260223563577073664
1260223563497263107
1260223563463823360
1260223563593912320
1260223563623251975
1260223563715338240
1260223563241533440
1260223563870560256
1260223563774099456
1260223563795173377
1260223563799261184
1260223563627446272
1260223563837116422
1260223563753275392
1260223563941855233
1260223563841355780
1260223563879059457
1260223562364977153
1260223563832930304
1260223563883253768
1260223563782672388
1260223564088819712
1260223564088610822
1260223564046884865
1260223564076027904
1260223563975454721
1260223563925200898
1260223563644141570
1260223564042641408
1260223563803566080
1260223564105617409
1260223564080439299
1260223564126523393
1260223564080246784
1260223564151615489
1260223564214665216
1260223566194208768
1260223566215131136
1260223566039052288
1260223566328532992
1260223566240505857
1260223566336778240
1260223566148014080
1260223566240505858
1260223566148222976
1260223566424838145
1260223566328537088
1260223566299234304
1260223566483566593
1260223566399889410
1260223566349467648
1260223566492073985
1260223566517276673
1260223566538248192
1260223566458560513
1260223565514883072
1260223566550876162
1260223566496305153
1260223566622199809
1260223566525546496
1260223566580080640
1260223566588424192
1260223566638837761
1260223565997248512
1260223566433464329
1260223566701830145
1260223566752055296
1260223566575923202
1260223566714482694
1260223566752231427
1260223566722797568
1260223566584393730
1260223566810923015
1260223566806691842
1260223566899023872
1260223566802554880
1260223566651498496
1260223566953558016
1260223566823505920
1260223566924189700
1260223567008010248
1260223567129698310
1260223566903197702
1260223567087767553
1260223567196758016
1260223567263907850
1260223570413838338
1260223570359267331
1260223570271240193
1260223570426204161
1260223570296406016
1260223570363535360
1260223570447224833
1260223570480754690
1260223570598400000
1260223570569048070
1260223570539495424
1260223570497736705
1260223570451542018
1260223570652860417
1260223570548047872
1260223570724163584
1260223570547965952
1260223570095079429
1260223570661138439
1260223570656915458
1260223570892009474
1260223570753576962
1260223570891821056
1260223570946351105
1260223570652864512
1260223570979913728
1260223570992664577
1260223571000950787
1260223570912800768
1260223570766151687
1260223571017662465
1260223570950709248
1260223571068059648
1260223571026116608
1260223571038744577
1260223570988285953
1260223571051380742
1260223571097460736
1260223571160444930
1260223571030347776
1260223571097518081
1260223571105705984
1260223571055595521
1260223571311222786
1260223571223146501
1260223571378401282
1260223571080753152
1260223571348996098
1260223571244257280
1260223571189735424
1260223574654119936
1260223574662680577
1260223574700367873
1260223574616477696
1260223574591168514
1260223574624870403
1260223574729568257
1260223574641647623
1260223574843043840
1260223574817865728
1260223574767517699
1260223574817804288
1260223574952083456
1260223574826246144
1260223574880563206
1260223575060963329
1260223575048544258
1260223575082127366
1260223574981263360
1260223575048572928
1260223575170187264
1260223575157604352
1260223575082045440
1260223575178395649
1260223575082110977
1260223575111405568
1260223575048572933
1260223574507286528
1260223575178575873
1260223575291826176
1260223575211950081
1260223575279067136
1260223575283376128
1260223574389821440
1260223575333711872
1260223575216267264
1260223575233040384
1260223575488958464
1260223575291604992
1260223575581229056
1260223575488937985
1260223575199485952
1260223575480549376
1260223575576858624
1260223575526703106
1260223575618920449
1260223575660756992
1260223575639769089
1260223575644045312
1260223574964678658
1260223578810642432
1260223578739544065
1260223578806595585
1260223578617843716
1260223578915532800
1260223578835836930
1260223578873622528
1260223578886361094
1260223578735140867
1260223578970218501
1260223578882146305
1260223578961612801
1260223578957586432
1260223579095998464
1260223579012112385
1260223579108421637
1260223579158970368
1260223579121016834
1260223579100250113
1260223578190032897
1260223579284783106
1260223579226083331
1260223579238600705
1260223579280547842
1260223579288776707
1260223579158908928
1260223579330719744
1260223579293089792
1260223579347542018
1260223579402141697
1260223579330711555
1260223579268034562
1260223579389599746
1260223579469291521
1260223579506933761
1260223579309760513
1260223579318353920
1260223579385454598
1260223579372711937
1260223579427426305
1260223579553034241
1260223579481726977
1260223579502727168
1260223579448389632
1260223579632758796
1260223579553226755
1260223579624480779
1260223579645411329
1260223579351908352
1260223579783925761
1260223583009345538
1260223582996701184
1260223582925393921
1260223582807957507
1260223583042842626
1260223582870913029
1260224707636465665
1260224707787399168
1260224707804254209
1260224707867049984
1260224707216932865
1260224707833593859
1260224707846115330
1260224707221225474
1260224707770626054
1260224707871244288
1260224707934269441
1260224707573547009
1260224707963564032
1260224708001378305
1260224707758116864
1260224707921620992
1260224707950972929
1260224708026552322
1260224707854397440
1260224707980378112
1260224707900641281
1260224707955228674
1260224708160651264
1260224708185858050
1260224708190011393
1260224708236075010
1260224708101853187
1260224708177547264
1260224708425003008
1260224708278202369
1260224708315930624
1260224708382990337
1260224708500508674
1260224708588507137
1260224708340940801
1260224708605292546
1260224708571811842
1260224708626100224
1260224708626317313
1260224701655330816
1260224708655624199
1260224708621897728
1260224708659884032
1260224708655513606
1260224708798287875
1260224708739399683
1260224708802424832
1260224708617871362
1260224708798287874
1260224708852604928
1260224711251943425
1260224711239368705
1260224711079931904
1260224711272751104
1260224711285497865
1260224711319052293
1260224711163695105
1260224711449075714
1260224711482540032
1260224711499317248
1260224711482576901
1260224711344246784
1260224711474032641
1260224711482585089
1260224710429859840
1260224711394504704
1260224711482474497
1260224711428116487
1260224711172206593
1260224711595868163
1260224711553773568
1260224711302221825
1260224711407124482
1260224711721705474
1260224711671328768
1260224711667052545
1260224711646236672
1260224711721734146
1260224711407124480
1260224711788814337
1260224711918788609
1260224711885111298
1260224711977402368
1260224711969116161
1260224711969189889
1260224711990169602
1260224712124313602
1260224712128462848
1260224712052858880
1260224711969079296
1260224711822323712
1260224712212451328
1260224712245837825
1260224712128380929
1260224712237441024
1260224712266768385
1260224712342413312
1260224712225013761
1260224712438763522
1260224712396996608
1260224715441897473
1260224715483947010
1260224715572105217
1260224715458850816
1260224715517505536
1260224715634823168
1260224715563687938
1260224715517460480
1260224715156795392
1260224715559501824
1260224715572031497
1260224715727278080
1260224715664302080
1260224715815149575
1260224715622436864
1260224715739758592
1260224715412643843
1260224715731369984
1260224715806904321
1260224700808073216
1260224701852463105
1260224715857317888
1260224715798577152
1260224715991289856
1260224706390757377
1260224708156575747
1260224715941085184
1260224716016500738
1260224716037656576
1260224715836157952
1260224713697230849
1260224716008304645
1260224715962056706
1260224716087767045
1260224716213796865
1260224716251500544
1260224716301725703
1260224716175966208
1260224716121481219
1260224716335247369
1260224716197048327
1260224713248387072
1260224716142448642
1260224716310077442
1260224716289294336
1260224716423512064
1260224716348051456
1260224716389965825
1260224716410847240
1260224716503212032
1260224719246278656
1260224719627759617
1260224719577591809
1260224719736971264
1260224714414448640
1260224715152674816
1260224719007240196
1260224719338553345
1260224719468535818
1260224719888007170
1260224719875440641
1260224719992705024
1260224720017870848
1260224719825100804
1260224720017948672
1260224720068202496
1260224719862849544
1260224719929909250
1260224720189878273
1260224719758020611
1260224720080961537
1260224719980093440
1260224720080863232
1260224709943230470
1260224720059994112
1260224720068317184
1260224714150219776
1260224720194154496
1260224720097640449
1260224718327689216
1260224720106127360
1260224720202596356
1260224720118484992
1260224720273842178
1260224720361926656
1260224720420642817
1260224720449843201
1260224720273838081
1260224720210821120
1260224720349417474
1260224720340910080
1260224720391278592
1260224720479203328
1260224720537968640
1260224720491798528
1260224720525357056
1260224720462626816
1260224720550744065
1260224720655593473
1260224720592670722
1260224720580030465
1260224723851583489
1260224723734220801
1260224723604197376
1260224723754999813
1260224723784351747
1260224723922956289
1260224723931197441
1260224723834687488
1260224723620855809
1260224723948130306
1260224723889401859
1260224723834867712
1260224723985862661
1260224724040327171
1260224724065570816
1260224723931324422
1260224724145016834
1260224724132478977
1260224724124217344
1260224724195373059
1260224724199596039
1260224724208160769
1260224724153573377
1260224724262682625
1260224724052967424
1260224724342358019
1260224724237516801
1260224724350595073
1260224724312952833
1260224724451409925
1260224723759202311
1260224724459827200
1260224724250099713
1260224724329803777
1260224724510138368
1260224724560416770
1260224724526825475
1260224724577120256
1260224724639993863
1260224724476612608
1260224724610711554
1260224724384317451
1260224724455641088
1260224724652654592
1260224724463951872
1260224724606619648
1260224724606619655
1260224724686090241
1260224724623376385
1260224724807778304
1260224728104460291
1260224727974653954
1260224727760556032
1260224728100245505
1260224727999746048
1260224727920119809
1260224728003948545
1260224728012390401
1260224727722807296
1260224728083685376
1260224728083693568
1260224728285032453
1260224728146591746
1260224728150749184
1260224728247095301
1260224728280662017
1260224728150786049
1260224728217853953
1260224728268242944
1260224728205320193
1260224728406450178
1260224728385466370
1260224728398270471
1260224728477958145
1260224728435843073
1260224728590999552
1260224728696061953
1260224728607780867
1260224728658141184
1260224728754565120
1260224728733585409
1260224728700256256
1260224728767311875
1260224728670715904
1260224728763035649
1260224728750592007
1260224728708636672
1260224728754606080
1260224728251465730
1260224728821882881
1260224728796708867
1260224728675102725
1260224699533086725
1260224703022739458
1260224703928696834
1260224709951537152
1260224728943390721
1260224715299278854
1260224728796737536
1260224729098489856
1260224732257026055
1260224732160577536
1260224732118626304
1260224732315738112
1260224732139577349
1260224732324126720
1260224732353441792
1260224732202295300
1260224732361678849
1260224732378525706
1260224732391264257
1260224732315750403
1260224732164583425
1260224732328341506
1260224732525408258
1260224732122746881
1260224732516872193
1260224732496048129
1260224732546375682
1260224732521250816
1260224732537987073
1260224732596584450
1260224732613480449
1260224732613480448
1260224732609351681
1260224732529455104
1260224732533833728
1260224732613533697
1260224732613488642
1260224732693254145
1260224732458336256
1260224732865024000
1260224732735078402
1260224732688859141
1260224732957376514
1260224732873388033
1260224732810620928
1260224732823257088
1260224732936495106
1260224732881960960
1260224732764549121
1260224732408033281
1260224733045538816
1260224732948914176
1260224732949098499
1260224733070663685
1260224733167022081
1260224733204762624
1260224733263671299
1260224733175582721
1260224736396750848
1260224736476479489
1260224736497414144
1260224736539410432
1260224736564568065
1260224736484904961
1260224736518422528
1260224736606502912
1260224736644268032
1260224736564404225
1260224736669298694
1260224736241557504
1260224736576933888
1260224736774295553
1260224736824569856
1260224736698732544
1260224736816029696
1260224736728055808
1260224736744730625
1260225007264940034
1260225007222849537
1260225007269171202
1260225007394807810
1260225007264903168
1260225007419940865
1260225007374008325
1260225007310888960
1260225007449452545
1260225007529099265
1260225007394971648
1260225007478812674
1260225007575199744
1260225007600500736
1260225007655026688
1260225007638077440
1260225007646642178
1260225007755554818
1260225007537487879
1260225007726329856
1260225007713583105
1260225007801827329
1260225007755632642
1260225007243923456
1260225007931789312
1260225007914975232
1260225007965179905
1260225007948632064
1260225007839514630
1260225007998902273
1260225008015679490
1260225007801819136
1260225007621414912
1260225008065970179
1260225008124563457
1260225008036708354
1260225007965343745
1260225008099627010
1260225008036700162
1260225007105396736
1260225007952814080
1260225008120541184
1260225008141565957
1260225008024072194
1260225008196038656
1260225008183521281
1260225008099614729
1260225007919206402
1260225008183410688
1260225008187703298
1260225008300892160
1260225009110282243
1260225009131204609
1260225009173377024
1260225009127239683
1260225009135435776
1260225009227874305
1260225009068306432
1260225009152294917
1260225009378828293
1260225009328418823
1260225009274048513
1260225009370398720
1260225009391292416
1260225009374593024
1260225009387175936
1260225009433432064
1260225009555038208
1260225009580195840
1260225009584390147
1260225009609592833
1260225009655709697
1260225009542483970
1260225009680740352
1260225009651535877
1260225009600978947
1260225009718456320
1260225009638916096
1260225009613565960
1260225009710018561
1260225009693462528
1260225009815031808
1260225009672433665
1260225009814921216
1260225009878020100
1260225008858734593
1260225009844465666
1260225009961689099
1260225009907232769
1260225009169108992
1260225009865224192
1260225009890594816
1260225009953300481
1260225009999646720
1260225010091909121
1260225010049994757
1260225010033209344
1260225009982849029
1260225009693253638
1260225010091909120
1260225010179862528
1260225013291954176
1260225013283786753
1260225013233434624
1260225013380263936
1260225013405364227
1260225013405245440
1260225013476540417
1260225013438767104
1260225013455761413
1260225013535342592
1260225013535440897
1260225013543833601
1260225013665402880
1260225013850013700
1260225013799673856
1260225013808062465
1260225013308895232
1260225013850013699
1260225013736669191
1260225013958848518
1260225013887746055
1260225013959069697
1260225013933912064
1260225013891969024
1260225014122655744
1260225014005104645
1260225014063906816
1260225014059630595
1260225014017728512
1260225014034575362
1260225014118391819
1260225013959008259
1260225014130868230
1260225014059667456
1260225014177107969
1260225014152003585
1260225013950615553
1260225014277836802
1260225014214930435
1260225014399406080
1260225014357524483
1260225014302826496
1260225014332260353
1260225014009401344
1260225014407839748
1260225014428770304
1260225014311325702
1260225014315573249
1260225014378479616
1260225014416244736
1260225017494663171
1260225017536753666
1260225017574420480
1260225017520033792
1260225017582948352
1260225017532596224
1260225017578733571
1260225017494855680
1260225017696129027
1260225016882278400
1260225017687793664
1260225017033392128
1260225017629081605
1260225017658236929
1260225017767477249
1260225017687629825
1260225017771687937
1260225017775886344
1260226403913527296
1260226403947118594
1260226403942969345
1260226403938770946
1260226403968188417
1260226403989172226
1260226403984969728
1260226404030922752
1260226404001746944
1260226404144132096
1260226404148555776
1260226404123381760
1260226404035092481
1260226404253392899
1260226404194627584
1260226403943034880
1260226404152639489
1260226404215644162
1260226403968090112
1260226404278431749
1260226404370845700
1260226404366548993
1260226404370673672
1260226404400021505
1260226404391641089
1260226404458942464
1260226404375027713
1260226403636822017
1260226404496654340
1260226404433575936
1260226404546777088
1260226404567797761
1260226404597325824
1260226404601466883
1260226404584763392
1260226404630872065
1260226404513431552
1260226404677025793
1260226404609855489
1260226404723154945
1260226404735746053
1260226404794478592
1260226404798664709
1260226404832215046
1260226404773515264
1260226404840550400
1260226404953751552
1260226404999987207
1260226404857384960
1260226404840595456
1260226405779963905
1260226405671022593
1260226405754736640
1260226405482274825
1260226405809508353
1260226405767565312
1260226405897588738
1260226405721399296
1260226405918441472
1260226405897469953
1260226405830479874
1260226405708845056
1260226405960302593
1260226405922676736
1260226405943648256
1260226406077906949
1260226406086324224
1260226406010634241
1260226406006640642
1260226406140633088
1260226405935329281
1260226406124044288
1260226406115684360
1260226406166007813
1260226405964668934
1260226406027538435
1260226405876424704
1260226406245715969
1260226406140850181
1260226406212161539
1260226406211973121
1260226406186774538
1260226406228754433
1260226406153404418
1260226406174339074
1260226406304415744
1260226406300086272
1260226406283309061
1260226406325288960
1260226406300221444
1260226406279114753
1260226406371467269
1260226406447022080
1260226406451216384
1260226406417461248
1260226406245597188
1260226406526652417
1260226406585425921
1260226406451036160
1260226406598029318
1260226409303355394
1260226410003623942
1260226410020589570
1260226409957429249
1260226409898835968
1260226409680814083
1260226409823260677
1260226410058330112
1260226409961869314
1260226409953288192
1260226410083430405
1260226410154725383
1260226410049929218
1260226410200825859
1260226410293182467
1260226410125209600
1260226410192330752
1260226410343469056
1260226410242768896
1260226410372722688
1260226410347671553
1260226410377068544
1260226410314108928
1260226410272247810
1260226410548887552
1260226410448371712
1260226410465165323
1260226410142208000
1260226410385412099
1260226410460790784
1260226410653908992
1260226410607591424
1260226410427318273
1260226410574155776
1260226410481942529
1260226410666430465
1260226410733420552
1260226410687447040
1260226410704240642
1260226410679017472
1260226410745966592
1260226410678870022
1260226410804846594
1260226410767020034
1260226410855227399
1260226410838441984
1260226410775343104
1260226410939121680
1260226410813284354
1260226410641121282
1260226410745978880
1260226412117495809
1260226414197923840
1260226414147702784
1260226414164488194
1260226414219059201
1260226414328123394
1260226414344880129
1260226414344720387
1260226130172313601
1260226130222682112
1260226130147229697
1260226130109501441
1260226130218541056
1260226129430020097
1260226130319204366
1260226130251968513
1260226130277208064
1260226130474340352
1260226130453372930
1260226130533068802
1260226130419671040
1260226130466017280
1260226130516291584
1260226130377945088
1260226130583437320
1260226130545704960
1260226130491191297
1260226130759438337
1260226130688135168
1260226130667286531
1260226130587639808
1260226130675728384
1260226130805743617
1260226130805579776
1260226130805653504
1260226130633789440
1260226130767941634
1260226130835013632
1260226130898038784
1260226130675666944
1260226130956570624
1260226130939797509
1260226130918940675
1260226131011067905
1260226130998681601
1260226130872864770
1260226130969124865
1260226131078393856
1260226130814005250
1260226131053219840
1260226131011284995
1260226131015487490
1260226131199918080
1260226131111874560
1260226131292110848
1260226131292282882
1260226131371995136
1260226131287998466
1260226133196443649
1260226133079048195
1260226133259194370
1260226133200646144
1260226133292965888
1260226133124997124
1260226133322117125
1260226133372649472
1260226133322334208
1260226133452300288
1260226133494120453
1260226133485924353
1260226133586440193
1260226132231827460
1260226133624270848
1260226133477527554
1260226133645242369
1260226133561356289
1260226133699768322
1260226133720629249
1260226133661847552
1260226133670400002
1260226133632651265
1260226133573992453
1260226133762756608
1260226133762756609
1260226133758373890
1260226133754183680
1260226133796126722
1260226133326520327
1260226133817266177
1260226133875986432
1260226133716619264
1260226133934686215
1260226133901168640
1260226133393584128
1260226134022787077
1260226133871771649
1260226133817200641
1260226133842427912
1260226134102413312
1260226133997600768
1260226134081515527
1260226134052089857
1260226134060531715
1260226134266044416
1260226134278656007
1260226134073057280
1260226134274445312
1260226134253473792
1260226137424158722
1260226137441132547
1260226137466318849
1260226137453744134
1260226137344573441
1260226137512280065
1260226137374035971
1260226137604661249
1260226137441079296
1260226137583546368
1260226137583747072
1260226137617203200
1260226137583575041
1260226137604722688
1260226137780707328
1260226137608732679
1260226137671847937
1260226137751465998
1260226137646665728
1260226137902456839
1260226137856319495
1260226137336274950
1260226137898184705
1260226138120445952
1260226137826955265
1260226137818619905
1260226137990541312
1260226138057641986
1260226138095452162
1260226137977839618
1260226134953922566
1260226137982210048
1260226138095472648
1260226138204446721
1260226138204405761
1260226138271612928
1260226138187710466
1260226138275811328
1260226138217091074
1260226138321956864
1260226138309382144
1260226138472882177
1260226138535837698
1260226138112241664
1260226138380607494
1260226138346930177
1260226138468765696
1260226138426822658
1260226138359631873
1260226138267357184
1260226141975015425
1260226142994419714
1260226141417283585
1260226144286228482
1260226143547879424
1260226141660614665
1260226142591569921
1260226143552233473
1260226143761776640
1260226143300530176
1260226141421473792
1260226144613343232
1260226141329264641
1260226142474289152
1260226143208308737
1260226142742745089
1260226143396990976
1260226142612619265
1260226143732461568
1260226144592367616
1260226143342526465
1260226142574907394
1260226142793093122
1260226142721761280
1260226144630005760
1260226142742564870
1260226144466546690
1260226140817539073
1260226141203369985
1260226140700053507
1260226142230974465
1260226141085773829
1260226144521146370
1260226141371187203
1260226141962584066
1260226143522824193
1260226141044031490
1260226141543034880
1260226144734937088
1260226144294535169
1260226144504340480
1260226144114143232
1260226143317299201
1260226142218457089
1260226142541414401
1260226142692245504
1260226142990032899
1260226142692274177
1260226141706739713
1260226144139276289
1260226145691320320
1260226145741570048
1260226145707950080
1260226145863286784
1260226145808789505
1260226145686941696
1260226145875685377
1260226145850740736
1260226145955598337
1260226145888370689
1260226145926238208
1260226145859055616
1260226145888407552
1260226145934544896
1260226146047791105
1260226146005909507
1260227480754896896
1260227480817938432
1260227480750657536
1260227480616607750
1260227480742268930
1260227480708841472
1260227480763412485
1260227480834772995
1260227480901701632
1260227480838864896
1260227480889196544
1260227480847364098
1260227480767672320
1260227480717230085
1260227481078050820
1260227480872538115
1260227481144983552
1260227480910249984
1260227481123971072
1260227481111605250
1260227481233219585
1260227481195417601
1260227481325486080
1260227481203662849
1260227481329696769
1260227481241399296
1260227481270923264
1260227481270980608
1260227481275035650
1260227481388359681
1260227481266683914
1260227481472307200
1260227481233170433
1260227480662740992
1260227480591294464
1260227481493213190
1260227481363087360
1260227481656717319
1260227481702973440
1260227481451315202
1260227481589645315
1260227481564397568
1260227481690189830
1260227481765679106
1260227481765740546
1260227481791062017
1260227481828651009
1260227481774305282
1260227481769873409
1260227481879134211
1260227483699273730
1260227483598639111
1260227483749801985
1260227483271663616
1260227465508605952
1260227465793859584
1260227465970094082
1260227467857494017
1260227467802849290
1260227483665866753
1260227483682529281
1260227483712008193
1260227481258377216
1260227481170305025
1260227483007201280
1260227483816931329
1260227483648942080
1260227483644899330
1260227483837894656
1260227484018028549
1260227483808530432
1260227483963658240
1260227484018229248
1260227484064284672
1260227484039118849
1260227484114546690
1260227484034961409
1260227484106309633
1260227484144021504
1260227484102115330
1260227484106268675
1260227484043431938
1260227484198592514
1260227484131393539
1260227484164984833
1260227484123045901
1260227484257267713
1260227484269846530
1260227484236292096
1260227466460831744
1260227471628283905
1260227484378791936
1260227483879661571
1260227484328628224
1260227484328636417
1260227484429107202
1260227483846107136
1260227484391477248
1260227484315987969
1260227484370341889
1260227479790399495
1260227487860228099
1260227482013204485
1260227473037561857
1260227473611997184
1260227474597634048
1260227487847546880
1260227487671488512
1260227480624828417
1260227482491461634
1260227484362162176
1260227487868555270
1260227487826575365
1260227487788826625
1260227487902113792
1260227487751159808
1260227487851782151
1260227487847591937
1260227487851851776
1260227487994458117
1260227487923154948
1260227470135103490
1260227473557450753
1260227488082518020
1260227476690739202
1260227488065687552
1260227481258414082
1260227481904336897
1260227484383170560
1260227485045669894
1260227485091971072
1260227486304145408
1260227487935664129
1260227487079952384
1260227488065740800
1260227487977611270
1260227488061575170
1260227488141074432
1260227488141246464
1260227488149573635
1260227487289667584
1260227488057360387
1260227488120049665
1260227488069943297
1260227488241909761
1260227488195719169
1260227488128602112
1260227488292184064
1260227488187326469
1260227488019554304
1260227488388653057
1260227488107593729
1260227492133998594
1260227490628460544
1260227491995795457
1260227492016578561
1260227492213907456
1260227492196921344
1260227492318711808
1260227492276830209
1260227492184387587
1260227492188569601
1260227491970666496
1260227492180344832
1260227492243214336
1260227492289187843
1260227492008222720
1260227492293545984
1260227492289433601
1260227492163526664
1260227492549287936
1260227492402601984
1260227492339765248
1260227492457189378
1260227491689451520
1260227492499128320
1260227492477976576
1260227492570263553
1260227492457197568
1260227492608122880
1260227492109000704
1260227492511731712
1260227492771762176
1260227492834455553
1260227492855664640
1260227492901765120
1260227492830298112
1260227492444438530
1260227492847194112
1260227492750807040
1260227492901576704
1260227492843053057
1260227492947820545
1260227492905803776
1260227492998193152
1260227492985659392
1260227493006577665
1260227492880605184
1260227492792721409
1260227492993957893
1260227492876636162
1260227493031743491
1260227496278016008
1260227496143917058
1260227496156581889
1260227496013946884
1260227496383066121
1260227496462757888
1260227496512897030
1260227496362094592
1260227496491880449
1260227496437592071
1260227496487813123
1260227496492052481
1260227496437362688
1260227496366260225
1260227496508825600
1260227496601059330
1260227496517054466
1260227496584364039
1260227496211079169
1260227495992987648
1260227496504590336
1260227496416612358
1260227496504700929
1260227496550846465
1260227496659709952
1260227496659673088
1260227496659742721
1260227496651317249
1260227496731185154
1260227496643047426
1260227496622141441
1260227496764571648
1260227495363661831
1260227496869494784
1260227496789893122
1260227496857010178
1260227496886198272
1260227496966082560
1260227496991055878
1260227496999440384
1260227496798273536
1260227496911519746
1260227497024606208
1260227497049952257
1260227497112866816
1260227497234280449
1260227497104474114
1260227497259675649
1260227497272078336
1260227497318330369
1260227500468207617
1260227500417806338
1260227500510191623
1260227500493410309
1260227500464054272
1260227500556378114
1260227500707393539
1260227500673839105
1260227500795281411
1260227500740878337
1260227500845568001
1260227500715597824
1260227500724060161
1260227500778688519
1260227500929691649
1260227500216586241
1260227500904341505
1260227500753350663
1260227500724170755
1260227500673810432
1260227500807819271
1260227500564713472
1260227501009170432
1260227501005160455
1260227500900257794
1260227500992413702
1260227500799668226
1260227500904497153
1260227501114056705
1260227501160267776
1260227501097287680
1260227501286141955
1260227501193822208
1260227501298720770
1260227501013508097
1260227501294448640
1260227501432979456
1260227501051133953
1260227500665384960
1260227501399236610
1260227501365661696
1260227501319753730
1260227501344739328
1260227501357441026
1260227501353316357
1260227501294604288
1260227501101584388
1260227501453869056
1260227501458026496
1260227501550379016
1260227504641503233
1260227504549376000
1260227484341227521
1260227484361998341
1260227495640682497
1260227504729702412
1260227504352067586
1260227499151237120
1260227500002680833
1260227503970496520
1260227504700297217
1260227504721149952
1260227504603873281
1260227504767262722
1260227504788422657
1260227504759099392
1260227504708571136
1260227504784265219
1260227504754720769
1260227504729718784
1260227504733777920
1260227504805036032
1260227504813547521
1260227504805236738
1260227504901623814
1260227504775847937
1260227504889122821
1260227504943570945
1260227504985407489
1260227504821940225
1260227504918482944
1260227505044115463
1260227504935067648
1260227505048498176
1260227505086238721
1260227505111392257
1260227504981323778
1260227505216258048
1260227505136586754
1260227505191092224
1260227505178521600
1260227505270726659
1260227505342107649
1260227505333641216
1260227505207664646
1260227505216204802
1260227505396408320
1260227505409024002
1260227505400754184
1260227505396551680
1260227508873691136
1260227508370317314
1260227508860932096
1260227508898799616
1260227508156264449
1260227508953214977
1260227508084936704
1260227508953321473
1260227508961763328
1260227508944818176
1260227509100126209
1260227509058187264
1260227509183901697
1260227509112766464
1260227509263699968
1260227509309919232
1260227509267959808
1260227509330698243
1260227508793982977
1260227509271949312
1260227509347586051
1260227509276336129
1260227509276286977
1260227509351854083
1260227509355974657
1260227508873490439
1260227509536333829
1260227509460885505
1260227509314113536
1260227509469265922
1260227509486043139
1260227509603491846
1260227509561561094
1260227509653852161
1260227509616087040
1260227509741924352
1260227509637038084
1260227509838319616
1260227509662203904
1260227509796380672
1260227509876031491
1260227509808967682
1260227509959999491
1260227509905481728
1260227509792108546
1260227509788053505
1260227509939027968
1260227509930676226
1260227509905473537
1260227510052118531
1260227513055277056
1260227513013473283
1260227512983941121
1260227513114116096
1260227513164464134
1260227513105645574
1260227513143504896
1260227513105563649
1260227513202204673
1260227513034276864
1260227513197957120
1260227513269342208
1260227512933715970
1260227513336373248
1260227513420091393
1260227513382363138
1260227513361461248
1260227513143484422
1260227513436921856
1260227513189621760
1260227513453862918
1260227513357414402
1260227512791072772
1260227513445502976
1260227513479020545
1260227513571213312
1260227513558511616
1260227513613201413
1260227513596469248
1260227513613029381
1260227513529352200
1260227513566916615
1260227513567121413
1260227513520922624
1260227513738919936
1260227513600573440
1260227513638367233
1260227513688694788
1260227513764270081
1260227513625739264
1260227513906798592
1260227513885822978
1260227513785212929
1260227513898487809
1260227513835565057
1260227513751531520
1260227513827168259
1260227513919422465
1260227514003329027
1260227513977982977
1260227517279088640
1260227517333430272
1260227517274873857
1260227517388070917
1260227517341974528
1260227517278875648
1260227517300039681
1260227517090353155
1260227517295837184
1260227517421547520
1260227517492969472
1260227517492924416
1260227516737912833
1260227517434167299
1260227517446868993
1260227516637294592
1260227517610369024
1260227517593595904
1260227517459230721
1260227517467803650
1260227517488730112
1260227517794877441
1260227517799071745
1260227517782212609
1260227517715079168
1260227517736050688
1260227517782392835
1260227517920808964
1260227517941571585
1260227517870374912
1260227517929177096
1260227517945974787
1260227517883002886
1260227517958492161
1260227517639688193
1260227517853638656
1260227517866278913
1260227518122115072
1260227517706731521
1260227518138929156
1260227518055022592
1260227518306480128
1260227518143049729
1260227518251937797
1260227518340059138
1260227518231183362
1260227518243778560
1260227518482841600
1260227518315008005
1260227518541574144
1260227521594880000
1260227521515270150
1260227521469198342
1260227521594998785
1260227521649524736
1260227521569841152
1260227521674645504
1260227520928141317
1260227521817214977
1260227521779363842
1260227521792049153
1260227521771008008
1260227521792131075
1260227521825648640
1260227521758412800
1260227521792094208
1260227521775390721
1260227521964056578
1260227521909530625
1260227521867583494
1260227521871663105
1260227521942925312
1260227522085687308
1260227522043707392
1260227522047946754
1260227522123399168
1260227522093912065
1260227522148675584
1260227522077155329
1260227521531932672
1260227522077184001
1260227522068971533
1260227522370965504
1260227522375020544
1260227522299641856
1260227522492420097
1260227522526150656
1260227522463240192
1260227522408652808
1260227522194747392
1260227522156994560
1260227522438053890
1260227522475839490
1260227522656157697
1260227522568105985
1260227522681339904
1260227522656120839
1260227522651918336
1260227522643591170
1260227522785992704
1260227525646540800
1260227525579595777
1260227525596372993
1260227525483155460
1260227525680250880
1260227525776756738
1260227525747388418
1260227525604790275
1260227525663391744
1260227525864718337
1260227525827010560
1260227525810237441
1260227525902340097
1260227525835476993
1260227525994844160
1260227525961224192
1260227525982261251
1260227526095495168
1260227526015795209
1260227526120615936
1260227526007369728
1260227526015811584
1260227526149971973
1260227526212886531
1260227526212947968
1260227526246445056
1260227526233899011
1260227526284111873
1260227526376357890
1260227526292647937
1260227526263267329
1260227526120570880
1260227526363942913
1260227526372331521
1260227526342832129
1260227526498160642
1260227526527291399
1260227526028337152
1260227526493954048
1260227526405820416
1260227526560854016
1260227526649135105
1260227526468800513
1260227526678413319
1260227526661738498
1260227526674329600
1260227526665932802
1260227526749757442
1260227526716162049
1260227526711902212
1260227529836822528
1260227529962483712
1260227529970941953
1260227529979211778
1260227529966837760
1260227529983561728
1260227530025558017
1260227530029764616
1260227530096705537
1260227529992011777
1260227530159648768
1260227529954246657
1260227530134560769
1260227530046537730
1260227530155581440
1260227530092675073
1260227530121936901
1260227530222682112
1260227530197471232
1260227530252058624
1260227530184749059
1260227530365169665
1260227529614536707
1260227530403057664
1260227530495152128
1260227530256265218
1260227530449203200
1260227530432245765
1260227530545651712
1260227530440577025
1260227530537218049
1260227530637926407
1260227530646265857
1260227530411343873
1260227530532851714
1260227530650464257
1260227530579197957
1260227530637877251
1260227530696491009
1260227530449190912
1260227530591809538
1260227530575024128
1260227530671472640
1260227530503655425
1260227530637918209
1260227530709229568
1260227530713415680
1260227530792960000
1260227530780364801
1260228542631043072
1260228542698307584
1260228542530347008
1260228542702510082
1260228542752849920
1260228542710771712
1260228542685560832
1260228542819823616
1260228542845136897
1260228542815764484
1260228542706614273
1260228542702538753
1260228542773604353
1260228542929031174
1260228542861914112
1260228542954123265
1260228543012732930
1260228542987632640
1260228542442463232
1260228543059034112
1260228542954041344
1260228542807322625
1260228543029657605
1260228543172063234
1260228542916419584
1260228543017033732
1260228543205777408
1260228543046283265
1260228543163875328
1260228543163686912
1260228543285465088
1260228543197274118
1260228543071600640
1260228543126126593
1260228543256104965
1260228543318876162
1260228543293935618
1260228543373508609
1260228543407173640
1260228543323222021
1260228543319080960
1260228543319072768
1260228543457497095
1260228543579119616
1260228543503572992
1260228543528734726
1260228543532974080
1260228543038074892
1260228543604240384
1260228543553798146
1260228544849866755
1260228544740888576
1260228544497692673
1260228544677982211
1260228544791273473
1260228544736555008
1260228544745164801
1260228544807997448
1260228544891772929
1260228544761868288
1260228544938074112
1260228544795377664
1260228543335694336
1260228544967454723
1260228545097486341
1260228545231515649
1260228545017712640
1260228545240076290
1260228545177157639
1260228545302999042
1260228545135206402
1260228545261035523
1260228545198120960
1260228545386893312
1260228545395163136
1260228545407848449
1260228545416171521
1260228544824840193
1260228545453973506
1260228545386655744
1260228545391071232
1260228545458077700
1260228545533677569
1260228545604919296
1260228545315512320
1260228545655246849
1260228545474891781
1260228545395200010
1260228545629978624
1260228545621581825
1260228545617543171
1260228545760149511
1260228545680375808
1260228545764306944
1260228545705578497
1260228545999241219
1260228545986486272
1260228546003382273
1260228545940520960
1260228545923538945
1260228549019160581
1260228548851310594
1260228548993921025
1260228548998111232
1260228549090242562
1260228548985569283
1260228548910108672
1260228549195321344
1260228549031665664
1260228549220470784
1260228549170118657
1260228548977098754
1260228549170126849
1260228549052706817
1260228549119627265
1260228549350510592
1260228549220413440
1260228549291773954
1260228549417582592
1260228549291716611
1260228549245636611
1260228549312643072
1260228549325119488
1260228549514051584
1260228549224460288
1260228549451157506
1260228549224603650
1260228549543428097
1260228549564342274
1260228549522477060
1260228549442588678
1260228549514067968
1260228549727805440
1260228549899943937
1260228549673390084
1260228549631451140
1260228549803479041
1260228549861978112
1260228549883068417
1260228549786636288
1260228549887262726
1260228549958438915
1260228549904142336
1260228549471920128
1260228549966999565
1260228550067728393
1260228550122180609
1260228550004637697
1260228550164197377
1260228550143115265
1260228553246900226
1260228553184088065
1260228553280544770
1260228553276301312
1260228553347563524
1260228553301544962
1260228553314107393
1260228553364443143
1260228553322479616
1260228553259565056
1260228553439883266
1260228553477705732
1260228553443913728
1260228553473490945
1260228553418866690
1260228553448316928
1260228553347604482
1260228553561473025
1260228553481818112
1260228553708392448
1260228553741873153
1260228553016332290
1260228553779679232
1260228553863499776
1260228553829842951
1260228553897119748
1260228553737678849
1260228553821392899
1260228553804861440
1260228553767034881
1260228553917861888
1260228553997791234
1260228553972604929
1260228553850920961
1260228553892757505
1260228553909702656
1260228553980903425
1260228554022891520
1260228553960022017
1260228554052087813
1260228554048053248
1260228554056400896
1260228554144591874
1260228554144522241
1260228554245226501
1260228554198900736
1260228554123550721
1260228554232659968
1260228554253643776
1260228554261852160
1260228555117670407
1260228557449695233
1260228557470461952
1260228556887674882
1260228557474803714
1260228557277499392
1260228557571309569
1260228557424545793
1260228557445320704
1260228557357211648
1260228557680279552
1260228557474652160
1260228557709684736
1260228557655216129
1260228557663621126
1260228557525127168
1260228557785235462
1260228557843898368
1260228557738872839
1260228557856333824
1260228557835571200
1260228557801840641
1260228557890093057
1260228557982367744
1260228557944619011
1260228557806153729
1260228557969784832
1260228558066053120
1260228557961338882
1260228557868957697
1260228558049415168
1260228558108209159
1260228558062080000
1260228558137569281
1260228558062006272
1260228558133301248
1260228558183632896
1260228558229663745
1260228558108139521
1260228558225629184
1260228558267592704
1260228558095618048
1260228558074462208
1260228558313664515
1260228558330494976
1260228558372442114
1260228558406004737
1260228558372220929
1260228558284341249
1260228558380601344
1260228558523379712
1260228561610379268
1260228561572593664
1260228561522307075
1260228561576906752
1260228561610272768
1260228560637353985
1260228561669062656
1260228561669144578
1260228561685921792
1260228561757261824
1260228561757245440
1260228561819979777
1260228561253871616
1260228561711050753
1260228561786548226
1260228561815826432
1260228561866293249
1260228561711050752
1260228561790734338
1260228561845313537
1260228561849344001
1260228561949974529
1260228561841029120
1260228561757179905
1260228562055028742
1260228562092621825
1260230997712482304
1260230997729112065
1260230997796442113
1260230997783658496
1260230997792239618
1260230997876015104
1260230997750267910
1260230997909532677
1260230997871747074
1260230997918003200
1260230997976760321
1260230998073184257
1260230998077222912
1260230998152884224
1260230997762813952
1260230998140256256
1260230998186438664
1260230998203269120
1260230998220038144
1260230998261993473
1260230998303870976
1260230998228299776
1260230998148726784
1260230997427314695
1260230998228455424
1260230998320652293
1260230998278705152
1260230997888643077
1260230998366830597
1260230998471647232
1260230998362673156
1260230998408691713
1260230997330853889
1260230998341505024
1260230998563815425
1260230998429663232
1260230998589165571
1260230998622683137
1260230998576463876
1260230998685396993
1260230998723383299
1260230998739922944
1260230998668840965
1260230998513586177
1260235131404423168
1260235131610161152
1260235131274526721
1260235131564052482
1260235131555627009
1260235131773575169
1260235131723399169
1260235131824070657
1260235131819823104
1260235131853381633
1260235131924742147
1260235131857469441
1260235131895382016
1260235131685666819
1260235131845042176
1260235131979096064
1260235132021157888
1260235132025409536
1260235132016955394
1260235131941421057
1260235132008566787
1260235132058963971
1260235132046319617
1260235131983409158
1260235132138655745
1260235132113428481
1260235132071542786
1260235132096655360
1260235132251897864
1260235132235063297
1260235132251897863
1260235132343955456
1260235132369203202
1260235132234948610
1260235132310564865
1260235132339920896
1260235132255911938
1260235132352507904
1260235132264423424
1260235132386062338
1260235132448813058
1260235132532908032
1260235132490973185
1260235132528541696
1260235132620779521
1260235132507742208
1260235132553715712
1260235132457431040
1260235132608360449
1260235132646166535
1260235134080397318
1260235133946339329
1260235133938008064
1260235134026072065
1260235134025916416
1260235133975658498
1260235134088904704
1260235134093144064
1260235134026072064
1260235134080634881
1260235134135087104
1260235134122541061
1260235134298656770
1260235134281740289
1260235134441308166
1260235134319710210
1260235134453682176
1260235134458093569
1260235134135083008
1260235134156103686
1260235134290329600
1260235134533541894
1260235134432882688
1260235134608961536
1260235134541991939
1260235134374236163
1260235134437130244
1260235134663442432
1260235134445531136
1260235134659448833
1260235134424539137
1260235134672015360
1260235134558703616
1260235134709698560
1260235134533582848
1260235134826999808
1260235134336466945
1260235134848176128
1260235134940459013
1260235134801977346
1260235134961418242
1260235134802038787
1260235134894309376
1260235134852161536
1260235134881628161
1260235134936195074
1260235133971509253
1260235134923571203
1260235134743334914
1260235135041122305
1260235138287403008
1260235138392141826
1260235138346242052
1260235138337853440
1260235138346160128
1260235138220224512
1260235138207830025
1260235138371399680
1260235138102943747
1260235138358743040
1260235138388103169
1260235138459471880
1260235138501185536
1260235138547548160
1260235138652409856
1260235138648203265
1260235138652225537
1260235138685964288
1260235138614493187
1260235138694250498
1260235138505551872
1260235138752933890
1260235138648195076
1260235138824167426
1260235138773987328
1260235138715267073
1260235138845347840
1260235138681565186
1260235138828402691
1260235138769850369
1260235138853744642
1260235138753011712
1260235139038294023
1260235139000397824
1260235139168100354
1260235139113783297
1260235139076030465
1260235139176685570
1260235138723713025
1260235139281350656
1260235139176677384
1260235139302424576
1260235139302522880
1260235139361185792
1260235139419947009
1260235139361234947
1260235139377922049
1260235139432550404
1260235139449266176
1260235139369570304
1260235142477631491
1260235142456582145
1260235142632820736
1260235142594871296
1260235142519349251
1260235142469160960
1260235142519373824
1260235142607499264
1260235142641180672
1260235142666358786
1260235142599229442
1260235142460837888
1260235142775410688
1260235142758572035
1260235142683144200
1260235142800510976
1260235142863319046
1260235142834065408
1260235142741794817
1260235142955560960
1260235143010086912
1260235143064805378
1260235142905450496
1260235142943191041
1260235143127629825
1260235143127711744
1260235143106699265
1260235143194783744
1260235143060520961
1260235143194779649
1260235143161266178
1260235143295500290
1260235143316463618
1260235143148638208
1260235143199043586
1260235143329058817
1260235143265972224
1260235143358406657
1260235143438110720
1260235143442239489
1260235143471681536
1260235143471562758
1260235143463174144
1260235143173697537
1260235143408730118
1260235143450484736
1260235143568121856
1260235143484043264
1260235143593316353
1260235143555567617
1260235146659155968
1260235146743013377
1260235146684489729
1260235146642493440
1260235146697023488
1260235146680127488
1260235146676101120
1260235146730635266
1260235146550300672
1260235146847895553
1260235146877231104
1260235146755784704
1260235146864791553
1260235146944319489
1260235146978045953
1260235146948521984
1260235146890031105
1260235146898427905
1260235146848096257
1260235146726453248
1260235147028250625
1260235146915168257
1260235146936094724
1260235147019984899
1260235146982293509
1260235147057774592
1260235147011645441
1260235147019980802
1260235147124699136
1260235146915176449
1260235146957074432
1260235147158274055
1260235147271532544
1260235147305201664
1260235147263148034
1260235147233853441
1260235147359682561
1260235147166863360
1260235147372138496
1260235147271700485
1260235147422642178
1260235147397304322
1260235147200339968
1260235147317739521
1260235147384950785
1260235147435282432
1260235147493982209
1260235147477123075
1260235147594645504
1260235147523297280
1260235150924931073
1260235150828408835
1260235150903906305
1260235150765547520
1260235150996254723
1260235151054901253
1260235150954201089
1260235151113519104
1260235151012851718
1260235151008661506
1260235151050711041
1260235151201710082
1260235151092654082
1260235151084269569
1260235151117869061
1260235150992031755
1260235151088500748
1260235151231062017
1260235151126249484
1260235151168229390
1260235151147184128
1260235151348547584
1260235150929080320
1260235151289745410
1260235151407058946
1260235151327584257
1260235151486795780
1260235151402864640
1260235151155564544
1260235151428120577
1260235151273078785
1260235151306633216
1260235151419641856
1260235151407288320
1260235151335927810
1260236896824950792
1260236896904417280
1260236896841666560
1260236896896200704
1260236896946360323
1260236897030414338
1260236897084940291
1260236896971743232
1260236897063968769
1260236896929640448
1260236897072414722
1260236897005297664
1260236897143738369
1260236897017712642
1260236897202221058
1260236897206534150
1260236897160515584
1260236897290518530
1260236897139507200
1260236897294696455
1260236897361825797
1260236897370112000
1260236897273679884
1260236897240006657
1260236897500028928
1260236897428832263
1260236897462349824
1260236897357570048
1260236897353207809
1260236897760292869
1260236897638588417
1260236897701572610
1260236897839955970
1260236897756028928
1260236897797824513
1260236897835642882
1260236898007728128
1260236897927917569
1260236897978179585
1260236897940578306
1260236897919565830
1260236898066329600
1260236898053865473
1260236897978368000
1260236898049515520
1260236898091630597
1260236898070605835
1260236898183729152
1260236898230026240
1260236898041319425
1260236899936952320
1260236899974864896
1260236899936923656
1260236899916173313
1260236900071206914
1260236899907747840
1260236900125769731
1260236900067168263
1260236900004175872
1260236900138450944
1260236900142510082
1260236900134195200
1260236900016836608
1260236900104691712
1260236900029411329
1260236900167831553
1260236900029263875
1260236900125667328
1260236900176191493
1260236900066947078
1260236900218044416
1260236900142592000
1260236900197171200
1260236900130066432
1260236900171804678
1260236900071243776
1260236900213895168
1260236900281049090
1260236900058660868
1260236900381732865
1260236900398321664
1260236900411092992
1260236900285075459
1260236900335529991
1260236900394246145
1260236900595568641
1260236900511756290
1260236900545318912
1260236900616466432
1260236900629004288
1260236900645904387
1260236900616544256
1260236900616585219
1260236900645965827
1260236900738248706
1260236900641751046
1260236900662722561
1260236900624932866
1260236900721233920
1260236900708696065
1260236904072728576
1260236903909076997
1260236903888179200
1260236904043286529
1260236903913345025
1260236903858634752
1260236904039145473
1260236904118792194
1260236903950905344
1260236903556636674
1260236904211120128
1260236903942696965
1260236904210952192
1260236904102072320
1260236904320000000
1260238197415538691
1260238197491187718
1260238197151477760
1260238197617037312
1260238197658959873
1260238196979511296
1260238197608636418
1260238197608656896
1260238197617037314
1260238197662990343
1260238197734375424
1260238197730181122
1260238197755273216
1260238197453402112
1260238197751083010
1260238197872906240
1260238197759586304
1260238197868703749
1260238197235175424
1260238197977567233
1260238197960904706
1260238198028058626
1260238197969297408
1260238198011310081
1260238198023700481
1260238197977690113
1260238197990268930
1260238197344342018
1260238197994422275
1260238198124371975
1260238197994532864
1260238198006939649
1260238198183284737
1260238198204219399
1260238198174867458
1260238198082584577
1260238198183206912
1260238197486993410
1260238198237691904
1260238198350868482
1260238198242004992
1260238198199943170
1260238198195675137
