1260838832783740931
1260838832833990657
1260838833018384384
1260838833123258370
1260838833144225792
1260838833094041602
1260838832703975426
1260838833245106176
1260838833232494592
1260838833530318848
1260838833450614790
1260838833513476096
1260838833546985472
1260838833450438656
1260838833656119299
1260838833731579904
1260838832875999233
1260838833802956803
1260838833744220160
1260838833907740677
1260838833958125569
1260838834012655617
1260838833832124416
1260838834071314432
1260838834000052225
1260838834163650560
1260838833974697984
1260838834205528064
1260838834192908299
1260838834033487872
1260838834134151168
1260838834314543105
1260838834176212993
1260838834562043905
1260838834679488512
1260838834503323650
1260838834566299649
1260838834658373632
1260838834666967040
1260838834666737665
1260838834717298688
1260838834717093888
1260838834809569280
1260838834771767297
1260838834847301633
1260838834788392961
1260838834939576320
1260838834952167424
1260838837053534208
1260838836998832129
1260838837162565637
1260838837221232646
1260838837401477120
1260838837405626373
1260838837414215680
1260838837489512450
1260838837368107008
1260838837468749824
1260838837464506368
1260838837644783616
1260838837510721537
1260838837665837056
1260838837552644096
1260838838072639488
1260838837909172225
1260838838177431552
1260838837737136132
1260838838181773312
1260838838244646914
1260838838257229824
1260838838328528898
1260838838508965888
1260838838554984448
1260838838622183424
1260838838630354944
1260838838672506880
1260838838823522304
1260838838718492672
1260838838609403905
1260838838852825088
1260838838831706117
1260838838844428288
1260838838890528768
1260838839045652482
1260838839003811840
1260838839087763456
1260838839062614017
1260838839154851840
1260838839205101568
1260838839066730496
1260838839322632192
1260838839423135745
1260838839393738752
1260838839419129856
1260838839561551877
1260838839658168321
1260838839771414529
1260838839687528450
1260838841323225089
1260838841344069633
1260838840731709441
1260838841453338625
1260838841490890752
1260838841398820869
1260838841650315264
1260838841646297088
1260838841730117643
1260838841654620165
1260838841704996864
1260838841717579781
1260838841772134401
1260838841193164800
1260838841818046464
1260838841880961024
1260838841419804672
1260838842103463936
1260838842036154368
1260838842099253251
1260838842241867779
1260838842216652802
1260838842141212677
1260838841876983811
1260838842199937027
1260838841922940928
1260838842350874624
1260838842367488000
1260838842359140352
1260838842342338562
1260838842397065218
1260838842392854528
1260838842506100736
1260838842757795848
1260838842896171009
1260838842799554560
1260838842841526272
1260838842992603137
1260838842988257280
1260838842946510848
1260838843101507584
1260838842866765824
1260838843160330247
1260838843135094784
1260838843139448832
1260838843244150786
1260838843252695040
1260838843353305089
1260838843315519488
1260838843403698176
1260838845496647680
1260838845349801985
1260838845500796928
1260838845446156289
1260838845517631488
1260838845479825408
1260838845479878656
1260838845639282688
1260838845685391364
1260838845811249152
1260838845714771968
1260838846016688130
1260838845941194754
1260838845970624513
1260838846054334470
1260838845974806535
1260838845601456128
1260838846088052737
1260838846041927778
1260838846125703168
1260838845936857088
1260838846255767553
1260838846331334657
1260838846347894788
1260838846465335297
1260838846394249216
1260838846322876416
1260838846499078144
1260838846528475136
1260838846465482753
1260838846486454272
1260838846725369857
1260838846692052992
1260838846780055552
1260838846784135170
1260838846796685312
1260838846910156802
1260838846524280836
1260838846897491968
1260838846872326146
1260838846863773698
1260838846784208898
1260838847018971138
1260838847170203648
1260838847203557380
1260838847346348032
1260838847425937408
1260838847312809984
1260838847421706243
1260838847539228674
1260838849615237121
1260838849720262656
1260838849669935104
1260838849682583552
1260838849678368768
1260838849720221696
1260838849942401025
1260838849980268545
1260838849971879937
1260838850005475330
1260838849984499712
1260838850198482945
1260838850017947649
1260838850139545602
1260838850320125952
1260838850320007168
1260838850328395776
1260838850320048128
1260838850450030597
1260838850487861249
1260838850475114497
1260838850462654465
1260838850533957634
1260838850655596545
1260838850752020481
1260838850794065920
1260838850865377280
1260838850534014976
1260838850861002753
1260838850827628544
1260838850882125825
1260838850898755590
1260838850877743105
1260838850995331074
1260838850919911424
1260838850974318592
1260838851028844544
1260838851066638339
1260838851112820736
1260838851267792896
1260838851280424967
1260838851389673473
1260838851355918336
1260838850919874561
1260838851226095616
1260838851506958337
1260838851721023490
1260838851645407233
1260838851775471616
1260838851699978240
1260838853864157188
1260838853889359872
1260838853964955648
1260838853960765440
1260838853901840390
1260838853889277954
1260838853968924674
1260838854132727808
1260838854128476161
1260838854120128513
1260838853906235392
1260838853671153667
1260838854015234048
1260838854073946112
1260838854308753409
1260838854254301189
1260838854388563969
1260838854484877314
1260838854493237249
1260838854551990272
1260838854493442049
1260838854652825603
1260838854673739776
1260838854711545856
1260838854652760065
1260838854808023040
1260838854753308672
1260838854912851974
1260838854917046273
1260838854837272576
1260838854803615744
1260838854900117504
1260838854958780417
1260838855160168448
1260838855118381057
1260838855089020928
1260838855420198912
1260838855437094912
1260838855558791168
1260838855545991170
1260838855613300738
1260838855726465024
1260838855537639424
1260838855747555330
1260838855890132997
1260838855915126785
1260838855961464832
1260838855994900481
1260838855986556928
1260838856053710849
1260838858016657408
1260838858134036480
1260838858104598530
1260838858297675776
1260838858285088768
1260838858289078272
1260838858435866624
1260838858327031808
1260838858440101888
1260838858566119425
1260838858561904640
1260838858524000256
1260838858587090947
1260838858750431237
1260838858696134658
1260838858779799552
1260838858872311808
1260838858976968704
1260838859039862785
1260838858977013762
1260838859044093952
1260838859119538177
1260838859077824513
1260838859157303298
1260838859098775555
1260838859149107201
1260838859090190336
1260838859081945090
1260838859148890112
1260838858683449345
1260838859211866113
1260838859333566465
1260838859098603520
1260838859400720384
1260838859471904768
1260838859383996422
1260838859564253184
1260838859602100227
1260838859698507777
1260838859576872965
1260838859794833408
1260838859765620738
1260838859761467392
1260838859816013830
1260838859925073921
1260838860088643585
1260838859979411458
1260838860021469186
1260838860130414592
1260838860117942272
1260838862210949120
1260838862248697860
1260838862240309251
1260838862273875968
1260838862340816896
1260838862286356480
1260838862408093696
1260838862315827206
1260838862504542208
1260838862575685645
1260838862462562306
1260838862236065792
1260838861774651392
1260838862743498752
1260838862705659905
1260838862731034625
1260838862823153665
1260838862772940801
1260838862760353794
1260838862932176902
1260838862995275777
1260838862986686464
1260838863024517120
1260838863028858880
1260838862948978688
1260838863401975808
1260838863200825344
1260838863561322497
1260838863519444994
1260838863079002113
1260838863599173632
1260838863800541185
1260838863817379841
1260838863821393920
1260838863871803394
1260838863280340993
1260838863905439746
1260838863892856834
1260838863880114177
1260838863959756811
1260838864060583936
1260838863968153600
1260838863909654529
1260838864207458304
1260838864270364672
1260838864228360192
1260838864270262272
1260838863909449729
1260838864257798147
1260838864178077696
1260838863402041344
1260838866422059013
1260838866296213504
1260838866396655616
1260838866497548289
1260838866522533891
1260838866489090051
1260838866623365120
1260838866715652098
1260838866795159552
1260838866862239744
1260838866895941632
1260838866900127744
1260838866816139265
1260838866958692352
1260838866849689600
1260838867034427392
1260838866845663232
1260838867118231552
1260838867143450624
1260838867147673601
1260838867311222786
1260838867038613504
1260838867260911618
1260838867369889795
1260838867361390593
1260838867323715585
1260838867499757568
1260838867562790912
1260838867550306304
1260838867772542980
1260838867692859397
1260838867856494592
1260838867801948163
1260838867718078464
1260838868040863744
1260838868062003203
1260838868120735744
1260838868250775552
1260838868271726593
1260838868317806593
1260838868284248065
1260838868108140545
1260838868376449026
1260838868376526848
1260838868506402817
1260838868535791617
1260838868552728576
1260838868569423874
1260838868649197568
1260838868707835904
1260838870612140032
1260838869987217409
1260838870444376065
1260838870586765317
1260838870742118400
1260838870720974848
1260838870695866369
1260838870771544064
1260838870947639297
1260838870909943808
1260838870968602626
1260838870930907136
1260838871178383360
1260838871262040064
1260838870947639296
1260838871333433348
1260838871333568512
1260838871308341253
1260838871308349440
1260838871346143232
1260838871388098561
1260838871463575552
1260838871476121600
1260838871404818432
1260838871409065985
1260838871534727168
1260838871513927680
1260838871312596992
1260838871820128258
1260838871731810308
1260838871857795072
1260838871773913088
1260838871924912128
1260838871996260353
1260838872038195200
1260838871568351234
1260838872075952128
1260838871971123201
1260838871916597249
1260838872004595713
1260838871983587328
1260838872143060993
1260838872289873921
1260838871622807552
1260838872428105729
1260838872419840003
1260838872499605504
1260838872524652552
1260838872662958085
1260838872604442624
1260838874827366402
1260838874839998464
1260838874697400320
1260838874495938565
1260838874814742528
1260838874974023681
1260838875003584513
1260838875053936640
1260838874906943488
1260838874953117696
1260838875028582402
1260838875129397259
1260838875037143048
1260838875150385153
1260838875238457345
1260838875083096065
1260838875313782784
1260838875301326849
1260838875418804224
1260838875301216256
1260838875469090816
1260838875326410754
1260838875255042048
1260838875469099009
1260838875670499329
1260838875699851265
1260838875733229569
1260838875792060417
1260838875787751425
1260838875771084800
1260838875976654851
1260838875880030209
1260838876014424064
1260838875888574465
1260838875670478849
1260838876022624261
1260838876165308418
1260838876115075074
1260838875976663041
1260838876337364992
1260838876261650432
1260838876320534531
1260838876349788161
1260838876387696641
1260838876287062016
1260838876408623104
1260838876551282688
1260838876576231424
1260838876500725761
1260838876597362694
1260838879042711552
1260838878841384960
1260838879260741632
1260838879352901632
1260838879378227200
1260838879273390080
1260838879374041088
1260838879520849920
1260838879529181185
1260838879646699520
1260838879701204992
1260838879294361600
1260838879663321093
1260838879801860098
1260838879847907329
1260838879931904003
1260838879856222208
1260838880057724930
1260838880162578432
1260838879998984192
1260838880158220289
1260838880317550593
1260838880275648512
1260838880288231425
1260838880367919108
1260838880330170368
1260838880397451264
1260838880510652416
1260838880418373633
1260838880611143680
1260838880527466496
1260838880581840896
1260838880703627264
1260838880875556864
1260838880825282560
1260838881110491138
1260838881164959745
1260838881198592000
1260838881223536641
1260838881253117952
1260838881164959746
1260838881211154434
1260838881211154432
1260838881299181568
1260838881131401216
1260838881374736384
1260838881387253760
1260838881508786177
1260838881512980480
1260838881567662080
1260838883190804480
1260838883065040897
1260838883018883078
1260838883232813056
1260838883329298432
1260838883455107072
1260838883379445760
1260838883555635201
1260838883627085825
1260838883664769025
1260838883601928192
1260838883534819328
1260838883647877120
1260838883694125056
1260838883790589953
1260838883929001984
1260838883937456128
1260838883811422208
1260838884168085507
1260838883845177350
1260838884059070464
1260838884256161793
1260838884314939393
1260838884306452480
1260838884390457344
1260838884386242561
1260838884482543616
1260838884470030337
1260838884587507712
1260838884612567042
1260838884495122432
1260838884713418753
1260838884709224449
1260838884784640000
1260838884629532672
1260838883912224768
1260838884885385216
1260838884847452160
1260838884906135553
1260838885061472257
1260838884956614657
1260838885086556161
1260838885157941249
1260838885074112512
1260838885187186688
1260838885267066885
1260838885313196032
1260838885296406531
1260838885438951424
1260838885011214337
1260838887397752832
1260838887393382400
1260838885149507586
1260838887502553088
1260838887489847296
1260838887498436608
1260838887536066562
1260838887582138370
1260838887661936640
1260838887636840450
1260838887775014913
1260838887791837184
1260838887716466690
1260838887703838720
1260838887884193793
1260838887947005953
1260838887909322752
1260838887942995971
1260838887997542400
1260838888081424385
1260838888102170627
1260838888144343045
1260838887989014529
1260838888211267585
1260838888152674304
1260838888295354369
1260838888228007938
1260838888517431296
1260838888211447813
1260838888467136512
1260838888643399680
1260838888471441410
1260838888584744960
1260838888685408256
1260838888182030336
1260838888567955457
1260838888521773056
1260838888840577024
1260838888857370625
1260838888949628928
1260838888974823424
1260838888928677888
1260838888848814080
1260838888945463298
1260838888962232321
1260838888777502721
1260838889109020673
1260838888945389568
1260838889067089920
1260838889184468992
1260838891608776704
1260838891654766592
1260838891516461057
1260838891638022144
1260838891654991872
1260838891730411520
1260838891864506368
1260838891923427328
1260838891306827777
1260838891910762496
1260838891814187014
1260838892015673351
1260838892036427776
1260838891986305024
1260838892078608385
1260838892070211585
1260838892024012800
1260838892154032128
1260838892254695426
1260838892342673408
1260838892275748864
1260838892032442368
1260838892392951810
1260838892472696833
1260838892468678657
1260838892502020099
1260838892716068870
1260838892707762176
1260838892766298112
1260838892745437185
1260838892866899969
1260838892846157825
1260838892917399554
1260838892640632832
1260838892930031617
1260838892934246408
1260838893039038464
1260838892766474241
1260838893110386688
1260838893047279622
1260838893169135617
1260838893164863489
1260838893194285057
1260838893215191042
1260838893244633089
1260838893294964736
1260838893152350209
1260838893311541248
1260838893311520768
1260838893341028352
1260838895802920960
1260838895677132800
1260838895647948802
1260838895786196995
1260838895865827330
1260838895723429888
1260838895975006208
1260838895832399872
1260838896084140032
1260838896130314240
1260838896398524422
1260838896352530433
1260838896327327745
1260838896558104579
1260838896407056385
1260838896545353729
1260838896612540416
1260838896537153541
1260838896654405632
1260838896386129926
1260838896545476613
1260838896772022273
1260838896625041411
1260838896650289152
1260838896914640898
1260838896910336000
1260838896834928641
1260838896910217216
1260838895996076032
1260838897078226944
1260838897044471808
1260838897149329408
1260838897367625728
1260838897363439616
1260838897401180161
1260838897417936899
1260838897384411136
1260838897472303105
1260838897317101569
1260838897640071169
1260838897518440448
1260838897803759616
1260838897820418053
1260838897929670656
1260838897812193280
1260838897828925440
1260838897946226689
1260838897938051073
1260838898017632257
1260838897984122882
1260838900093739009
1260838900085526528
1260838899963887618
1260838900110516225
1260838900156727297
1260838900114874369
1260838900282556416
1260838900446179328
1260838900399960072
1260838900395724802
1260838900572061697
1260838900592857091
1260838900576276480
1260838900584644614
1260838900748124161
1260838899976491008
1260838900840497153
1260838900798554117
1260838901054418946
1260838900869840896
1260838901012467712
1260838901054181376
1260838901062787076
1260838900991430663
1260838901125730305
1260838901146664968
1260838901234663424
1260838901297696768
1260838901343756289
1260838901364568066
1260838901381566465
1260838901310271496
1260838901410914305
1260838901498904576
1260838901545152512
1260838901662482432
1260838901570105344
1260838901729673217
1260838901742284800
1260838901754875906
1260838901893169154
1260838901968777216
1260838901926768642
1260838901905715201
1260838901893087233
1260838901800824832
1260838901998071808
1260838902056857600
1260838902128148482
1260838902044037121
1260838904191750145
1260838904225292289
1260838904204275712
1260838904334290944
1260838904300781568
1260838904359510017
1260838904455987200
1260838904321552384
1260838904393056260
1260838904548274176
1260838904598585344
1260838904611041281
1260838904602689537
1260838904648720384
1260838904678223872
1260838904841637888
1260838904724414464
1260838904866828288
1260838904904720384
1260838904866852865
1260838904917188614
1260838904699199489
1260838905047248896
1260838904946544642
1260838905026433025
1260838905227759617
1260838905248714752
1260838905252896768
1260838905231753216
1260838905227513858
1260838905257041927
1260838905340784640
1260838905370284032
1260838905424666626
1260838905395511299
1260838905479344129
1260838905592627202
1260838905626198016
1260838905630212101
1260838905596841986
1260838905684754433
1260838905592582145
1260838905827508226
1260838905793908741
1260838905823342593
1260838905936523266
1260838905785524224
1260838906020446208
1260838906016169989
1260838906049622023
1260838908331462656
1260838908482293760
1260838908457365504
1260838908306341891
1260838908562153474
1260838908612546560
1260838908604092421
1260838908725727232
1260838908088258560
1260838908222484480
1260838908184707072
1260838908784513024
1260838908985774080
1260838908943896576
1260838908822241280
1260838908918730752
1260838908780253184
1260838908927127552
1260838909040373761
1260838909023404032
1260838909140926466
1260838908985737217
1260838909161816065
1260838909250023424
1260838909228933122
1260838909191356419
1260838909271040001
1260838909308735488
1260838909182869506
1260838909342334976
1260838909145161730
1260838909354733568
1260838909266653184
1260838909514182656
1260838908843241472
1260838909484740608
1260838909476560896
1260838909673639937
1260838909820334081
1260838909715664896
1260838909757599744
1260838909707198472
1260838909790965760
1260838909698666496
1260838909900095488
1260838909925371911
1260838909786783746
1260838910009081858
1260838909933580296
1260838909971361793
1260838912555126785
1260838912487981063
1260838912504856577
1260838912609615872
1260838912697593857
1260838912689238016
1260838912727093249
1260838912806846468
1260838912966049795
1260838913003806720
1260838913062600705
1260838913184157699
1260838913200885760
1260838913238843392
1260838913284898816
1260838913159172098
1260838913280704514
1260838913435975680
1260838913339387904
1260838913448579073
1260838913519673344
1260838913477877760
1260838913599344640
1260838913452711937
1260838913616338947
1260838913582620674
1260838913679097861
1260838913641504769
1260838913700052998
1260838913733726208
1260838913826054144
1260838913918349312
1260838914010624002
1260838914010595329
1260838914169995264
1260838914283253760
1260838914312396806
1260838914232856576
1260838914249691136
1260838914417324032
1260838914526515200
1260838914581049344
1260838914576842752
1260838914568282112
1260838914475962368
1260838914605977602
1260838914589429762
1260838914740404230
1260838914782138369
1260838914799079424
1260838916795641859
1260838916820733953
1260838916837437440
1260838916871069697
1260838916849975299
1260838915658956802
1260838916724330498
1260838916921470977
1260838916984373251
1260838916984393729
1260838917093371905
1260838917059694595
1260838917093199872
1260838917189677057
1260838917185642497
1260838917219196929
1260838917244440577
1260838917433176070
1260838917462515712
1260838917387026432
1260838917466730496
1260838917395361792
1260838917521227777
1260838917533847554
1260838917370085376
1260838917604913152
1260838917689008128
1260838917764534273
1260838917521072128
1260838916837367809
1260838917776891904
1260838917684805632
1260838917726785536
1260838917835591680
1260838917814857747
1260838917856735238
1260838917894336518
1260838917873577985
1260838917777043456
1260838917747720193
1260838917953089537
1260838917991018496
1260838917886169094
1260838918091673601
1260838918070517760
1260838918234140681
1260838918045331456
1260838918225788929
1260838918351720448
1260838918385209347
1260838920918450177
1260838921170235393
1260838921283477505
1260838921212252160
1260838921275047937
1260838921300213765
1260838921350508549
1260838921002311680
1260838921442910210
1260838921489059840
1260838921698754560
1260838921862250496
1260838921874923521
1260838921828732928
1260838921837166592
1260838921878921218
1260838921925246976
1260838921807806465
1260838921887379456
1260838922168328197
1260838922185248768
1260838922218766336
1260838922021744642
1260838922327937024
1260838922378186754
1260838922310922241
1260838922327908353
1260838922541809665
1260838922567012353
1260838922592149505
1260838922709417985
1260838922835329024
1260838922831056896
1260838922957008897
1260838922936074241
1260838922977832960
1260838923045146624
1260838923091079169
1260838923040931840
1260838923409842176
1260838923321978882
1260838922797498368
1260838923032358912
1260838923565256709
1260838923753979907
1260838923762200576
1260838923800055809
1260838923758178304
1260838924001386496
1260838924055805957
1260838925112758272
1260838925175668736
1260838924982706177
1260838925159018496
1260838925305774080
1260838925217587201
1260838925242949632
1260838925288923136
1260838925423214592
1260838924982894592
1260838925532356608
1260838925691686912
1260838925725245446
1260838925461061638
1260838925737680898
1260838925792313346
1260838925809090562
1260838925742063616
1260838925821792256
1260838925872115712
1260838925930659846
1260838925993680897
1260838925876236288
1260838926039875584
1260838926035681280
1260838926136180736
1260838926132142081
1260838925972705280
1260838925960122371
1260838926199078913
1260838926232797184
1260838926216028160
1260838926287278081
1260838926262165504
1260838926446669824
1260838926488678404
1260838926480224256
1260838926446735362
1260838925733638144
1260838926618693633
1260838926530551808
1260838926543183872
1260838926463324161
1260838926702575616
1260838926794645505
1260838926790668288
1260838925536342017
1260838926887067648
1260838926949941249
1260838926983598081
1260838929382518784
1260838929499975680
1260838929533730817
1260838929642647552
1260838929223294979
1260838929676320768
1260838928929587200
1260838929957347328
1260838929982423041
1260838930045374466
1260838930112364544
1260838930150068224
1260838930112409602
1260838930162712576
1260838930292920323
1260838930322059265
1260838930510905344
1260838930464813063
1260838930393337856
1260838930594910209
1260838930615865344
1260838930682871811
1260838930632421376
1260838930808573954
1260838930749911043
1260838930829713409
1260838930791968768
1260838930909405184
1260838930921910274
1260838931001638912
1260838931064594432
1260838931072983042
1260838930909483009
1260838931081256960
1260838931077246976
1260838930372595712
1260838931144245248
1260838931224027137
1260838931500761088
1260838931374862337
1260838931064434689
1260838931584765952
1260838931593117696
1260838931693596672
1260838931567788033
1260838931693740032
1260838931777622016
1260838931869958144
1260838931769131012
1260838931907719169
1260838933501526016
1260838933614727169
1260838933719478273
1260838933635534849
1260838933757341698
1260838933807562753
1260838933656674304
1260838933941882880
1260838933853802496
1260838933824507904
1260838933883244544
1260838934050861057
1260838934038405120
1260838934117969923
1260838934176825344
1260838934218772481
1260838934298361857
1260838934222864384
1260838934210383872
1260838934491344897
1260838934348775425
1260838934679924736
1260838934613037058
1260838934277431296
1260838934730309635
1260838934780796928
1260838934839525377
1260838934914965504
1260838934864629762
1260838934885646336
1260838934982131713
1260838935133130757
1260838934801678337
1260838935279919104
1260838935258939393
1260838935405531136
1260838935544107008
1260838935539802112
1260838935611105286
1260838935657353218
1260838935678377984
1260838934960955393
1260838935858753536
1260838935841968136
1260838936001368065
1260838935888113664
1260838935950848000
1260838936072593409
1260838936085028864
1260838936169062400
1260838937779515392
1260838937620123648
1260838937829859328
1260838937880399872
1260838937997774848
1260838937494540288
1260838938085859328
1260838938312228866
1260838938345910272
1260838938366939138
1260838938379456512
1260838938349977600
1260838938404507648
1260838938249326592
1260838938413010945
1260838938555510792
1260838938530512897
1260838938618597376
1260838938610147329
1260838938198945792
1260838938798891011
1260838938798747650
1260838938731851776
1260838938899595264
1260838939029655552
1260838939017043968
1260838939021250560
1260838938958114821
1260838939126104064
1260838939058831360
1260838939113521152
1260838939126116352
1260838938945740801
1260838938761199617
1260838939239182336
1260838939360923648
1260838939214131200
1260838939486834688
1260838939528695808
1260838939600064512
1260838939696304129
1260838939834773505
1260838939839135744
1260838939851657217
1260838939813982210
1260838939906236417
1260838939826499587
1260838940057075712
1260838939998339072
1260838940107513857
1260838941927698433
1260838941932077056
1260838941944500224
1260838941155971072
1260838941978095616
1260838942015971328
1260838942041088000
1260838941860802561
1260838942104080384
1260838942070525953
1260838942091497477
1260838942196281344
1260838942191976448
1260838942217207813
1260838942217138177
1260838942359924736
1260838942406033410
1260838942204661760
1260838942531698693
1260838942556868608
1260838942678700032
1260838942666096640
1260838942661730304
1260838942880010240
1260838942888415233
1260838942733152259
1260838942921891840
1260838943022555137
1260838942955298816
1260838943089733632
1260838943265865732
1260838943416815616
1260838943144267776
1260838943244849154
1260838943328616452
1260838943521681409
1260838943534301188
1260838943492374529
1260838943529955328
1260838943559483394
1260838943609806850
1260838943806947333
1260838943794356224
1260838943907614720
1260838943760711681
1260838943966269440
1260838943865659394
1260838943941103616
1260838943932608512
1260838943957716993
1260838946147360768
1260838946210226176
1260838946214277120
1260838945472086016
1260838946315161600
1260838946268835841
1260838946159890432
1260838946424193024
1260838946348642308
1260838946390421504
1260838946554159104
1260838946583580673
1260838946591969280
1260838946646437888
1260838946646511617
1260838946746949632
1260838946688253953
1260838946721992704
1260838946814263297
1260838947011395584
1260838946889744387
1260838946944233473
1260838947015417857
1260838946977660929
1260838946977705985
1260838947065905153
1260838947099459584
1260838947091079168
1260838946826850305
1260838946973421571
1260838947250462722
1260838947262881792
1260838947392897027
1260838947275649024
1260838947380514817
1260838947338543109
1260838947531390978
1260838947434921986
1260838947535622152
1260838947648942080
1260838947602731008
1260838947648749568
1260838947351072769
1260838947715870725
1260838947762114561
1260838947829276672
1260838947661307906
1260838947879616513
1260838947795595264
1260838947866869761
1260838950299676673
1260838950265970688
1260838950421385216
1260838950387752961
1260838950601723905
1260838950739963907
1260838950702284801
1260838950723182593
1260838950844981249
1260838950907686912
1260838950966644736
1260838950924619776
1260838950907924482
1260838951075680256
1260838950899298306
1260838951138365440
1260838949641207808
1260838951130222593
1260838951226613761
1260838951218077696
1260838951314771968
1260838951465684992
1260838951541018629
1260838951574818816
1260838951566413824
1260838951616679936
1260838951528480769
1260838951620882434
1260838951960576000
1260838951994220545
1260838951323140098
1260838951901954049
1260838952010907648
1260838951922708481
1260838952119959552
1260838952170381312
1260838952161984512
1260838952132440069
1260838952275247106
1260838951914319873
1260838952375685120
1260838952434577408
1260838952400859138
1260838952422047744
1260838952598212608
1260838952464003072
1260838952350765058
1260838952677883906
1260838952740835328
1260838952606580741
1260838954510802944
1260838954577739776
1260838954615681024
1260838954565357568
1260838954540072960
1260838954603032576
1260838954674409473
1260838954611466240
1260838954669969408
1260838954703572993
1260838954774994944
1260838954695344128
1260838954724732930
1260838954800119808
1260838954825388032
1260838954699329536
1260838954926051328
1260838955018321920
1260838955068637184
1260838955072847874
1260838955081019392
1260838954971979776
1260838955110580225
1260838954942824449
1260838955026538497
1260838955148173313
1260838954456297478
1260838955227979776
1260838955227856897
1260838955265777664
1260838955286589450
1260838955391619072
1260838955467055104
1260838955316101120
1260838955227975682
1260838955588751360
1260838955475329036
1260838954460499972
1260838955706130433
1260838955739525121
1260838955353808896
1260838955835994112
1260838955727159297
1260838955861377025
1260838955961987072
1260838955924193280
1260838955970428928
1260838956033343488
1260838954531729416
1260838956083449863
1260838958688284673
1260838958746996736
1260838958671572994
1260838958814171136
1260838958939795456
1260838958965161986
1260838958910640128
1260838958998552577
1260838959086596097
1260838959103348736
1260838959145521152
1260838959120216064
1260838959103410176
1260838958914662400
1260838959313293312
1260838959275376640
1260838959258628097
1260838959313301505
1260838959363604480
1260838959300718594
1260838959401144320
1260838959535587328
1260838959694913537
1260838959736815622
1260838959841775616
1260838959950647296
1260838959967424515
1260838960080793600
1260838958981939201
1260838960160337922
1260838960223453185
1260838959963348993
1260838960235982848
1260838960185479168
1260838960328110080
1260838960403812352
1260838960319787009
1260838960525434881
1260838960554741760
1260838960521248768
1260838960550612992
1260838960588132353
1260838960575717376
1260838960277983232
1260838960697430016
1260838960709939200
1260838960684646401
1260838960810655744
1260838961011847169
1260838961024548866
1260838962857377793
1260838962781880321
1260838962891034624
1260838962836488193
1260838962945388546
1260838962970669058
1260838962274451456
1260838963004297216
1260838963008413697
1260838962941362177
1260838963134300160
1260838963075522565
1260838963096555520
1260838963343998976
1260838963390164992
1260838963356602368
1260838963381784576
1260838963436191746
1260838962408521729
1260838963360776194
1260838963536900097
1260838963394293760
1260838963499216897
1260838963713060865
1260838963691937797
1260838963629166598
1260838963717292032
1260838963771772928
1260838963964608512
1260838963927035905
1260838963960377344
1260838963948007424
1260838963960561666
1260838963784417280
1260838963922771969
1260838964036018177
1260838963708821504
1260838964459692032
1260838964144963586
1260838964497281024
1260838964635852805
1260838964593938432
1260838964753285120
1260838964698599426
1260838964828811265
1260838964925214726
1260838964832813056
1260838964895911938
1260838964967153664
1260838965051101190
1260838967152443392
1260838967202676736
1260838967148232704
1260838967303430146
1260838967290855424
1260838967446028288
1260838967538184192
1260838967554998272
1260838967513096192
1260838967617810432
1260838967638884352
1260838967366291456
1260838967601225729
1260838967597043712
1260838967760441346
1260838967764824065
1260838967806767104
1260838967697686528
1260838967789989895
1260838968041635840
1260838968100257797
1260838968041648128
1260838968200814592
1260838968272343040
1260838968251342853
1260838968452616192
1260838968381276161
1260838968326672384
1260838968540557313
1260838968561733632
1260838968544890881
1260838968435732480
1260838968674914305
1260838968553340928
1260838968758845440
1260838968632807425
1260838968733515777
1260838968850964481
1260838968842571776
1260838968788242432
1260838968914051072
1260838968968560640
1260838969043906560
1260838968926576640
1260838969228525569
1260838969325035520
1260838969257984000
1260838969568182272
1260838969564151808
1260838969463328774
1260838971250073601
1260838971304824834
1260838971367542784
1260838971489292288
1260838971493412864
1260838971355074560
1260838971405406208
1260838971547938817
1260838971564871680
1260838971464011776
1260838971694874625
1260838971631943682
1260838971766177793
1260838971765952518
1260838971963310080
1260838972013580288
1260838971929694209
1260838972080750592
1260838971958943744
1260838972177231872
1260838972261048320
1260838972202328065
1260838971984183297
1260838972487589889
1260838972529483777
1260838972667944960
1260838972575498240
1260838972705566721
1260838972529524737
1260838972625911812
1260838972864987137
1260838972764434432
1260838972869300224
1260838972839923714
1260838972877688832
1260838972911169537
1260838973066412032
1260838973179432960
1260838973217427459
1260838973221539841
1260838973347434496
1260838973028646914
1260838973577940992
1260838973166911488
1260838973636780032
1260838973628350464
1260838972911042563
1260838973645164544
1260838973674409984
1260838973837963266
1260838975540834304
1260838975440371712
1260838975490703361
1260838975503241216
1260838975570350080
1260838975578701825
1260838975922675712
1260838976010825729
1260838976035983360
1260838976014999552
1260838976090341376
1260838975985651713
1260838976233111554
1260838976170143744
1260838976060919808
1260838976375656448
1260838976375664640
1260838976438644739
1260838976560271361
1260838976535093250
1260838976610500608
1260838976639942659
1260838976728023041
1260838976749023232
1260838976899907584
1260838976845479938
1260838976837103617
1260838976891400192
1260838977025654784
1260838977038401537
1260838977059291137
1260838976941895682
1260838977109504000
1260838977118011392
1260838976828641280
1260838977034022913
1260838977143107584
1260838976774160385
1260838977113853953
1260838977457795072
1260838977415700481
1260838977508163584
1260838977524752389
1260838977612976128
1260838977696935936
1260838977621372929
1260838977692504066
1260838977751470085
1260838977927442432
1260838977944399875
1260838977856307201
1260838979676635136
1260838979756163073
1260838979596963840
1260838979743735809
1260838979286564865
1260838979810680832
1260838979785482240
1260838979735220224
1260838979823263744
1260838979810852864
1260838980024709125
1260838979970072576
1260838980087689219
1260838980045508609
1260838980188123136
1260838979957473280
1260838980200824832
1260838980192538625
1260838980226080768
1260838980364513280
1260838980297412608
1260838980309979136
1260838980330885120
1260838980507111424
1260838980611903489
1260838980645466112
1260838980754472961
1260838980804685824
1260838980838322177
1260838980767158272
1260838980892930049
1260838980821692417
1260838980943089664
1260838981031260162
1260838980976807936
1260838980976881665
1260838980989353984
1260838981035388928
1260838981157244928
1260838981240905730
1260838981006168064
1260838981312315392
1260838981417070592
1260838981459234816
1260838981484179456
1260838981509529600
1260838981610201088
1260838981748457473
1260838981702504448
1260838981651976192
1260838983883468802
1260838983938060291
1260838984017678336
1260838983996768256
1260838984114192384
1260838983937949696
1260838983841525761
1260838984512450560
1260838984432918528
1260838984265187328
1260838984566988800
1260838984651022341
1260838984701313024
1260838984562937856
1260838984860798978
1260838984827060224
1260838984885944321
1260838984999227392
1260838985095618565
1260838985112444928
1260838985032753152
1260838985011621889
1260838985145946112
1260838985175359489
1260838985141805056
1260838985255063552
1260838985292812288
1260838985276035073
1260838985410031617
1260838985376686080
1260838985527693312
1260838985502461953
1260838985552797697
1260838985435435008
1260838985485574144
1260838985615712257
1260838985703862273
1260838985745620993
1260838985150185476
1260838985775091712
1260838985716375553
1260838985737416705
1260838985896587265
1260838985787719681
1260838985917706240
1260838985749823489
1260838985955409920
1260838985905176581
1260838985963692032
1260838986064359424
1260838988027506688
1260838987993735169
1260838987897475072
1260838988006359046
1260838988056678400
1260838988128141312
1260838988102938624
1260838988056690689
1260838988333699072
1260838988333690882
1260838988354551810
1260838988291735553
1260838988530794497
1260838988493074432
1260838988610502663
1260838988748906501
1260838988782333958
1260838988983619585
1260838989113810946
1260838989168349184
1260838989147316225
1260838989189099520
1260838989247983616
1260838989226885121
1260838989403226112
1260838989314940928
1260838989436616704
1260838989344333824
1260838989344452611
1260838989361225728
1260838989470318593
1260838989562556416
1260838989424017415
1260838989516308480
1260838989478588416
1260838989621231617
1260838989549969410
1260838989675855873
1260838989830987777
1260838989755330560
1260838989897986048
1260838989667405825
1260838990116196353
1260838990007189504
1260838990112063488
1260838990153945089
1260838990195748864
1260838990028169217
1260838990032273413
1260838990288224256
1260838992242544642
1260838992288854016
1260838992280457223
1260838992418725888
1260838992381128704
1260838992431460353
1260838992527986693
1260838992569827329
1260838992662200321
1260838992754495489
1260838992771235840
1260838992800440321
1260838992863518720
1260838992888631296
1260838993026928641
1260838993119363077
1260838993005932544
1260838993136177152
1260838993203212289
1260838993207361536
1260838993182130176
1260838993203060738
1260838993349894145
1260838993467506690
1260838992859316228
1260838993479921664
1260838992658006018
1260838993521971206
1260838993404387330
1260838993593118720
1260838992947412992
1260838993635180544
1260838993756696576
1260838993240838145
1260838993740001280
1260838993815617538
1260838993974964225
1260838993991786497
1260838993962455041
1260838994079895552
1260838994138587136
1260838994260221953
1260838994205528065
1260838994235076610
1260838994369183744
1260838994356690944
1260838994365026304
1260838994524409857
1260838994469937152
1260838994671067137
1260838996592254976
1260838995753197569
1260838996634107909
1260838996772519937
1260838996667772931
1260838996805967872
1260838996877459456
1260838996910813184
1260838997036863488
1260838997070360576
1260838997133348865
1260838997103869952
1260838997196247040
1260838997179240448
1260838997271642113
1260838997254905859
1260838997326258177
1260838997426950150
1260838997556973568
1260838997779243008
1260838997716336641
1260838997732978688
1260838997837991936
1260838997967937537
1260838997913288704
1260838998064484352
1260838998077050880
1260838998114787328
1260838998223790080
1260838998177574912
1260838998269997056
1260838998295150594
1260838998395834369
1260838998324523010
1260838998420922368
1260838998500507648
1260838998429372416
1260838998492303362
1260838998567645184
1260838998588772352
1260838998697795584
1260838998689251329
1260838998714519552
1260838998718775296
1260838998701899776
1260838998768930816
1260838998911537158
1260838998882357253
1260838998777434113
1260838998957854727
1260839000652353536
1260839000631377920
1260839000815792128
1260839000736018438
1260839000862068737
1260839000908148742
1260839000966905856
1260839000958545920
1260839000987840512
1260839000996294659
1260839001050755072
1260839001092546561
1260839001231106048
1260839001151475712
1260839001214390272
1260839000887242752
1260839001440862209
1260839001461792768
1260839001436704771
1260839001407119362
1260839001579110404
1260839000631205890
1260839001549877250
1260839001553907712
1260839001549922306
1260839001742733313
1260839001675751424
1260839001814110208
1260839001868599297
1260839001776250881
1260839001990275072
1260839001935589382
1260839002048876545
1260839002048847872
1260839002032259072
1260839002153746432
1260839002132938753
1260839002120376320
1260839001407270913
1260839002103582721
1260839002254577671
1260839002212429824
1260839002245959680
1260839002355175424
1260839002455900163
1260839002422345728
1260839002556502018
1260839002631856128
1260839002615267328
1260839002677997568
1260839004905209862
1260839004817158144
1260839004896784384
1260839004825620480
1260839004955697155
1260839005060554767
1260839004972429312
1260839004955717637
1260839005194780673
1260839005228326912
1260839005211381760
1260839005215756288
1260839005224124416
1260839005245059072
1260839005286998016
1260839005517733889
1260839005488320515
1260839005513330694
1260839005681221633
1260839005706506241
1260839005731663874
1260839005874270209
1260838998454534145
1260839000878833674
1260838999909789696
1260839006075588611
1260839005999886336
1260839006071332865
1260839006092353536
1260839006272737281
1260839006272548864
1260839006373175296
1260839006390140928
1260839006532763650
1260839006515924992
1260839006587236357
1260839006834655232
1260839006838784000
1260839006767476737
1260839006754861058
1260839006905884673
1260839006939549696
1260839007040294915
1260839006952095745
1260839006868320256
1260839007228837888
1260839007241400321
1260839007400984579
1260839007245742080
1260839007312740352
1260839009066024962
1260839008936038400
1260839009045053440
1260839008504029185
1260839009082695681
1260839009187532800
1260839009158299648
1260839009175195648
1260839009271627776
1260839008873205760
1260839009288245249
1260839009267441664
1260839009225527296
1260839009095503874
1260839009414197250
1260839009456177152
1260839009682632704
1260839009711947776
1260839010047590402
1260839009909121024
1260839009909190661
1260839010030833665
1260839009825292296
1260839009875525632
1260839009988874240
1260839009900732416
1260839009967882240
1260839009963704321
1260839010135470080
1260839010131419136
1260839010232139777
1260839010244714496
1260839010303434759
1260839010093547520
1260839009259065344
1260839010378960897
1260839010362101761
1260839010328408067
1260839010391515136
1260839010534031360
1260839010500517888
1260839010563284993
1260839010533965825
1260839010647375879
1260839010684956672
1260839010647396361
1260839010806595584
1260839010777411584
1260839010865471489
1260839010802388992
1260839013197516803
1260839013193146368
1260839013382000640
1260839013323362306
1260839013327536130
1260839013486911488
1260839013084278784
1260839013570789376
1260839013478531072
1260839013729972224
1260839013847449600
1260839013205721088
1260839013998571520
1260839014052925440
1260839014074068992
1260839014141173760
1260839014220922882
1260839014262865920
1260839013449035776
1260839012954181632
1260839014384492544
1260839014493552640
1260839014526930946
1260839014564757505
1260839014677929985
1260839014552272898
1260839014703288320
1260839014715793408
1260839014631956480
1260839014896037888
1260839015059722241
1260839014980030465
1260839015076507649
1260839015043018757
1260839015055417346
1260839015072370688
1260839014967508994
1260839015093121024
1260839015189807104
1260839015223136256
1260839015147864065
1260839015286280192
1260839002900508672
1260839008537583621
1260839014141050882
1260839014476779520
1260839015261093889
1260839015327993856
1260839015642738689
1260839015621722112
1260839017463058433
1260839017437855745
1260839017572184067
1260839017593135105
1260839017412689920
1260839017756721152
1260839017823834113
1260839017395785731
1260839017911910400
1260839017609703425
1260839010496319488
1260839013969276929
1260839017865674754
1260839018079584257
1260839018100453376
1260839017966436354
1260839018138222592
1260839017974763521
1260839018222292995
1260839018238840834
1260839018540998656
1260839018406785025
1260839018494754816
1260839018650099712
1260839018591379457
1260839018734014465
1260838999255470080
1260839004393533442
1260839005337399297
1260839006486609920
1260839018868195328
1260839004355919872
1260839005039534081
1260839018767532032
1260839018343866369
1260839011222016000
1260839017098043393
1260839019203694593
1260839019224674304
1260839019170140161
1260839019253952513
1260839019300057088
1260839019165945856
1260839019329527808
1260839019430113281
1260839019589644288
1260839019543478272
1260839019522535424
1260839019509735424
1260839019677704203
1260839021690920961
1260839021682610176
1260839021586059269
1260839021711892480
1260839021850308608
1260839021846167562
1260839021837791233
1260839021393166343
1260839021896318982
1260839021984583680
1260839022022311944
1260839022068477952
1260839022215090176
1260839021565140993
1260839022173327361
1260839022211014657
1260839022269657088
1260839022215258116
1260839022265589760
1260839022198493185
1260839022315929601
1260839022357696512
1260839022345191424
1260839022169075712
1260839022424764416
1260839022508859392
1260839022500470784
1260839021464281088
1260839022743732226
1260839022760472576
1260839022781509634
1260839019862200320
1260839022412181505
1260839022881959938
1260839022861135874
1260839022815055872
1260839022840201217
1260839023095869440
1260839023163006983
1260839023238459392
1260839023225995270
1260839022382977028
1260839023192530944
1260839023347593217
1260839023322390530
1260839023452528640
1260839023511080960
1260839023507054595
1260839023511298054
1260839023469158400
1260839025860128768
1260839025872646146
1260839025763590144
1260839025847537664
1260839025910452224
1260839025960783875
1260839026048880641
1260839026136772608
1260839026086600705
1260839026094833665
1260839026363424770
1260839026472497153
1260839026455699456
1260839026254319616
1260839026543570944
1260839026526957568
1260839026484899840
1260839026543689729
1260839026103328768
1260839026682146818
1260839026619285504
1260839026761912320
1260839026719731712
1260839026820550656
1260839026824753152
1260839026761895937
1260839026992578560
1260839026967425024
1260839026484887552
1260839027038539776
1260839026950418432
1260839027000803329
1260839027009130498
1260839027051098113
1260839027143401472
1260839027172880384
1260839027323949056
1260839027021930496
1260839027357474816
1260839027462279170
1260839027508277251
1260839027525197825
1260839027516694528
1260839027667763200
1260839027701362699
1260839027759910912
1260839027734917121
1260839027713941504
1260839027772657664
1260839027722223616
1260839030020857858
1260839030159278080
1260839030188642305
1260839030352228353
1260839030360596481
1260839030352216064
1260839030356414466
1260839030364631040
1260839029618008065
1260839030549143553
1260839030062632960
1260839030570303491
1260839030545096714
1260839030574518274
1260839030561931264
1260839030838538242
1260839030880636928
1260839031056695298
1260839031098585089
1260839031140737024
1260839031157297152
1260839031228657665
1260839031287537664
1260839031203651584
1260839030951825408
1260839031455117314
1260839031207653376
1260839031354490881
1260839031417589760
1260839031513837571
1260839031635537922
1260839031585136641
1260839031539224576
1260839031530651648
1260839031815966722
1260839031203454978
1260839031799242752
1260839031958536192
1260839031899856901
1260839032050929664
1260839032080134144
1260839031958634496
1260839032071892993
1260839032092688385
1260839032210292736
1260839032294178816
1260839032021377024
1260839032407261189
1260839032373862401
1260839032457760773
1260839032449372167
1260839034164785158
1260839034173247489
1260839034118639616
1260839034164776961
1260839034206801926
1260839034173001729
1260839034231779328
1260839034181615616
1260839034407944193
1260839034344988673
1260839034319929345
1260839034437468161
1260839034559115264
1260839034592485377
1260839034567434240
1260839034508718080
1260839034529742849
1260839034735091712
1260839034680680449
1260839034689146881
1260839034592522241
1260839034668175361
1260839034768809985
1260839034873675776
1260839034835828737
1260839034835931136
1260839034764488709
1260839034915442689
1260839034995175426
1260839035024654337
1260839034999341059
1260839035028865025
1260839035121139712
1260839035074940928
1260839035108380672
1260839035074838528
1260839035179872256
1260839035137908736
1260839035167059968
1260839035381129218
1260839035272146945
1260839035104137218
1260839035439849472
1260839035456630784
1260839035536314379
1260839035427155968
1260839035637043200
1260839035616006144
1260839035708346369
1260839035641176064
1260839038409474048
1260839038572916736
1260839038564667393
1260839038623158273
1260839038606553088
1260839038690496513
1260839038598209537
1260839038757539842
1260839038661124097
1260839038912618500
1260839038820417536
1260839038963113984
1260839038921007104
1260839038824701952
1260839039151812608
1260839039101472768
1260839039059390467
1260839039160029184
1260839039139295233
1260839039185256448
1260839039214723073
1260839039348826112
1260839039252520961
1260839039483207681
1260839039382564864
1260839039550271490
1260839039709650944
1260839039831334919
1260839039801974784
1260839039961198592
1260839039965425664
1260839039999127553
1260839040112263169
1260839040250785793
1260839040246362112
1260839040263184385
1260839040292700165
1260839039806197760
1260839040351440898
1260839040393322502
1260839040259026944
1260839040435122176
1260839040527609857
1260839040565121026
1260839040594718721
1260839040649015296
1260839040657567744
1260839040879783936
1260839040900792320
1260839040871325696
1260839042633084928
1260839042649862147
1260839042607992833
1260839042683490305
1260839042603798528
1260839042641518597
1260839042574192640
1260839042817634308
1260839042742181888
1260839042809311236
1260839042918289410
1260839042679218177
1260839042905706497
1260839042960195584
1260839042851188737
1260839042612150273
1260839042964500481
1260839043090329600
1260839043102883840
1260839043186651136
1260839043199234048
1260839043086123016
1260839043161604097
1260839043274809349
1260839043316609024
1260839043329376256
1260839042368897024
1260839043463430144
1260839043484528643
1260839043543076865
1260839043606052866
1260839043622977536
1260839043757211649
1260839043698491394
1260839043702587392
1260839043761410048
1260839043580993538
1260839043769737216
1260839043769593856
1260839043807363072
1260839044004458497
1260839044113674240
1260839044197613568
1260839044189126657
1260839043933147136
1260839044235304960
1260839044210024448
1260839044302454784
1260839044344418306
1260839044436635648
1260839046873522176
1260839046776909831
1260839046915506176
1260839046881959936
1260839046898544640
1260839046928097280
1260839046982533126
1260839046986727425
1260839047125073921
1260839047104286720
1260839047154610178
1260839047347527680
1260839047381028866
1260839047376887808
1260839047305531392
1260839047431323649
1260839047414583296
1260839047381082112
1260839047473147905
1260839047624179712
1260839047628546048
1260839047599030272
1260839047557242887
1260839047704055809
1260839047758569473
1260839047817240576
1260839047787958272
1260839047699857409
1260839047892807680
1260839048232333312
1260839048341606405
1260839048366653441
1260839048416882690
1260839048316362753
1260839048018419712
1260839048454852612
1260839048504946688
1260839048534462465
1260839048517689346
1260839048576303109
1260839048672927746
1260839048643588096
1260839048752631810
1260839048677076993
1260839048844894208
1260839048945508352
1260839048928788483
1260839048991645696
1260839048748208129
1260839048941170688
1260839051034161152
1260839050891743232
1260839051164254210
1260839051244036096
1260839051202101249
1260839051218825216
1260839051235454976
1260839051218653184
1260839051374059520
1260839051336138755
1260839050841333761
1260839051436756994
1260839051529203712
1260839051361386496
1260839051550167042
1260839051390828545
1260839051608969218
1260839051634135041
1260839051302785025
1260839051818528768
1260839051768270848
1260839051843829760
1260839051806023680
1260839051831185408
1260839051877404673
1260839051994816515
1260839052137332737
1260839052053536768
1260839052162371585
1260839052120657920
1260839051424403456
1260839052254646273
1260839052238098441
1260839052070305797
1260839051931811840
1260839052682592257
1260839051902562305
1260839052745605121
1260839052733026304
1260839052720275456
1260839052858650630
1260839052783345664
1260839052783357952
1260839052951064576
1260839052930097152
1260839052976275456
1260839052867223552
1260839053013839872
1260839053110501378
1260839053181632512
1260839055404740613
1260839055404740611
1260839055366946818
1260839055392215042
1260839055224385537
1260839055379640326
1260839055492694017
1260839055295762433
1260839055706730497
1260839055652270080
1260839055677423616
1260839055656456192
1260839055756980224
1260839055719161858
1260839055878696963
1260839055899734022
1260839055706578944
1260839055362834434
1260839055992008704
1260839055991996421
1260839055987625985
1260839055857782784
1260839056125997056
1260839055681400832
1260839056109457408
1260839056080019460
1260839056025554944
1260839056289730560
1260839056335941634
1260839056423911424
1260839056474361856
1260839056465727491
1260839056226889732
1260839056637702144
1260839056713363456
1260839056696414208
1260839056633667584
1260839056805638144
1260839056729989120
1260839056843268096
1260839057128665095
1260839057044594688
1260839057157877761
1260839057090723841
1260839057107701763
1260839057258508288
1260839057048965121
1260839057371942912
1260839057325723649
1260839057405296644
1260839059523436546
1260839059523436545
1260839059431153665
1260839059561340928
1260839059645054978
1260839059607310336
1260839059607498753
1260839059678810112
1260839059745902593
1260839059750105093
1260839059812790272
1260839059901087745
1260839059951247360
1260839059771068417
1260839059972333568
1260839059880116225
1260839059984920579
1260839059988963328
1260839059615703040
1260839060098224128
1260839059653644289
1260839060173500416
1260839060274384896
1260839060333092864
1260839060236570626
1260839060261662720
1260839060341354497
1260839060446167043
1260839060408610818
1260839060404199430
1260839060505051137
1260839060471296000
1260839060441935872
1260839060567982081
1260839060517597185
1260839060551217155
1260839060484079616
1260839060563587074
1260839060551028736
1260839060609929217
1260839060630843392
1260839060731564033
1260839060743938049
1260839060739969024
1260839060781674496
1260839060752531456
1260839060878159872
1260839060882546688
1260839060890718209
1260839060819435522
1260839063554273280
1260839063243948033
1260839063508193281
1260839063722102784
1260839063709462529
1260839063776460807
1260839063801729025
1260839063348817920
1260839063877279745
1260839063726129152
1260839063772422144
1260839063835336704
1260839063885623297
1260839063843717126
1260839063965368320
1260839063780818944
1260839063826960384
1260839063998824448
1260839064070057984
1260839064116346880
1260839064191881217
1260839064103718912
1260839064254713856
1260839064225316865
1260839064334262273
1260839064388812801
1260839064544174081
1260839064623738880
1260839064556539906
1260839064091189250
1260839064703401984
1260839064678227969
1260839064623816705
1260839064753889281
1260839064565092352
1260839064728674309
1260839064716087298
1260839064682541057
1260839064619692032
1260839064506261505
1260839064808407040
1260839064707624963
1260839064854507522
1260839064951042048
1260839065055830016
1260839065026510849
1260839065123016705
1260839065051631616
1260839065194082304
1260839065118806016
1260839067794780166
1260839067895377920
1260839067874443264
1260839067736047616
1260839068042170371
1260839067861868544
1260839067937394689
1260839068092387329
1260839068239376385
1260839068176441345
1260839068067229698
1260839068277104641
1260839068293754881
1260839067845091328
1260839068344057856
1260839068448980993
1260839067828154374
1260839068390350848
1260839068419555328
1260839068499349504
1260839068625104896
1260839068415307777
1260839068667129856
1260839068772052992
1260839068906082304
1260839069044690944
1260839069011120128
1260839068922863616
1260839069120159744
1260839068700684288
1260839069140959232
1260839069233315841
1260839069229121536
1260839069250195458
1260839069124366342
1260839069283758082
1260839069271101441
1260839069359235072
1260839069224964098
1260839069434724355
1260839069149528064
1260839068449021958
1260839069262675968
1260839069438709760
1260839069577293829
1260839069636067328
1260839069514268672
1260839069644460033
1260839069552164872
1260839069547986944
1260839071942733825
1260839071896739840
1260839071913439232
1260839071942766592
1260839071791943680
1260839072089747456
1260839072144252928
1260839071917711361
1260839072328646659
1260839071523450881
1260839072211308545
1260839072517566464
1260839072462929921
1260839072563638277
1260839072597237760
1260839072467050496
1260839072542519296
1260839072668377088
1260839072647372808
1260839072697913344
1260839072727212033
1260839072672735232
1260839072580460544
1260839072890851328
1260839072785936385
1260839073004040193
1260839073092194306
1260839072995725312
1260839072982941702
1260839073058603008
1260839073155092480
1260839073066807297
1260839073280917504
1260839073293512704
1260839073314410496
1260839073381412864
1260839073465409536
1260839073712943104
1260839073725308928
1260839073792634880
1260839073746489345
1260839073867919362
1260839073876520960
1260839073943560192
1260839073930899456
1260839073968558080
1260839074056847360
1260839074069446657
1260839074241212417
1260839074329497601
1260839076279644162
1260839075961016320
1260839076376297472
1260839076208525312
1260839076472725505
1260839076413882370
1260839076447621121
1260839076472721408
1260839076552474625
1260839076657152000
1260839076531335169
1260839076665548801
1260839076573384707
1260839076699258882
1260839076602638336
1260839076682440705
1260839076732624897
1260839076707483648
1260839076799774720
1260839076795645953
1260839077009592321
1260839076858560512
1260839077160595456
1260839077114449921
1260839076992897026
1260839077160484864
1260839077026451456
1260839077110308869
1260839077164625920
1260839077164847106
1260839077219381249
1260839077051498496
1260839077324226560
1260839077449887744
1260839077470928898
1260839077399498754
1260839077521379334
1260839077500170242
1260839077412106241
1260839077580017672
1260839077659598848
1260839077663903745
1260839077789630466
1260839077827485699
1260839077831557121
1260839077945004032
1260839075877130240
1260839078024617984
1260839077978337280
1260839077563097089
1260839080360722432
1260839080335572992
1260839080578908161
1260839080495104001
1260839080625008641
1260839080255991813
1260839080482537472
1260839080335638530
1260839080675422208
1260839080729784325
1260839080834641920
1260839080721596416
1260839080935387137
1260839080926969863
1260839081027809280
1260839080776151041
1260839081145241607
1260839081153617927
1260839081191211009
1260839081006768128
1260839081350696963
1260839081401036812
1260839081333927936
1260839081640169473
1260839081673515009
1260839081707274241
1260839081791152128
1260839081803644928
1260839081715486721
1260839081660956672
1260839081635962880
1260839081812115456
1260839081870753792
1260839082042761217
1260839082202144768
1260839082114142215
1260839082059497474
1260839082210611201
1260839081514237952
1260839082181025793
1260839082160078849
1260839082302767105
1260839082302640130
1260839082294497280
1260839082411909120
1260839082244145154
1260839082340450305
1260839082453852161
1260839082449670144
1260839082474614784
1260839084513038337
1260839084467126275
1260839084315951104
1260839084500680705
1260839084592738304
1260839084622319616
1260839084609753088
1260839084618113024
1260839084706103297
1260839084714590208
1260839084597133312
1260839084299358210
1260839084987158528
1260839084911714305
1260839084919934976
1260839085020676097
1260839085041545216
1260839085138227201
1260839085251452929
1260839085184253953
1260839085255659520
1260839085192724486
1260839085301796868
1260839085414940672
1260839085234704384
1260839085331095556
1260839085322584064
1260839085419171840
1260839085394087936
1260839085310173185
1260839085461078017
1260839085486284800
1260839085532418048
1260839085498871808
1260839085494530048
1260839085285036040
1260839085658255360
1260839085641551872
1260839085633146880
1260839085570174977
1260839085712670720
1260839085805101056
1260839086018961409
1260839086073446401
1260839086077571072
1260839086165831681
1260839086161625090
1260839086295826432
1260839086052511745
1260839086044127232
1260839088804036617
1260839088879476736
1260839088749502465
1260839088946470913
1260839088921251842
1260839089068269569
1260839089236041733
1260839089215016965
1260839088938201090
1260839089349308416
1260839089399566336
1260839089542070273
1260839089517051908
1260839089625952258
1260839089722535936
1260839089605140480
1260839089743503360
1260839089806299136
1260839089689034753
1260839089793904641
1260839089844166656
1260839089890353154
1260839090020384768
1260839089982472194
1260839090133426176
1260839090133651456
1260839090381037569
1260839090347552773
1260839090531909632
1260839090540478464
1260839090515296256
1260839090653745152
1260839090611556352
1260839090578219008
1260839090716643328
1260839090712465408
1260839090615959561
1260839090628505602
1260839090720616449
1260839090955653120
1260839090989289473
1260839091312013312
1260839091353948160
1260839091563827203
1260839091525976066
1260839091547103236
1260839091605778432
1260839091647778818
1260839091639209984
1260839091718901760
1260839093002477569
1260839092931252224
1260839093040230401
1260839093010935808
1260839092960366592
1260839092926861316
1260839092922667008
1260839093115682816
1260839093119807494
1260839093094604800
1260839093233164290
1260839093245747206
1260839093056835584
1260839093140959233
1260839093316939777
1260839093166112770
1260839093300350977
1260839093430292483
1260839093530918912
1260839093539229697
1260839093698793472
1260839093694595073
1260839093761708035
1260839093765836801
1260839093212073985
1260839093950451712
1260839093933682690
1260839094055251968
1260839094071910400
1260839094189461504
1260839094210318337
1260839094122315777
1260839094269034497
1260839094151548928
1260839094319411200
1260839094395064320
1260839094432731136
1260839094504116224
1260839094491504642
1260839094483062784
1260839094634102786
1260839094592012290
1260839094596272131
1260839094659223553
1260839094793449472
1260839094701047808
1260839094751334401
1260839094810292227
1260839094730420225
1260839094810279938
1260839097121165312
1260839097180061696
1260839097029079040
1260839097196843008
1260839097259700225
1260839097230340098
1260839097335152646
1260839097448517632
1260839097486188544
1260839097465278465
1260839097259757568
1260839097423331329
1260839097339457541
1260839097393790976
1260839097603686401
1260839097586810880
1260839097620410368
1260839097729454080
1260839097733541888
1260839097834237954
1260839097251192832
1260839097943429120
1260839097813225473
1260839097964380161
1260839097796460544
1260839098060640259
1260839098102607873
1260839097939058689
1260839098094321664
1260839098152968192
1260839098232836096
1260839098173939715
1260839098140549121
1260839098253598721
1260839098308333575
1260839098035646464
1260839098329284608
1260839098224345090
1260839098266329088
1260839098391990272
1260839098517991424
1260839098576666624
1260839098635423747
1260839098710777859
1260839098698235906
1260839098476122114
1260839098668986369
1260839098991992833
1260839098991992832
1260839099021307904
1260839101281865728
1260839101361684487
1260839101332365318
1260839101441339397
1260839101462392833
1260839101500178433
1260839101529538561
1260839101399478273
1260839101642702849
1260839101634207746
1260839101651017728
1260839101676367872
1260839101684568066
1260839101621850112
1260839101743456256
1260839101734907909
1260839101814603776
1260839101881815040
1260839101986529283
1260839102058041344
1260839102187843585
1260839102271938560
1260839102116749313
1260839102343241729
1260839102376804353
1260839102271848449
1260839102385192963
1260839102431268864
1260839102259367937
1260839102519357440
1260839102687129601
1260839102666215425
1260839102670229509
1260839102804643840
1260839102779240450
1260839102825369601
1260839102989115393
1260839103022718976
1260839102989176832
1260839102691397632
1260839102938861568
1260839103014359041
1260839102955565056
1260839103161151490
1260839103177818113
1260839103190519808
1260839103131574279
1260839103303565313
1260839103416934402
1260839103471529989
1260839105539321857
1260839105568612352
1260839105690296322
1260839105639911424
1260839105316954112
1260839105748856833
1260839105828540416
1260839105773973504
1260839105832706050
1260839105929281536
1260839105987874816
1260839105983848450
1260839105325400064
1260839105975459842
1260839106055192576
1260839106017325058
1260839105920995328
1260839106059407360
1260839106365415424
1260839106222882825
1260839106336239616
1260839106377990144
1260839106461839360
1260839106407362562
1260839106558525440
1260839106604683269
1260839106625536000
1260839106759843841
1260839106579496962
