1255980076451102723
1255980076644081664
1255980076648333321
1255980076715307010
1255980076774109184
1255980076773998592
1255980076677685253
1255980076723851272
1255980076870430720
1255980076895662081
1255980076816105472
1255980079936679936
1255980079735324672
1255980079710187520
1255980079802470401
1255980079789850625
1255980079781498887
1255980079777230849
1255980079798239233
1255980079877894149
1255980079848591361
1255980079697575939
1255980079785656320
1255980079966011392
1255980079965810689
1255980080041537538
1255980079990968321
1255980079961776131
1255980079861174272
1255980079957639168
1255980080020496385
1255980080133812229
1255980077491253248
1255980080108638221
1255980079953436675
1255980080154710017
1255980080209309696
1255980080242855936
1255980080288993280
1255980080255418369
1255980080309903362
1255980080226058242
1255980080364498944
1255980080431587329
1255980080322490371
1255980080226021377
1255980080360128513
1255980080406212608
1255980080246988803
1255980080452579331
1255980080519614464
1255980080435585025
1255980080557367298
1255980080548835328
1255980080343506946
1255980080490135552
1255980080439984130
1255980080586723328
1255980080532160512
1255980080624472067
1255980080624553989
1255980083984109571
1255980083946221569
1255980083988365315
1255980083933782022
1255980084059660289
1255980083950616577
1255980084034301952
1255980084009238533
1255980083937976322
1255980084260986880
1255980084051181573
1255980084265132032
1255980084281749504
1255980084462305282
1255980084458127360
1255980084546031616
1255980084525228033
1255980084537765888
1255980084558782465
1255980084609122306
1255980084567162886
1255980084663513088
1255980084642541568
1255980084722151432
1255980084697030656
1255980084802043905
1255980084810448899
1255980084730748930
1255980084806156298
1255980083258556416
1255980084806201347
1255980084760018948
1255980084860801024
1255980084869005312
1255980084915101696
1255980084852396035
1255980085095526400
1255980084990750722
1255980084990746625
1255980085028491264
1255980084885893121
1255980084873302019
1255980085192142849
1255980085200523266
1255980084868964353
1255980085292777475
1255980085305151488
1255980084688814081
1255980085347319808
1255980085460557826
1255980088186863622
1255980088191049733
1255980088191057921
1255980088249720832
1255980088279080960
1255980088350441473
1255980088484491264
1255980088245575685
1255980088304087040
1255980088140718080
1255980088342065158
1255980088471875585
1255980088635637764
1255980088648073217
1255980088631463938
1255980088635637761
1255980088652423177
1255980088790843399
1255980088765513728
1255980088811806720
1255980088841158656
1255980088816001025
1255980088971022336
1255980088975294468
1255980088992174080
1255980088857956353
1255980088979587072
1255980089151545344
1255980088941662208
1255980089222868994
1255980089117937667
1255980089189285888
1255980089289904129
1255980089428152320
1255980089411395584
1255980089357066250
1255980089306537985
1255980089415806977
1255980089222758403
1255980089411600385
1255980089440907265
1255980089407406084
1255980089478721536
1255980089566732289
1255980089285599232
1255980089394814978
1255980089688371202
1255980089537441807
1255980089680027653
1255980089717776384
1255980092360097793
1255980092423102467
1255980092242657281
1255980092372680704
1255980092297302016
1255980092343418880
1255980092469190662
1255980092452409346
1255980092406325248
1255980092347613185
1255980092347445250
1255980092527988737
1255980092519354368
1255980092444020736
1255980092553146375
1255980091475140608
1255980092456497152
1255980092452454400
1255980092670586885
1255980092678983683
1255980092695678977
1255980092699918337
1255980092662177797
1255980092641226753
1255980092595060740
1255980092687343621
1255980092829904899
1255980092930568193
1255980092729131010
1255980092951597057
1255980092989345794
1255980092947337223
1255980092976590848
1255980093031305218
1255980092997713920
1255980093102579712
1255980093094219777
1255980093152911361
1255980092972576773
1255980093056454657
1255980093157060608
1255980093194809344
1255980093245136896
1255980093333176327
1255980093404442625
1255980093417152512
1255980093371035653
1255980093182291972
1255980093375229953
1255980093366841348
1255980096625807367
1255980096675930112
1255980096734756864
1255980096713867265
1255980096780828674
1255980096764219393
1255980096793567232
1255980096797761537
1255980096780894210
1255980096961359872
1255980097015709697
1255980096894259201
1255980097015668736
1255980097040941059
1255980096776736769
1255980097166860288
1255980097045065728
1255980097145839617
1255980097179353089
1255980097204391936
1255980097229774848
1255980097238110210
1255980097154297862
1255980097229803521
1255980097347244038
1255980097221259264
1255980097279934464
1255980096307027981
1255980097384955904
1255980097380798465
1255980097468862466
1255980097259163648
1255980097573490689
1255980097573662721
1255980097431011330
1255980097409933312
1255980097699565570
1255980097661628417
1255980097712074752
1255980097690931200
1255980097468858370
1255980097791803397
1255980097820975104
1255980097863024641
1255980097779179520
1255980097888190464
1255980097867255817
1255980097951105029
1255980097217142785
1255980098013917185
1255980100824240129
1255980100811661315
1255980100794740737
1255980100895440896
1255980100669112321
1255980100895547392
1255980100866183172
1255980100853673996
1255980100765593600
1255980100841062400
1255980100560044036
1255980100941684736
1255980100878770176
1255980101134671873
1255980101071785986
1255980101105303552
1255980101029765121
1255980100841017344
1255980101088489473
1255980101210116097
1255980101323444225
1255980101197533186
1255980101197615110
1255980101340102660
1255980101327560710
1255980101197533184
1255980101344296963
1255980101155590144
1255980101457543170
1255980101470224386
1255980101453348865
1255980101600190467
1255980101688266752
1255980101344378882
1255980101617029121
1255980101751070720
1255980101763727360
1255980101814095873
1255980101512069120
1255980101767958531
1255980101948276739
1255980101939806208
1255980101185011712
1255980102036393996
1255980101969350656
1255980101998727173
1255980101340143618
1255980102011293701
1255980102099202048
1255980102153838592
1255980105089851393
1255980105102430209
1255980105224069121
1255980105215680516
1255980104695656453
1255980105169543174
1255980105412853762
1255980105253429251
1255980105362477056
1255980105396105216
1255980105563807748
1255980105576243200
1255980105438035968
1255980105589043202
1255980105630978050
1255980105190436866
1255980105601433601
1255980105685299200
1255980105744158720
1255980105567883269
1255980105710665734
1255980105744166912
1255980105681244161
1255980105882406917
1255980105865838592
1255980105739845632
1255980105962315778
1255980106050342919
1255980105945559041
1255980106100748289
1255980106146811904
1255980105991667712
1255980106088173568
1255980106218078209
1255980106289262596
1255980106088153088
1255980106318831623
1255980106482438154
1255980106394136576
1255980106432106499
1255980106507583501
1255980106436284417
1255980106356527105
1255980106427875328
1255980106578788359
1255980106595663874
1255980105622589441
1255980106088157186
1255980106591416320
1255980106465583106
1255980109108056068
1255980109141553157
1255980109191876608
1255980109359529984
1255980109405790208
1255980109464559616
1255980109430956041
1255980109531623425
1255980109573611521
1255980109540012032
1255980109518995456
1255980109632204800
1255980109774966789
1255980109690834944
1255980109548400640
1255980109640671238
1255980109632282629
1255980109506453504
1255980109707784193
1255980109795901440
1255980109837860865
1255980109795864581
1255980109716209666
1255980109892390913
1255980109758107648
1255980109846253568
1255980109850435584
1255980109867163652
1255980109988847616
1255980110018154498
1255980108847996928
1255980110051774465
1255980110118707201
1255980110177501184
1255980110009774082
1255980110181797890
1255980110194323458
1255980110206758912
1255980110244610053
1255980109481177088
1255980108403355648
1255980110395527169
1255980110445936640
1255980110303371265
1255980110395686913
1255980110508941313
1255980110382956544
1255980110383132675
1255980110391291905
1255980110521536518
1255980113390379008
1255980113365262336
1255980112828399617
1255980113386180609
1255980113461723140
1255980113444909057
1255980113369403393
1255980113319075840
1255980113482694657
1255980113499480064
1255980113553846272
1255980113457537027
1255980113453293576
1255980113306497024
1255980113616912386
1255980113558155266
1255980113658855424
1255980113763553280
1255980113608544258
1255980113633697793
1255980113839226890
1255980113679745025
1255980113709002754
1255980113948114944
1255980113851748357
1255980113805672448
1255980113918861313
1255980114011185152
1255980113948225537
1255980114099220486
1255980113956651011
1255980114128646148
1255980114027970560
1255980114124382209
1255980114044751874
1255980114082516992
1255980113960882177
1255980114199879680
1255980114124431365
1255980114183163908
1255980114262863872
1255980114216718337
1255980114195570691
1255980114170376193
1255980114220847105
1255980114183172101
1255980114279464960
1255980114279530497
1255980114333937665
1255980114183143426
1255980117563670531
1255980117530198017
1255980117551190016
1255980117563592704
1255980117559574528
1255980117660237824
1255980117710573578
1255980117689421824
1255980117337214981
1255980117274365954
1255980117681111040
1255980117668569090
1255980117664452611
1255980117786058754
1255980117702119425
1255980117807030273
1255980117534429188
1255980117802676229
1255980117727350785
1255980117836398599
1255980117823799296
1255980117840584704
1255980117957935104
1255980118012563464
1255980117828030464
1255980118012563463
1255980117869953026
1255980118109020163
1255980118092234753
1255980118121615360
1255980118192934913
1255980118331310080
1255980118104854528
1255980118222258182
1255980118285053952
1255980118402613254
1255980118134132743
1255980118423547904
1255980118368899074
1255980118369021952
1255980118335524870
1255980118419308544
1255980118457094144
1255980118448758789
1255980118536790016
1255980118566146049
1255980118511620097
1255980118712803328
1255980118641479685
1255980118855434240
1255980121829212160
1255980121636429825
1255980121900580864
1255980121795842051
1255980121909014529
1255980121816793089
1255980121850347527
1255980121753817088
1255980121934180353
1255980121946816513
1255980122013700096
1255980121955209216
1255980122101870592
1255980122051502081
1255980122026528768
1255980122081038348
1255980122093608962
1255980122126954496
1255980122202673156
1255980122223579136
1255980122307526657
1255980122357870592
1255980122324078593
1255980122240421890
1255980122433191943
1255980122353463296
1255980122370441218
1255980122504663040
1255980122232012802
1255980122433302532
1255980122496094209
1255980122533793793
1255980122533920770
1255980122009677829
1255980122634547200
1255980122449956864
1255980122621919233
1255980122542391296
1255980122500456452
1255980122429063171
1255980122747949061
1255980122693349376
1255980122764652544
1255980122881929216
1255980122844299265
1255980122852732928
1255980122781483009
1255980122739544066
1255980122802458635
1255980122873556993
1255980126036267009
1255980125956571136
1255980126128373761
1255980126107512833
1255980125423906816
1255980126187159559
1255980126262579200
1255980126304690178
1255980126220795909
1255980126187278338
1255980126287941635
1255980126266970113
1255980126304710664
1255980126489083904
1255980126417719297
1255980126493454337
1255980126497579009
1255980126539526144
1255980126535327744
1255980126552064000
1255980126623457281
1255980126661152769
1255980126732537862
1255980126703104000
1255980126816305154
1255980126837374976
1255980126799609857
1255980126887706624
1255980126828806145
1255980126719926273
1255980126849957888
1255980126841401347
1255980126770249728
1255980126401003521
1255980127026122752
1255980126921261062
1255980126824775680
1255980127026102279
1255980126761816072
1255980127114137600
1255980127160336386
1255980127202217990
1255980126996557824
1255980127193890816
1255980127210668032
1255980127210688512
1255980127298760705
1255980127332294657
1255980127273586696
1255980127223189504
1255980128036966402
1255980130159267846
1255980130091991040
1255980130259869696
1255980130360590336
1255980130201227267
1255980130201219075
1255980130393939968
1255980130272509953
1255980130352103425
1255980130356297735
1255980130352001025
1255980130507333637
1255980130327056385
1255980130456834049
1255980130448609282
1255980130519916545
1255980130452660224
1255980130020671488
1255980130528301064
1255980130435915776
1255980130578685954
1255980130708660224
1255980130167595013
1255980130691842053
1255980130729512960
1255980130775728128
1255980130784198662
1255980130448691201
1255980130708664322
1255980130830356480
1255980130733715456
1255980130725396480
1255980130830344193
1255980130872233984
1255980130972733440
1255980130947657728
1255980130767380482
1255980130985484292
1255980131044163585
1255980131127943169
1255980130985369601
1255980131094540289
1255980131048456199
1255980131090341893
1255980130637316097
1255980131216232449
1255980131040051200
1255980131136372736
1255980131224616960
1255980131249606656
1255980134336811009
1255980134085033984
1255980133967691777
1255980134357585920
1255980134441549828
1255980134307368961
1255980134382870529
1255980134529593344
1255980134546325504
1255980134487568384
1255980134454177798
1255980134475194370
1255980134550642688
1255980134584238080
1255980134500388864
1255980134525546497
1255980134592507905
1255980134584274951
1255980134722658309
1255980134709919744
1255980134622007297
1255980134860943360
1255980134848479234
1255980134563266560
1255980134856822784
1255980135041376257
1255980135104360451
1255980135116931073
1255980135066619907
1255980135246901249
1255980135313965057
1255980135301419008
1255980135284539392
1255980135330844677
1255980135087366146
1255980135108562946
1255980135356026882
1255980135402090501
1255980135360139266
1255980135431503873
1255980135313899520
1255980135443988482
1255980135372558336
1255980135389499392
1255980135540420608
1255980135523770368
1255980135586521088
1255980135188217857
1255980135498436609
1255980135662129154
1255980138551889922
1255980138606596097
1255980138501533697
1255980138170368006
1255980138602397696
1255980138480701440
1255980138644279297
1255980138711441408
1255980138602299399
1255980138723852288
1255980137759346689
1255980138690469895
1255980138782773248
1255980138786885632
1255980138791161856
1255980138799529985
1255980138598215680
1255980138883416064
1255980138791161860
1255980138874822663
1255980138799468546
1255980138769952773
1255980138883428352
1255980138988220422
1255980138652631042
1255980138942083078
1255980139067977729
1255980139021840385
1255980139130716161
1255980139084754944
1255980139072102401
1255980138623352833
1255980139252457480
1255980139189542919
1255980139206361089
1255980139210563585
1255980139231485953
1255980139353198593
1255980139352952833
1255980139453784065
1255980139361587200
1255980139478781953
1255980139390947334
1255980139617423360
1255980139533537282
1255980139588042759
1255980139667755008
1255980139600654337
1255980139575468038
1255980139172761601
1255980142725300224
1255980142679199747
1255980142549221376
1255980142683394055
1255980142784110592
1255980142712614912
1255980142666690561
1255980142750564352
1255980142641532930
1255980142884728837
1255980142708641795
1255980142867996675
1255980142867943425
1255980142851211265
1255980142993838088
1255980142876340225
1255980142947717120
1255980143014604801
1255980142926524416
1255980143132184579
1255980143115268096
1255980143060762625
1255980143144833027
1255980143153041408
1255980143081906183
1255980143299842049
1255980142855413761
1255980143228661762
1255980143220346880
1255980143320825856
1255980143358758915
1255980143316627456
1255980143279030273
1255980143316738048
1255980143383687169
1255980143450914820
1255980143442628608
1255980143564201984
1255980143547428866
1255980143308419073
1255980143497162753
1255980143425830913
1255980143723466755
1255980143572549635
1255980143727636481
1255980143820050432
1255980143815921666
1255980143815901184
1255980143862059010
1255980143765413889
1255980146932269059
1255980146990833667
1255980147074834432
1255980147041337344
1255980146923679744
1255980147125125129
1255980147133558784
1255980147121041412
1255980146953199617
1255980147196346368
1255980147225886720
1255980147246800896
1255980147095805953
1255980147137818625
1255980147309785088
1255980147280359426
1255980147280277504
1255980147133612032
1255980147364134912
1255980147213295616
1255980147234111488
1255980147196473350
1255980147406143491
1255980147355709440
1255980147020357635
1255980147376881664
1255980147519500288
1255980147502731264
1255980147506806785
1255980147561422848
1255980147590795264
1255980147477557249
1255980147645329410
1255980147481513984
1255980147615858695
1255980147683065860
1255980147729039362
1255980147599007744
1255980147661996036
1255980147741786114
1255980147829813251
1255980147683069952
1255980147645337600
1255980147917950979
1255980148006027272
1255980148022628352
1255980148005974018
1255980147569831936
1255980148064579584
1255980148135997441
1255980150526803968
1255980151105482754
1255980151004901377
1255980150979772423
1255980151042707458
1255980151181119491
1255980151189336065
1255980151210418181
1255980151248207873
1255980151252430849
1255980151348686848
1255980151348789248
1255980151348834304
1255980151432720385
1255980151386640389
1255980151436959747
1255980151407546370
1255980151529070592
1255980151554400266
1255980151608881152
1255980151566856192
1255980151550218241
1255980151596294144
1255980151566934017
1255980151730589698
1255980151742951424
1255980151776653313
1255980151818670080
1255980151692840960
1255980151885578240
1255980152028385284
1255980151755747329
1255980151856173056
1255980151990554631
1255980151969656842
1255980152082685952
1255980151990558722
1255980152045088768
1255980152170954753
1255980152170954752
1255980152036765696
1255980152284200960
1255980152347033606
1255980152393273346
1255980152158289920
1255980152346951680
1255980152418234368
1255980152531701772
1255980152523276288
1255980152510722054
1255980152355356672
1255980155283091458
1255980155304058881
1255980155325087745
1255980155391979520
1255980155413114881
1255980155337613319
1255980155442475008
1255980155421458432
1255980155400486912
1255980155367014403
1255980155593469952
1255980155354390528
1255980155463446530
1255980155652108288
1255980155715022848
1255980155723411456
1255980155836657664
1255980155769626624
1255980155723378688
1255980155690012673
1255980154981154816
1255980155878674435
1255980155643793416
1255980155983536128
1255980155916427269
1255980156004548611
1255980156000354306
1255980156033945609
1255980156017160196
1255980156046512129
1255980156037914624
1255980156134588416
1255980155597512704
1255980156059103234
1255980156252049408
1255980156272832512
1255980156176535554
1255980156121907200
1255980156256059392
1255980156340051968
1255980156428181510
1255980156428021761
1255980156453154816
1255980156373684224
1255980156444958721
1255980156398768133
1255980156352630789
1255980156411314176
1255980156524650497
1255980156583153664
1255980159477448704
1255980159582289920
1255980159427117056
1255980159628345348
1255980159569727496
1255980159636779008
1255980159691186176
1255980159766802435
1255980159628435456
1255980159708139522
1255980159825477636
1255980159875854342
1255980159850762246
1255980159888502786
1255980160005758976
1255980159905087488
1255980160106532865
1255980160140087300
1255980160177897473
1255980160114921473
1255980160169447424
1255980160265797633
1255980160253337600
1255980160265990145
1255980160265981960
1255980160358154241
1255980160395939841
1255980160345616386
1255980160526016523
1255980160500850688
1255980160605536256
1255980160458919938
1255980160538546180
1255980160681226253
1255980160731529216
1255980160672845824
1255980160689586176
1255980160660246529
1255980160660017153
1255980160735641600
1255980160710512642
1255980160697774086
1255980160773509121
1255980160769241090
1255980160920289281
1255980160949661696
1255980160911921154
1255980161071284230
1255980161033482240
1255980161025167363
1255980163709296641
1255980163566886914
1255980163545923584
1255980163772354562
1255980162983714816
1255980163743068160
1255980163730415619
1255980163776593922
1255980163529146368
1255980163872915456
1255980163856244743
1255980163872899072
1255980163864694791
1255980163856244745
1255980163814379520
1255980163809947648
1255980163864682498
1255980163784945665
1255980164032299008
1255980163994714112
1255980164065792001
1255980163969486848
1255980164065841152
1255980164154101761
1255980164019863555
1255980164066021376
1255980164128878595
1255980164149915648
1255980164057575427
1255980164229533698
1255980164133068802
1255980164233781248
1255980164271370240
1255980164204441601
1255980164183400450
1255980164267180033
1255980163780816902
1255980164065918976
1255980163608858626
1255980164426739714
1255980164510445568
1255980163977879558
1255980164430925826
1255980164514799616
1255980164497969152
1255980164535726080
1255980164523208705
1255980164552339457
1255980164649037826
1255980164263141376
1255980164741292032
1255980167933186049
1255980167945547778
1255980167870115840
1255980167886970880
1255980167782191106
1255980168067325954
1255980168121856011
1255980168100929537
1255980168096763906
1255980168050548736
1255980167509442561
1255980168138678277
1255980168180568064
1255980168235139072
1255980168293896192
1255980168180576257
1255980168184651776
1255980168163835904
1255980168448929793
1255980168293814276
1255980168390283264
1255980168306401280
1255980168465674240
1255980168440471552
1255980168516075522
1255980168625229824
1255980168495222784
1255980168595640322
1255980168608243720
1255980168675541004
1255980168734109698
1255980168549670913
1255980168683741184
1255980168717320192
1255980168713326592
1255980168813912066
1255980168822194176
1255980168809549830
1255980168826388480
1255980168801378310
1255980168834768897
1255980168784609282
1255980168893673484
1255980168927236097
1255980168885215232
1255980168994148352
1255980168977448961
1255980168889450502
1255980168973295616
1255980169065459712
1255980172076937216
1255980172060262405
1255980171837964289
1255980172114710528
1255980172047790090
1255980172152635394
1255980172253126656
1255980172173598720
1255980172202987521
1255980172068753413
1255980172345573377
1255980172362182658
1255980172429283328
1255980172341391366
1255980172425166850
1255980172387528706
1255980172357951488
1255980172429291521
1255980172387418112
1255980172462850048
1255980172412629003
1255980172643143680
1255980172668370945
1255980172802756609
1255980172790153216
1255980172580286464
1255980172962119682
1255980172899020801
1255980172823724032
1255980172995465216
1255980172995710990
1255980172962148353
1255980173138071552
1255980173104726016
1255980173180239874
1255980173192826880
1255980173205307392
1255980173335330818
1255980173255684103
1255980173192765447
1255980173444308992
1255980173318488064
1255980173469585409
1255980173494824961
1255980173498908673
1255980173536702464
1255980173473861635
1255980173352189952
1255980173566017537
1255980173687697410
1255980176250462209
1255980175881310209
1255980176145551362
1255980176313327621
1255980176346951681
1255980176116256771
1255980176342646789
1255980176032309249
1255980176468566019
1255980176338554881
1255980176154013696
1255980176481103874
1255980175625523200
1255980176640479232
1255980176573231104
1255980176573415427
1255980176636366848
1255980176648830983
1255980176669892611
1255980176674099201
1255980176795631619
1255980176657260545
1255980176829284353
1255980176875196418
1255980176925757443
1255980176913072128
1255980176955105280
1255980176888004614
1255980176921505792
1255980177080881152
1255980177093537793
1255980176778891265
1255980177026363392
1255980174627069952
1255980177038774272
1255980177089273856
1255980177143869440
1255980177168842752
1255980177252741122
1255980177042968576
1255980177127063552
1255980177022005248
1255980176997003266
1255980177106046977
1255980177294675969
1255980177156382721
1255980177445629952
1255980177420673025
1255980177240227850
1255980177403850753
1255980180453146626
1255980180608372736
1255980180415414273
1255980180599787521
1255980180524240896
1255980180708917249
1255980180675481606
1255980180738396161
1255980180599906305
1255980180822245376
1255980179874287616
1255980180662779904
1255980180927062019
1255980180545441799
1255980180969046021
1255980181031989248
1255980180968890369
1255980181145169922
1255980181237436423
1255980181346414592
1255980181149429761
1255980180918669313
1255980181321322496
1255980181337989120
1255980181405106176
1255980181438771201
1255980181434568706
1255980181472280586
1255980181447045121
1255980181594034177
1255980181640171523
1255980181719662592
1255980181635858434
1255980181719826432
1255980181623275520
1255980181841313792
1255980181896024068
1255980181887635457
1255980181828677632
1255980181996441600
1255980181937946624
1255980181963116544
1255980182101528576
1255980182113927168
1255980182122438661
1255980182000873474
1255980182164258817
1255980182260682753
1255980182336397312
1255980181963132934
1255980184676626432
1255980184571973636
1255980184689356800
1255980184592740352
1255980184676847616
1255980184769122305
1255980184831852544
1255980184722956289
1255980184794169346
1255980184853008387
1255980184907505665
1255980184861315081
1255980184936886277
1255980185012236288
1255980184911708164
1255980185020706816
1255980185079484416
1255980185188364288
1255980185201115136
1255980185243041797
1255980185163313155
1255980185180164096
1255980185310187521
1255980185230311424
1255980185247272960
1255980185440014336
1255980185477922817
1255980185322762241
1255980185490460675
1255980185532456961
1255980185566023683
1255980184525651969
1255980185612095489
1255980185691852802
1255980185641381889
1255980185582817280
1255980185637322755
1255980185800724481
1255980185788219399
1255980185905770497
1255980185763016704
1255980185876398080
1255980185951887360
1255980185784143872
1255980186031489026
1255980185960222726
1255980186098638851
1255980186140659713
1255980186069237763
1255980186211725312
1255980188887855110
1255980188845957121
1255980188782989312
1255980188870950913
1255980188938260487
1255980188837597184
1255980188950724611
1255980189072441352
1255980189005348864
1255980188913020928
1255980188837588992
1255980189084942337
1255980189097644035
1255980189206687745
1255980189273776138
1255980189118496768
1255980189227548675
1255980189261201409
1255980189286199297
1255980189328252928
1255980189282156551
1255980189202264065
1255980189323948032
1255980189470859267
1255980189395320832
1255980189349265409
1255980189462466561
1255980189546233856
1255980189336682496
1255980189571526656
1255980189512843265
1255980189496086529
1255980189529628672
1255980189579767808
1255980189579915264
1255980189579833346
1255980189722578944
1255980189563203592
1255980189542121474
1255980189714133001
1255980189785325569
1255980189709824000
1255980189789704203
1255980189835767808
1255980189881962496
1255980189802041346
1255980189869211649
1255980189856694273
1255980189739372544
1255980189785489409
1255980193082224647
1255980193048678401
1255980193145069570
1255980192746504192
1255980193035976705
1255980193140875265
1255980193187012608
1255980193115586560
1255980193031884805
1255980193140944897
1255980193275162625
1255980193337929728
1255980193258319878
1255980193275092992
1255980193329512449
1255980193379946497
1255980193426046979
1255980193551966210
1255980193379909632
1255980193551994885
1255980193577082880
1255980192926961666
1255980193539293184
1255980193589522432
1255980193476489217
1255980193459703808
1255980193665167362
1255980193577078785
1255980193694527489
1255980193770020870
1255980193715453952
1255980193770078208
1255980193581355008
1255980193778413572
1255980193895706625
1255980193908502536
1255980193694519300
1255980193430282246
1255980193921093637
1255980193669357571
1255980193958760454
1255980193925132288
1255980193958805506
1255980194042712064
1255980193967194113
1255980194114023427
1255980194097176576
1255980194042650626
1255980194206289925
1255980194122182658
1255980197246939136
1255980197242908674
1255980197129662467
1255980197242982403
1255980197192650754
1255980197293076480
1255980197276528641
1255980197331025922
1255980197184241664
1255980197414928384
1255980197368811527
1255980197259722752
1255980197389701120
1255980197301547008
1255980197276516357
1255980197515612168
1255980197477842944
1255980197565906946
1255980197515538434
1255980197448421377
1255980197515603974
1255980197616275456
1255980197603672069
1255980197620387849
1255980197700079618
1255980197796614149
1255980197708521481
1255980197750464512
1255980197742075906
1255980197783969792
1255980197880508416
1255980197939208197
1255980197918187521
1255980197867917329
1255980197834358793
1255980197893070849
1255980197993725952
1255980197951803397
1255980198060789762
1255980197452615682
1255980198014734346
1255980197939228681
1255980198140489731
1255980198211674112
1255980198157320194
1255980198174081024
1255980198144638978
1255980198161342464
1255980198203404288
1255980197867859969
1255980201411895296
1255980201139462144
1255980201311440896
1255980201147760653
1255980201416069120
1255980201391120386
1255980201563095040
1255980201558847491
1255980201563086848
1255980201558904838
1255980201630216200
1255980201764413441
1255980201714089986
1255980201730805761
1255980201550344192
1255980201764360196
1255980201693102082
1255980201818947584
1255980201684557825
1255980201764220929
1255980201802072064
1255980201827135489
1255980201894449152
1255980201902845952
1255980201856643073
1255980201965768705
1255980201957306375
1255980202003333120
1255980201978322950
1255980201906929670
1255980202032758786
1255980201932197890
1255980201923805186
1255980202062036992
1255980202188050433
1255980202238210048
1255980202187948034
1255980202343059462
1255980202225815552
1255980202074812418
1255980202200649730
1255980202301231105
1255980202477355012
1255980202456481794
1255980202510991362
1255980202406092801
1255980200887750656
1255980202498363393
1255980202406051843
1255980202632585223
1255980205618999296
1255980205715394560
1255980205656530944
1255980204821843968
1255980205694496772
1255980205639942152
1255980205799362560
1255980205832695808
1255980205862256640
1255980205799280642
1255980205585453056
1255980205774114822
1255980205820325888
1255980205748912129
1255980205979521024
1255980206017466373
1255980205979680774
1255980205988106243
1255980206004809728
1255980206067716096
1255980206038421504
1255980206055141377
1255980206084497409
1255980206092886021
1255980206369714183
1255980206394834949
1255980206491406336
1255980206390730752
1255980206491344900
1255980206139023362
1255980206239645703
1255980206021541892
1255980206633840640
1255980206575288332
1255980206629650432
1255980206592065539
1255980206545760257
1255980206302601216
1255980206608781317
1255980206684360704
1255980206751453184
1255980206826721280
1255980206805921792
1255980206826958850
1255980206822694912
1255980206671532032
1255980206797586434
1255980206956969989
1255980207057616903
1255980207166676994
1255980209842589697
1255980209846677507
1255980209880420353
1255980209922355200
1255980209918140421
1255980209867755520
1255980209989234688
1255980209968418824
1255980210052386817
1255980210010415104
1255980210085748737
1255980210085924866
1255980210060738560
1255980210073337856
1255980210069082112
1255980209939120130
1255980210131996673
1255980210035593217
1255980209985241092
1255980210022830081
1255980210119487494
1255980210282991623
1255980210173992962
1255980210320740353
1255980210249363456
1255980210320576513
1255980210270470144
1255980210366922753
1255980210358550535
1255980209603514374
1255980209955840002
1255980210354298886
1255980210459226117
1255980210513739778
1255980210572288000
1255980210618372096
1255980210576429057
1255980210593431552
1255980210752761857
1255980210740252672
1255980210672943105
1255980210710810625
1255980210941562885
1255980210853490692
1255980211042226177
1255980211088379905
1255980211000107008
1255980211096752133
1255980211071483904
1255980211092566018
1255980214007496709
1255980213982330883
1255980214104068096
1255980214141755399
1255980214200537089
1255980214162796545
1255980214154387458
1255980214204555264
1255980214212943872
1255980214267625473
1255980214133424130
1255980214401802240
1255980214317957120
1255980214305382400
1255980214431240198
1255980214410190856
1255980214351327234
1255980214213107712
1255980214506663937
1255980214435352582
1255980214477369350
1255980214544412674
1255980214489841665
1255980214624104448
1255980212325621764
1255980214653509632
1255980214527471616
1255980214640766977
1255980214733193216
1255980214607400961
1255980214762582017
1255980214791913478
1255980214716334084
1255980214716231682
1255980214716432384
1255980214548652034
1255980214787756032
1255980214825504769
1255980214921748480
1255980214863175685
1255980214938632193
1255980214825320448
1255980214829682688
1255980214930333701
1255980215144153088
1255980213755957249
1255980215005839361
1255980215009976320
1255980214703788035
1255980215190409217
1255980218273103873
1255980218319278080
1255980218185105408
1255980218315010049
1255980218319331328
1255980218407411714
1255980218248040451
1255980218243743749
1255980218457751553
1255980218118025217
1255980218390581250
1255980218638110722
1255980218587570176
1255980218499706880
1255980218604490752
1255980218579324941
1255980218763710464
1255980218700853248
1255980218763874305
1255980218725986304
1255980218814287872
1255980218654883848
1255980218671607811
1255980218801459200
1255980218864431106
1255980218856148996
1255980218000437248
1255980218910756865
1255980218881359875
1255980218944090112
1255980218973450240
1255980218994454534
1255980218873008129
1255980218449375236
1255980218948304897
1255980219124645893
1255980219141218305
1255980219166453760
1255980219204341766
1255980219074260992
1255980219262889985
1255980219065909250
1255980219212668931
1255980219225255936
1255980219313393673
1255980219342688258
1255980219258863618
1255980219460128774
1255980219468599296
1255980219430776835
1255980222391910406
1255980222404612101
1255980222429769731
1255980222425387009
1255980222387761152
1255980222647660544
1255980222597431296
1255980222580580352
1255980222819831809
1255980222652059648
1255980222584885254
1255980222714961921
1255980222765248513
1255980222916235264
1255980221838381058
1255980223096664065
1255980223142588416
1255980222983307265
1255980223176343552
1255980222954037249
1255980223151190018
1255980223159566336
1255980223310553096
1255980223306358784
1255980223415218176
1255980223344062464
1255980223385960451
1255980223323090946
1255980223369220096
1255980223293579270
1255980223448838145
1255980223386062859
1255980223524462592
1255980223356719104
1255980223486734337
1255980223520141312
1255980223142617088
1255980223356645377
1255980223578996740
1255980223629156352
1255980223608152064
1255980223612497924
1255980223645880320
1255980223545425926
1255980223637659649
1255980222773710849
1255980223734132741
1255980223692247043
1255980223759290369
1255980223843229696
1255980226577707008
1255980226636664832
1255980226586333188
1255980226758262786
1255980226791628800
1255980226774994944
1255980226745491456
1255980226842169346
1255980226762473472
1255980226787577856
1255980226850500610
1255980226812796928
1255980226946859009
1255980226938617857
1255980226837913601
1255980226867159040
1255980226976403458
1255980227005644802
1255980226909093888
1255980227034935297
1255980227106230273
1255980226691162114
1255980227098001409
1255980227127177218
1255980227190075393
1255980227265728512
1255980227177648129
1255980227282579463
1255980227358085120
1255980227349696513
1255980227416788992
1255980227341234176
1255980227374862338
1255980227379040271
1255980227559329793
1255980227395813376
1255980227609743377
1255980227588616193
1255980227664195585
1255980227639087107
1255980227815186444
1255980227739766784
1255980227832020992
1255980227722981377
1255980227827765252
1255980227953655813
1255980228062707716
1255980228058513408
1255980227848810502
1255980228108865536
1255980230969159680
1255980230813995009
1255980231116144641
1255980231032213504
1255980231023824896
1255980231048916993
1255980231074164736
1255980231191441410
1255980231170510848
1255980231283757056
1255980231271178240
1255980231258705928
1255980231317426181
1255980231191678987
1255980230638002183
1255980231434940418
1255980231464300545
1255980231300657159
1255980231556501504
1255980231468429312
1255980231522803713
1255980231623495680
1255980231703306247
1255980231728365568
1255980231778865154
1255980231611035650
1255980231724347393
1255980231887814659
1255980231887814656
1255980231757672449
1255980231950811136
1255980231887859713
1255980231837528064
1255980232047300610
1255980232122695681
1255980232122658817
1255980232026267654
1255980232139509760
1255980232118599683
1255980232236032000
1255980232168943619
1255980232168714240
1255980232294752256
1255980232240238592
1255980232336715779
1255980232416337926
1255980232491687937
1255980232500285445
1255980232563032064
1255980232592560129
1255980235004223491
1255980234970738692
1255980234740060160
1255980235058819075
1255980234937036802
1255980235100614657
1255980235088031746
1255980235188813840
1255980235205435392
1255980235251687425
1255980235264311296
1255980235239100422
1255980235389988864
1255980235348234242
1255980235331448837
1255980235423612928
1255980235503423489
1255980235524378625
1255980235536859136
1255980235629133826
1255980235742277633
1255980235784257536
1255980235683762176
1255980235679428608
1255980235549487110
1255980235834736642
1255980233385144320
1255980235943743489
1255980235973066753
1255980236040257538
1255980235994038278
1255980236048646151
1255980236048609280
1255980236119764992
1255980236157734912
1255980236128296963
1255980236254048258
1255980236220571648
1255980236480659458
1255980236421959681
1255980236589740032
1255980236619026435
1255980236480540672
1255980236631617536
1255980236510035969
1255980236916822016
1255980236904095744
1255980236920979457
1255980234102452232
1255980236841222144
1255980239236337671
1255980239257288707
1255980239269707782
1255980239345385472
1255980239248908290
1255980239425069061
1255980238921781255
1255980238900772868
1255980239496323077
1255980239567507456
1255980239127273477
1255980239500476416
1255980239605264384
1255980239404126214
1255980239664054273
1255980239655702528
1255980239760621570
1255980239680872450
1255980239865499654
1255980239886397450
1255980239886278656
1255980239970283521
1255980240008024064
1255980239978668032
1255980239852908551
1255980240045780992
1255980240129703936
1255980240133857283
1255980239995514882
1255980239877963778
1255980240188383238
1255980239735402497
1255980240272310272
1255980237697028096
1255980240154828800
1255980240288878592
1255980240276422662
1255980240398155779
1255980240481984513
1255980240440045573
1255980240515616768
1255980240565940224
1255980240477630464
1255980240569905152
1255980240750297088
1255980240834146304
1255980240821780481
1255980240918048769
1255980240779821056
1255980240934846464
1255980243413655552
1255980243430576128
1255980243250221058
1255980243392888836
1255980243535441921
1255980243443240963
1255980243556450304
1255980243501940736
1255980243753435138
1255980243745038337
1255980243711668224
1255980243753603072
1255980243812257795
1255980243698974720
1255980243891912705
1255980243862593536
1255980243929772037
1255980243862446080
1255980241782259713
1255980243988418561
1255980243959058432
1255980244030435338
1255980244084776960
1255980244105785346
1255980244017676288
1255980244156035073
1255980244256735232
1255980244244324352
1255980244256714755
1255980244130881536
1255980244269400066
1255980244265242630
1255980244340703232
1255980244252549120
1255980244319821824
1255980244420493313
1255980244324044800
1255980244474961920
1255980244332359680
1255980244315578368
1255980244412088321
1255980244541902848
1255980244617629697
1255980244667752449
1255980244529446912
1255980244282085378
1255980244651118596
1255980244634423297
1255980244768604160
1255980233666297863
1255980239152394240
