1229692025303437313
1229692025441837056
1229692025865408516
1229692025944993794
1229692025949192192
1229692025928183815
1229692025882021890
1229692026368729088
1229692026196643840
1229692026490363904
1229692026574295040
1229692026628657152
1229692026506973184
1229692026985361410
1229692026758680577
1229692026959958016
1229692027035516929
1229692027027238912
1229692027152920576
1229692027102580741
1229692027111079941
1229692027270352896
1229692027379441666
1229692027383795713
1229692027018850304
1229692027157090304
1229692027169918977
1229692027849277440
1229692027970842624
1229692027857711104
1229692028042088450
1229692028163850242
1229692028117757953
1229692028025528321
1229692027681595395
1229692028356845568
1229692027903729664
1229692028419739649
1229692028469927936
1229692028361101312
1229692028587405312
1229692028595793925
1229692028570615809
1229692028805476352
1229692028667207681
1229692028407013376
1229692028981669889
1229692029212299268
1229692029279469570
1229692029208317952
1229692029371809792
1229692029090902016
1229692029405253633
1229692029359124480
1229692029535387648
1229692029623357440
1229692029548011520
1229692029388644353
1229692029711421440
1229692030105915393
1229692030365949952
1229692030894383104
1229692030894387202
1229692030957129729
1229692031011819520
1229692031250857984
1229692032110579713
1229692032395988992
1229692032395833344
1229692032454713344
1229692032165273600
1229692032626626561
1229692033045909505
1229692032953790465
1229692033498894337
1229692033746526208
1229692033964527616
1229692033901613056
1229692034027487233
1229692025836048386
1229692033016557569
1229692034400821248
1229692025865416705
1229692035281518592
1229692035432509448
1229692035340423169
1229692035180920832
1229692035524911105
1229692035050999808
1229692036170694656
1229692036145696768
1229692036485439488
1229692036753707008
1229692036892196864
1229692037043064832
1229692036963602435
1229692037101948928
1229692037441687552
1229692037395554305
1229692037676572672
1229692037752119298
1229692038049914880
1229692038100074497
1229692038066642945
1229692038918090752
1229692039039680512
1229692038834262018
1229692039165628418
1229692038611759106
1229692039224348674
1229692039488581637
1229692039870070784
1229692039798747136
1229692039551279104
1229692040184655873
1229692040373555200
1229692040843186176
1229692040847470594
1229692041183010822
1229692041019346945
1229692041535213568
1229692041841397760
1229692041900314624
1229692042067861505
1229692042051235840
1229692041854115840
1229692042135187457
1229692043179499520
1229692043271651328
1229692044278403074
1229692044404252674
1229692044450422786
1229692044525867008
1229692044609642496
1229692044714610689
1229692044928593920
1229692045020844033
1229692045113118720
1229692045209432064
1229692045297692672
1229692045910040576
1229692045859545088
1229692046278983680
1229692046144868352
1229692046144917505
1229692046698569728
1229692046924890113
1229692047344332802
1229692047621263360
1229692048107876352
1229692047923253248
1229692048351076354
1229692048418189312
1229692048913002496
1229692049148071937
1229692049462644736
1229692049877651457
1229692049802301440
1229692050414678017
1229692050418929665
1229692050645192704
1229692050666348544
1229692051177893888
1229692051194728448
1229692051576541184
1229692051626704896
1229692052255854592
1229692052478271488
1229692052629123072
1229692052620726272
1229692052968964097
1229692053078106112
1229692053283581957
1229692053556269056
1229692053614817280
1229692053912576002
1229692053719863298
1229692054344753153
1229692054340427776
1229692054424477697
1229692054726275072
1229692054927634433
1229692054902472704
1229692055225397249
1229692055196094464
1229692055288332288
1229692055196176385
1229692055468806144
1229692055552741376
1229692055745548288
1229692055904894976
1229692056081092610
1229692056299175936
1229692055808548864
1229692056907341826
1229692057167499265
1229692057536651264
1229692057947521026
1229692057851133954
1229692058333401089
1229692058438381568
1229692058274684928
1229692058568294400
1229692058756993024
1229692058501308416
1229692058945904640
1229692059142873089
1229692059436638208
1229692059730227200
1229692059419844608
1229692060409778176
1229692060934004736
1229692061059821568
1229692061403754496
1229692061399605249
1229692061382660099
1229692061902868481
1229692061852590080
1229692062334844928
1229692062494330880
1229692063094099968
1229692063416868866
1229692063857418241
1229692064180293633
1229692064230543361
1229692064117514241
1229692064356601856
1229692064289509376
1229692064142630912
1229692064352198656
1229692064432037888
1229692064369127424
1229692064834736133
1229692064905850880
1229692065434333187
1229692065346400256
1229692065438687232
1229692065992380416
1229692066659090432
1229692066755678208
1229692067137441792
1229692067837874177
1229692069003845632
1229692069083402241
1229692069662334976
1229692070136184832
1229692070194970624
1229692070635429888
1229692070786424833
1229692070757052416
1229692070908043264
1229692070291484672
1229692071256059904
1229692071331663872
1229692071306383361
1229692071281336320
1229692071549603840
1229692071340060673
1229692071893663744
1229692072103464960
1229692072170422273
1229692072141045760
1229692072464089088
1229692073210785794
1229692073491628033
1229692073722314752
1229692073822973954
1229692073944768513
1229692074305445891
1229692074490028033
1229692074745847808
1229692075312066560
1229692075437805568
1229692075379085312
1229692075467083777
1229692075978915840
1229692075869736960
1229692076138221569
1229692076436021249
1229692076457185282
1229692076318711815
1229692076826284033
1229692077010587649
1229692077144821760
1229692077308628993
1229692077216321537
1229692077702672384
1229692078432628736
1229692078436712450
1229692078898270208
1229692079359565824
1229692079120375808
1229692080827641858
1229692080957476864
1229692081481768961
1229692081540681730
1229692082022838272
1229692082039685120
1229692082115301377
1229692082979135488
1229692083046363138
1229692083025387522
1229692083100778496
1229692083159494657
1229692083448897537
1229692083557941250
1229692083822219264
1229692084229222400
1229692084543606784
1229692084535193601
1229692084401197057
1229692084824805378
1229692084937883648
1229692084690358274
1229692084912676864
1229692085663498240
1229692085885952000
1229692085915324416
1229692086095511552
1229692086678482946
1229692086271635456
1229692086850588672
1229692086682898433
1229692086917697537
1229692087362375681
1229692087395745792
1229692087173443586
1229692087488122880
1229692087710302208
1229692087748243456
1229692088188428289
1229692088318595072
1229692088691896321
1229692088763211776
1229692088901652480
1229692089090412544
1229692088456863745
1229692089060884482
1229692089383866370
1229692089685827584
1229692089811767296
1229692089908072450
1229692089996365825
1229692090080092160
1229692090046701569
1229692090671652866
1229692090654679043
1229692090868813825
1229692092244463616
1229692092345044992
1229692092462649345
1229692092579897344
1229692092542259202
1229692092378763264
1229692093259370496
1229692094115020803
1229692094094036992
1229692095524458496
1229692095734087682
1229692096136675328
1229692096786903040
1229692097021632512
1229692097172656128
1229692097998929926
1229692098514829312
1229692098682793984
1229692099185917952
1229692099341111298
1229692099546812421
1229692099630493697
1229692099676778497
1229692100590981120
1229692100754563072
1229692100892999680
1229692100985356293
1229692101593419777
1229692101660565504
1229692102205898752
1229692102247952385
1229692102386290689
1229692103296536576
1229692104000958464
1229692104013701121
1229692104261062656
1229692103820623873
1229692104546209793
1229692104214970368
1229692105083236353
1229692105414643712
1229692105640923137
1229692105754234880
1229692105821315072
1229692106077298688
1229692105506926592
1229692106370932736
1229692107134103555
1229692107381706752
1229692107461472257
1229692108375777281
1229692108535214080
1229692108790849539
1229692109126619136
1229692109403410432
1229692109281792001
1229692109558624258
1229692109042507776
1229692109860622336
1229692109793312769
1229692109864755201
1229692109910765568
1229692110024007681
1229692110418264064
1229692110489767936
1229692110435213312
1229692110925897728
1229692110900588545
1229692111106134017
1229692111202766849
1229692111349518336
1229692111680917504
1229692111773143042
1229692111991107584
1229692112582725633
1229692112771436544
1229692112343642112
1229692113010466816
1229692113039904768
1229692113924894722
1229692113966817280
1229692114210099202
1229692114650435584
1229692114948284416
1229692115623432197
1229692115854249985
1229692116390989824
1229692116475031553
1229692116755861506
1229692117988995072
1229692118349705216
1229692118383259650
1229692118630711296
1229692118882570245
1229692118677016576
1229692119834669056
1229692119855566852
1229692120077930496
1229692120211935232
1229692120321216512
1229692120627392512
1229692120757391360
1229692121159999489
1229692120702816256
1229692121382301698
1229692121885675520
1229692122099482626
1229692122376364034
1229692122590306305
1229692122913280000
1229692123101794306
1229692123227643904
1229692123278192641
1229692123529859072
1229692124074889216
1229692124096061440
1229692124209090560
1229692124242694144
1229692124280631296
1229692124603568128
1229692124410585089
1229692125056356353
1229692125287071744
1229692125492604928
1229692125526319104
1229692125500985346
1229692125559656448
1229692125777977344
1229692126054797312
1229692126113472512
1229692126310674432
1229692126767800320
1229692127044456450
1229692127099092993
1229692127908548613
1229692128206491648
1229692128533663745
1229692129070534656
1229692129376690177
1229692130139963392
1229692130936922112
1229692131033391104
1229692131071217664
1229692131163459584
1229692131758837760
1229692132673425408
1229692132795043844
1229692132795015168
1229692132786524160
1229692132807630848
1229692133226971136
1229692133310857216
1229692133294002178
1229692133747183616
1229692133780553729
1229692134560694272
1229692134673936384
1229692134984302593
1229692135600844800
1229692136200773634
1229692136284549120
1229692136498417665
1229692136599248903
1229692137177927680
1229692137392001025
1229692137953869824
1229692138104983552
1229692138088042499
1229692138193137664
1229692138234892288
1229692139078144001
1229692139245842432
1229692139728183298
1229692139858202624
1229692140386684929
1229692140504125441
1229692141561143296
1229692141666000898
1229692141837750273
1229692142316113920
1229692142542409728
1229692142777294848
1229692143159128065
1229692143293300737
1229692143758970880
1229692143897206784
1229692143817625600
1229692144450985984
1229692144497106944
1229692144690044928
1229692145218408449
1229692145100980224
1229692145683976192
1229692145768058880
1229692145856122881
1229692146040569859
1229692146116108299
1229692146770419712
1229692147009495045
1229692147693170688
1229692148045402112
1229692148603183104
1229692148691460096
1229692148838100992
1229692149857284098
1229692150033588224
1229692150289518592
1229692150109163520
1229692150511755267
1229692150914224128
1229692150977302528
1229692150561955840
1229692151182786560
1229692151736389633
1229692151803498498
1229692151593938947
1229692151682011136
1229692152097185792
1229692152466243585
1229692153317728257
1229692154001444864
1229692154299191296
1229692154408140800
1229692154341138433
1229692154491981824
1229692154429075456
1229692154546663424
1229692154634616832
1229692155746246657
1229692155863674880
1229692156056612866
1229692157088292864
1229692157268656128
1229692157247676416
1229692157663027200
1229692157658726401
1229692158808121345
1229692159084896256
1229692159441264640
1229692159604838402
1229692159516868609
1229692159994908672
1229692160426930177
1229692160456503298
1229692160758337536
1229692161018466304
1229692161140064256
1229692161635102720
1229692161827987456
1229692162109059073
1229692162163560449
1229692162494717952
1229692162511712257
1229692162943725568
1229692163019223040
1229692163119894528
1229692163409137664
1229692163593773056
1229692163807760384
1229692163971092481
1229692164923428864
1229692165082632192
1229692164877086720
1229692165816606720
1229692165686730752
1229692165715984384
1229692166793916417
1229692166600970240
1229692166999400448
1229692166689230849
1229692166768861189
1229692167880265728
1229692168354193408
1229692168777977856
1229692169012809728
1229692168249327617
1229692169386176513
1229692169440649216
1229692169574895616
1229692169369288704
1229692169788755968
1229692169922994181
1229692169818116096
1229692170434576386
1229692170493284353
1229692171156119552
1229692170615042048
1229692171432804352
1229692171579777030
1229692170896125952
1229692171667824642
1229692171709812736
1229692171806052352
1229692172133371904
1229692173446025217
1229692174058450945
1229692174779834371
1229692175119769600
1229692175379615744
1229692176008765440
1229692176084471808
1229692175870578694
1229692176415756288
1229692176948314112
1229692176860356609
1229692177602637825
1229692177762045953
1229692177846013952
1229692177829236736
1229692178005233665
1229692178118709248
1229692178252713984
1229692178701656064
1229692178567397376
1229692178814734336
1229692178961661952
1229692178546515970
1229692178642894849
1229692179297095680
1229692180660281344
1229692180815654913
1229692180643663872
1229692180622524417
1229692181381693440
1229692181813788673
1229692182132600832
1229692182958833666
1229692183055360001
1229692183139086338
1229692183235760128
1229692183361527808
1229692182203858945
1229692184309334017
1229692184334684160
1229692184418381825
1229692184569565185
1229692185617977344
1229692186523947008
1229692186628952066
1229692186578554880
1229692187404898304
1229692187333386240
1229692187232874496
1229692187295834112
1229692187329384450
1229692187740450816
1229692189141237760
1229692189304815618
1229692189568974848
1229692190131212288
1229692190718341120
1229692190881992704
1229692191423057923
1229692191536140288
1229692192127537153
1229692191926153222
1229692192312221697
1229692192731459585
1229692192853286913
1229692193108922368
1229692193146884101
1229692193268363264
1229692193402585090
1229692193297895425
1229692193868152832
1229692194082246658
1229692194128220161
1229692194941878273
1229692194803658752
1229692195336343558
1229692195759894528
1229692195772473344
1229692196099690506
1229692196246491136
1229692196124651520
1229692196426862592
1229692197093560322
1229692198796636161
1229692199270404097
1229692199773855744
1229692200855969792
1229692200969285632
1229692200956485632
1229692201116012545
1229692201468407809
1229692202411905025
1229692203632455681
1229692203745841153
1229692204085587968
1229692204932833280
1229692204932902913
1229692204995604480
1229692204941238272
1229692204932710400
1229692205125648384
1229692205146787840
1229692205281030145
1229692205238906880
1229692205243088896
1229692205264064512
1229692205574565888
1229692205658525696
1229692205691961344
1229692205725634561
1229692206425858048
1229692206388252673
1229692206933565440
1229692206933520385
1229692207172587520
1229692207529168896
1229692207503900672
1229692207906488320
1229692207952613377
1229692208158330880
1229692208670003201
1229692208774860801
1229692209491955713
1229692209647120384
1229692209634693121
1229692210205069313
1229692210406469632
1229692210553196545
1229692210574172160
1229692210985283584
1229692211354144773
1229692211358359554
1229692211559727104
1229692211631017984
1229692212067389440
1229692212990107648
1229692212989923330
1229692213476487168
1229692213572984832
1229692213644402688
1229692214030282752
1229692214986473472
1229692215150047233
1229692215212904448
1229692215942713345
1229692216051765249
1229692216299446275
1229692216999841793
1229692217033404416
1229692217062756354
1229692217939369985
1229692218547548160
1229692218883133440
1229692219222888448
1229692219327746048
1229692219621163008
1229692219692548097
1229692219654725632
1229692219969372165
1229692219893964800
1229692220636323841
1229692220955033600
1229692221391171584
1229692221571686401
1229692222393552897
1229692222385377280
1229692223043842049
1229692223312289792
1229692223542816769
1229692224037847041
1229692224230887424
1229692224402792449
1229692224742535169
1229692225250086913
1229692225203793921
1229692225149394944
1229692225707134976
1229692225728073730
1229692225895968769
1229692226365743104
1229692227296940032
1229692227208781825
1229692227292745728
1229692227342995457
1229692227640811520
1229692227968012290
1229692227359670274
1229692228513288199
1229692228676784128
1229692228798472193
1229692229951741952
1229692230476034048
1229692231059111936
1229692231302500352
1229692231499440129
1229692231981961222
1229692232065855489
1229692232636088320
1229692232623677440
1229692233517060096
1229692233961689088
1229692233990967296
1229692234481782784
1229692234582368256
1229692235140091904
1229692235484000256
1229692235916050432
1229692235895144450
1229692235870068738
1229692236079583233
1229692236587077632
1229692236742496256
1229692237442797569
1229692238591979521
1229692239070277633
1229692239791579136
1229692240160751617
1229692240810741761
1229692240857092096
1229692241993535488
1229692239716265984
1229692242232795136
1229692242291384320
1229692242668986370
1229692243558174720
1229692243784716290
1229692243717447681
1229692243595988992
1229692244501946372
1229692244581605378
1229692244795383809
1229692245089169408
1229692245084966912
1229692245462241280
1229692245521174528
1229692244921176064
1229692245760036864
1229692245932199936
1229692245957324801
1229692245890215936
1229692246162886656
1229692246452080640
1229692247140007936
1229692247555411968
1229692247710543872
1229692247899299840
1229692247861551104
1229692248176168961
1229692248398467072
1229692249765797890
1229692249660784648
1229692249614770176
1229692249786572800
1229692250952626176
1229692251019862016
1229692250935955462
1229692251334307847
1229692251489521664
1229692251615268864
1229692251674161152
1229692251745341441
1229692252236042240
1229692252424830976
1229692253636939776
1229692253368487937
1229692252412313601
1229692254354169856
1229692254832537600
1229692254874460161
1229692254945628160
1229692255218421760
1229692255465885696
1229692255746674693
1229692256384376833
1229692257156116480
1229692258452213761
1229692258913587200
1229692258871586816
1229692259165184000
1229692259764928513
1229692260154888192
1229692260565975040
1229692260687675393
1229692261870342144
1229692262021361664
1229692262373871621
1229692263099318272
1229692263145426945
1229692263543894017
1229692263678087168
1229692263845916672
1229692263883653125
1229692263992741894
1229692263787323392
1229692264441618433
1229692264517001220
1229692264605089794
1229692264802185217
1229692264999419904
1229692265192280064
1229692265666351106
1229692265825816577
1229692266211618816
1229692266429788160
1229692266819837956
1229692266979168256
1229692267570638848
1229692267708837888
1229692268077965312
1229692268174438400
1229692268505792513
1229692268476370945
1229692268807888896
1229692268799414273
1229692270619828226
1229692270947061760
1229692271135789056
1229692271232241665
1229692270984781824
1229692271899160576
1229692272058519553
1229692272347959296
1229692272691810304
1229692273128022016
1229692273107095552
1229692273262256128
1229692273614639104
1229692273694253057
1229692273841098752
1229692273937522688
1229692274310811649
1229692275833307137
1229692272670838785
1229692277317980160
1229692277636747265
1229692278299594752
1229692278341419008
1229692279226609664
1229692279314665472
1229692279801155584
1229692280132579328
1229692280358883328
1229692280652455936
1229692280249831424
1229692280858128384
1229692281159991296
1229692281537605632
1229692282279849984
1229692282196176896
1229692282279952385
1229692282288443392
1229692282523148293
1229692282548387840
1229692282359689216
1229692282674335745
1229692282766364679
1229692282590416896
1229692269181034496
1229692267037773824
1229692283504730113
1229692283773227008
1229692283957792768
1229692284225998850
1229692284624625664
1229692284792385536
1229692284578349057
1229692284838477824
1229692285136363520
1229692285400436736
1229692285509455872
1229692285127970817
1229692285597736960
1229692284456751104
1229692285744365574
1229692285950025729
1229692286360883200
1229692286415593472
1229692286356860933
1229692286763782144
1229692287078166528
1229692287497785344
1229692288512724992
1229692288483262464
1229692289162694656
1229692289104142336
1229692289615745025
1229692289850626049
1229692290035118080
1229692290429521920
1229692290320519168
1229692291939536897
1229692292224602112
1229692292220375040
1229692292157435904
1229692292920799232
1229692293872898048
1229692294015488004
1229692294166499329
1229692294707732480
1229692294690816000
1229692294707720192
1229692295076810752
1229692295240224768
1229692295290769409
1229692295559049216
1229692295542398977
1229692295886385152
1229692296066555904
1229692296372850689
1229692296398090240
1229692296251236352
1229692297152954369
1229692297262051329
1229692297404715012
1229692297589207040
1229692298847342592
1229692298990178304
1229692299350859777
1229692299795410944
1229692300755906561
1229692301070536705
1229692301317943299
1229692301397635072
1229692301540130816
1229692302420926464
1229692303498866688
1229692303842959360
1229692304337715200
1229692304480460800
1229692304753033216
1229692304371441668
1229692305273217024
1229692306002976768
1229692306191572992
1229692306338525184
1229692306585985024
1229692306690904065
1229692306661339138
1229692306858446848
1229692307324096513
1229692307408064512
1229692308129492992
1229692308196474881
1229692308263755776
1229692308603494400
1229692308964044800
1229692309043695616
1229692309513605120
1229692309803094016
1229692309761134592
1229692309794586624
1229692309966553088
1229692310100668416
1229692310482509824
1229692310398439424
1229692310809501696
1229692310822146048
1229692311199797249
1229692311417827330
1229692311774216192
1229692312235589633
1229692312625614848
1229692313129144320
1229692313309532160
1229692313963597825
1229692314307743745
1229692314567794689
1229692314857152513
1229692314848813056
1229692315473715200
1229692315301707777
1229692316006223872
1229692316581011456
1229692317193449473
1229692317080211461
1229692317445087233
1229692317445087234
1229692318023856128
1229692318568968193
1229692318690824192
1229692319164706816
1229692319168913408
1229692319378690048
1229692319332536322
1229692319688871937
1229692319991029761
1229692319596605441
1229692320875855872
1229692321274441728
1229692321429643264
1229692321618247680
1229692321471459328
1229692321710690304
1229692322386006018
1229692322574721025
1229692322763309056
1229692323598143488
1229692323891679233
1229692324097208321
1229692324688449536
1229692324763951105
1229692325179351040
1229692325225320448
1229692325464506368
1229692325728645121
1229692325804335104
1229692326630412289
1229692326899068928
1229692326936764417
1229692327008120832
1229692327247122434
1229692326869643264
1229692327633047552
1229692327653822464
1229692327804973058
1229692329176354816
1229692329365319680
1229692329507860481
1229692329574797313
1229692329965096960
1229692330111668225
1229692330275463168
1229692330648584193
1229692330782973953
1229692330812280834
1229692331198009344
1229692331185623040
1229692331453972480
1229692332510859264
1229692332741681152
1229692332854804481
1229692332829761536
1229692333211426816
1229692333819432960
1229692334054481923
1229692333609775106
1229692334201159681
1229692334218018816
1229692334503165952
1229692334893359105
1229692334922706947
1229692335560085504
1229692335484784641
1229692335367258112
1229692335916769282
1229692336696942598
1229692336889712642
1229692337040842752
1229692337552408577
1229692337879535619
1229692337577775105
1229692338504716288
1229692338789740545
1229692338890346497
1229692339318214657
1229692339347738624
1229692340119494656
1229692340111015936
1229692340404736000
1229692340693921792
1229692340819955713
1229692340714913792
1229692341109157888
1229692341537001472
1229692341507756033
1229692341214040064
1229692341851697152
1229692341881053184
1229692341864275969
1229692342233333760
1229692342141059073
1229692342220861440
1229692342816432129
1229692342375837696
1229692342929514496
1229692343017594880
1229692343198060545
1229692343399407616
1229692343973867520
1229692343109943296
1229692344418521088
1229692344691236864
1229692345316069376
1229692346096377856
1229692346289147905
1229692346310307846
1229692346419290113
1229692347040047104
1229692347702824960
1229692347941654529
1229692348654854144
1229692349049012224
1229692349812482048
1229692349787365377
1229692350215184384
1229692350466842624
1229692350902833152
1229692351418896385
1229692351402168320
1229692351754326016
1229692352471687168
1229692352794484737
1229692352744304640
1229692352932892673
1229692353063071745
1229692353163689984
1229692353633325056
1229692354048729090
1229692354396733442
1229692354354974720
1229692354677760001
1229692354581401600
1229692355038588928
1229692355407753217
1229692355055431680
1229692355143438336
1229692355210612736
1229692355680313344
1229692355957022720
1229692355911061504
1229692356133175296
1229692356200255488
1229692356246396928
1229692356875767809
1229692356917710848
1229692358800732160
1229692359065165826
1229692359488802816
1229692359513763841
1229692359782195200
1229692360008691712
1229692360319070213
1229692360809943041
1229692360889634817
1229692361065844736
1229692361812299776
1229692362344951809
1229692362408022016
1229692362470895616
1229692362651295746
1229692364056252416
1229692364547121153
1229692364584673280
1229692365369004032
1229692366040289281
1229692366308675584
1229692366480498689
1229692366744768512
1229692367009173505
1229692367323746304
1229692368103886848
1229692369030676480
1229692368934146048
1229692368829472769
1229692369005662210
1229692369202827264
1229692369383174144
1229692369580089345
1229692369651388417
1229692369794150400
1229692370003877888
1229692370137935872
1229692370326839297
1229692370804867072
1229692370821750784
1229692370821603328
1229692371102765057
1229692371262152705
1229692371761160193
1229692373753565186
1229692374240157697
1229692374521126912
1229692374772830208
1229692374772637696
1229692375309615104
1229692375888326656
1229692377000005633
1229692376559620096
1229692377121476608
1229692377218113536
1229692377440276480
1229692377465413634
1229692377540882433
1229692377431990272
1229692377947918341
1229692378346377216
1229692378354769926
1229692378669150208
1229692378530951170
1229692378707091456
1229692378597871617
1229692379009093632
1229692379042631681
1229692379139117056
1229692379243745281
1229692380120567809
1229692380158160896
1229692380347060225
1229692380397363200
1229692380778987522
1229692380607139840
1229692380900548608
1229692381454327808
1229692381600944128
1229692381852626945
1229692382645489664
1229692382934978561
1229692383257747456
1229692383220183040
1229692383165501441
1229692383635197952
1229692383270490114
1229692383526174722
1229692383878635521
1229692384016887808
1229692384029630465
1229692384478404609
1229692384906104834
1229692384763662336
1229692385031942144
1229692385547837441
1229692386214850561
1229692386755960835
1229692386713817088
1229692387091304448
1229692387104088064
1229692387280052224
1229692387900960769
1229692388618096640
1229692388647559168
1229692389171716097
1229692389599539200
1229692390056718337
1229692390040100864
1229692390023270400
1229692390308487168
1229692390534864897
1229692390576918528
1229692390136569856
1229692390954323968
1229692391055077376
1229692391260590080
1229692391981895683
1229692392200179712
1229692392246259713
1229692392422461440
1229692392627793921
1229692392988717056
1229692393533902848
1229692393374572544
1229692393957490688
1229692393915633666
1229692394280452096
1229692394402189312
1229692395559669761
1229692395471634432
1229692395933093888
1229692396285431810
1229692396406898689
1229692396738211843
1229692396893544448
1229692397115912192
1229692397279277057
1229692397946363906
1229692398328057856
1229692398827032576
1229692398915047424
1229692399393366017
1229692399623868416
1229692400076980226
1229692400219586560
1229692400362192896
1229692400492318720
1229692401108779008
1229692401247121408
1229692401343590401
1229692401481969669
1229692402111090688
1229692402174218240
1229692402593665024
1229692402941775873
1229692403336040448
1229692403717566464
1229692404128780288
1229692404397031429
1229692404397199363
1229692404782989313
1229692404862799877
1229692405215088640
1229692405365923840
1229692405537898496
1229692405831606273
1229692406033002497
1229692406171422720
1229692406162972679
1229692406364164096
1229692406234116096
1229692406989115394
1229692406892597248
1229692406859227136
1229692407459057664
1229692407677104128
1229692407903449090
1229692408008445952
1229692408318787584
1229692409493086210
1229692409841319936
1229692409975656448
1229692410130767872
1229692410013376513
1229692410214653954
1229692410315321345
1229692410231390209
1229692410550198278
1229692410579603456
1229692410550075392
1229692410701078529
1229692410889953280
1229692411376472064
1229692411816873984
1229692411888037888
1229692411867058176
1229692411934334976
1229692411758235649
1229692411976331264
1229692412018081793
1229692412118872064
1229692412374790145
1229692412643151872
1229692412982894594
1229692413041631233
1229692413280538625
1229692413570093058
1229692413720969216
1229692414174081024
1229692414207479810
1229692414350307328
1229692414337531905
1229692414215852033
1229692414836826112
1229692415851859969
1229692416514387968
1229692416904617984
1229692417013665792
1229692417068027904
1229692417219055616
1229692417751818240
1229692418016120832
1229692418175488000
1229692418573787137
1229692419186229249
1229692419266011138
1229692419584643072
1229692419777667072
1229692419739807744
1229692419916156928
1229692419995729922
1229692419953889280
1229692420519890946
1229692420440371201
1229692420541108224
1229692420775911425
1229692420717252609
1229692420910006273
1229692420436049921
1229692421597888512
1229692421857935360
1229692423414190081
1229692423569276928
1229692423552499712
1229692424353509376
1229692425322414085
1229692425343569920
1229692425397882882
1229692425649709056
1229692425892978689
1229692426643787777
1229692426870239232
1229692427126091776
1229692427692314624
1229692427772014592
1229692427721637889
1229692427889520645
1229692427989999616
1229692428409589760
1229692428279582720
1229692428912738304
1229692429109878784
1229692429218926592
1229692429525061633
1229692429617389570
1229692430171156480
1229692430334619648
1229692430477225984
1229692430498267137
1229692431181996034
1229692431362338818
1229692432373178370
1229692432448708610
1229692433224437760
1229692433174290432
1229692433212018689
1229692433136529408
1229692433518252035
1229692433950052352
1229692434151424001
1229692434709405698
1229692435208400896
1229692435611213831
1229692435695099905
1229692435955056641
1229692436257091590
1229692436584292352
1229692437884309504
1229692437905448960
1229692438177931264
1229692438442381313
1229692438131945472
1229692439411208192
1229692439935496193
1229692441130864641
1229692441516822530
1229692441428742144
1229692442351456256
1229692443236487168
1229692443412402177
1229692443295191042
1229692444473745408
1229692446348435457
1229692446348578816
1229692446532988928
1229692446705168384
1229692446788980736
1229692447225192448
1229692447288184835
1229692447686447110
1229692448735158272
1229692448974233601
1229692448995250178
1229692449372635138
1229692449615994882
1229692449775218688
1229692450261864449
1229692450232569856
1229692450350026752
1229692450895167488
1229692450920226816
1229692450995703810
1229692451146883072
1229692451775901698
1229692452287713280
1229692452375867398
1229692452514168832
1229692452803575809
1229692452996599809
1229692453143203841
1229692453856301056
1229692454175170560
1229692454267432962
1229692454711914496
1229692455278317570
1229692455408328705
1229692455357952000
1229692456028930049
1229692455970361344
1229692456909692928
1229692457719193601
1229692457777909761
1229692458025402370
1229692458746834944
1229692458713387008
1229692458654670848
1229692459451658240
1229692459522961408
1229692459686539264
1229692460034449409
1229692460202221568
1229692461058068481
1229692461787664384
1229692461842403331
1229692462249066498
1229692462492418048
1229692463184351232
1229692463079620608
1229692463310233600
1229692462932742149
1229692463654129665
1229692463524089856
1229692463910150145
1229692465386414080
1229692465831194624
1229692466166550529
1229692466221109250
1229692466510602240
1229692466577588224
1229692466569367552
1229692467265458182
1229692467458367488
1229692467810914304
1229692467857043456
1229692468565770241
1229692469056430080
1229692468871843841
1229692469211627520
1229692469123670016
1229692469434109952
1229692469501100033
1229692468423249921
1229692470335700993
1229692470528598016
1229692470545518592
1229692470998396928
1229692471526989826
1229692472479010818
1229692472701411328
1229692473607323648
1229692473397497856
1229692473951211520
1229692474983100417
1229692475125780481
1229692475457056769
1229692475746344961
1229692476169969664
1229692476258209793
1229692476266602498
1229692476178550784
1229692476862193666
1229692477172527106
1229692477340311552
1229692477851856896
1229692478023815168
1229692478120505346
1229692478518943744
1229692478699327489
1229692478657306625
1229692479441711104
1229692479471050753
1229692480087568384
1229692480204894208
1229692480217583616
1229692481194860544
1229692481249456128
1229692481731608577
1229692481710755841
1229692482029572098
1229692482318893056
1229692482432036864
1229692482897809409
1229692483312943104
1229692483828764673
1229692483866521600
1229692484558688256
1229692484441083905
1229692484885925888
1229692484969803776
1229692484953018368
1229692485506621441
1229692485837950976
1229692486181847041
1229692486211293184
1229692487360372737
1229692488010653696
1229692488241184770
1229692488501297153
1229692489126178816
1229692488429912066
1229692489130373127
1229692489658961922
1229692489952481280
1229692490510471168
1229692490640265217
1229692490820837378
1229692490883661826
1229692491407884288
1229692491403841541
1229692491797938177
1229692494323081217
1229692494444666882
1229692494687793152
1229692495103188993
1229692495446999040
1229692495753183232
1229692496130736128
1229692496264876032
1229692496638337026
1229692497477218304
1229692497665970176
1229692498076815360
1229692498039033858
1229692498106363905
1229692498282455046
1229692498349395969
1229692498462887941
1229692498852769793
1229692498978787328
1229692499112775681
1229692498982789122
1229692499037491201
1229692499704217601
1229692500303998976
1229692500488658944
1229692500605980673
1229692500643852299
1229692500857757697
1229692501176406017
1229692501339979776
1229692502162231296
1229692502233337856
1229692502371758081
1229692502602584066
1229692502850101250
1229692503202390018
1229692503684796418
1229692504464908288
1229692505010163712
1229692505047883776
1229692505115054080
1229692505102471171
1229692506033590272
1229692506218156032
1229692506817716226
1229692506796851200
1229692507400761345
1229692508432502784
1229692508453711872
1229692509439303680
1229692509816668160
1229692509942616064
1229692510315962370
1229692511188328448
1229692511876190208
1229692512052236290
1229692512077524992
1229692512081764352
1229692512228401152
1229692512295669760
1229692512442281985
1229692512694083584
1229692512987566080
1229692513318993920
1229692513201643520
1229692513318948864
1229692513440628736
1229692513876893696
1229692513851670530
1229692514648633344
1229692515646873602
1229692516129132544
1229692516183592961
1229692516296949760
1229692517517410304
1229692517118963713
1229692517945241600
1229692518012461057
1229692518310260736
1229692518255616000
1229692519073689600
1229692519232884736
1229692519400665090
1229692519224573952
1229692519610376192
1229692520747196417
1229692520638164993
1229692520860471296
1229692521233764352
1229692521607028736
1229692523016159232
1229692522793926657
1229692523871948801
1229692524039557120
1229692524538859522
1229692524609986560
1229692524773756929
1229692524815478784
1229692525323018241
1229692523297173505
1229692525646163972
1229692526187044865
1229692526640037888
1229692526883483649
1229692526854053892
1229692527005097984
1229692527378391041
1229692519300108288
1229692527869079552
1229692528158527490
1229692528577982464
1229692528577871872
1229692529190342656
1229692529383280642
1229692529576116224
1229692529936867328
1229692530079473665
1229692530775773184
1229692531098537984
1229692531215986690
1229692531715297282
1229692531916410881
1229692531941593089
1229692532252000256
1229692532713373697
1229692532898095105
1229692533069971456
1229692533044723712
1229692533283966977
1229692533661257730
1229692527084802048
1229692533762117632
1229692533996834816
1229692534231666688
1229692534760275968
1229692534789693446
1229692535129296896
1229692535578165248
1229692535703949313
1229692536136093696
1229692536375009280
1229692536412934145
1229692536228327425
1229692536555360256
1229692535754436611
1229692537247608832
1229692537956261888
1229692537994194947
1229692538153570306
1229692538446999555
1229692538417795072
1229692539357233152
1229692539319373824
1229692539852271617
1229692539411656704
1229692541433470976
1229692541769068544
1229692542259728384
1229692542838398977
1229692542653890560
1229692543245410304
1229692543450746880
1229692543698427904
1229692543886970880
1229692543908098048
1229692543807426560
1229692543975034880
1229692544486985728
1229692544570675201
1229692545451659264
1229692545665523713
1229692545904431104
1229692545921253377
1229692546063818753
1229692546202267648
1229692546588303360
1229692546600914944
1229692546743447553
1229692546798018560
1229692547120844800
1229692547175456769
1229692547288559617
1229692547552837632
1229692547980779520
1229692548161179648
1229692548341518337
1229692548379291650
1229692548429402112
1229692548479885312
1229692547406147586
1229692548794314753
1229692549008384000
1229692549125824512
1229692549092212736
1229692549171838977
1229692549742366720
1229692550698561537
1229692550811934721
1229692551097012230
1229692551193604096
1229692551508021248
1229692551751442433
1229692551956967427
1229692552397414402
1229692552346914817
1229692552623919104
1229692553001361408
1229692553127170049
1229692553869459456
1229692553840222208
1229692553827512320
1229692554259705859
1229692554221764609
1229692554620350465
1229692554934964224
1229692555786256385
1229692555756998656
1229692555857670145
1229692556293750785
1229692556990132225
1229692557564604416
1229692558453944320
1229692558655311872
1229692558244184064
1229692558915272704
1229692558713987072
1229692559066189824
1229692559498215424
1229692559838060544
1229692560207052800
1229692560244797441
1229692560659976192
1229692560651771904
1229692560727269376
1229692561280970752
1229692561490530304
1229692561423396865
1229692561918328832
1229692562329526272
1229692562451161090
1229692562958536710
1229692563688480770
1229692564015632384
1229692564200185856
1229692564355203072
1229692564707663873
1229692564984360960
1229692565089325056
1229692565126909953
1229692565202432000
1229692565663801345
1229692564271489024
1229692565969965057
1229692566892957697
1229692566980956160
1229692566951559174
1229692567605911552
1229692568834842624
1229692569157689345
1229692569103323139
1229692569556267008
1229692570063818753
1229692570051260416
1229692570252394498
1229692569468231680
1229692570718081024
1229692571066208257
1229692572131581952
1229692572286750721
1229692572609675264
1229692573662375938
1229692573704282112
1229692573888864256
1229692573779943424
1229692574270541825
1229692574425894912
1229692574786564097
1229692575046684673
1229692575071776768
1229692575281377280
1229692575331815424
1229692575256391681
1229692575508025345
1229692575663165440
1229692575898054656
1229692576183152640
1229692576493645825
1229692577139568641
1229692577223512066
1229692577324003328
1229692577642758144
1229692578817355776
1229692579207270400
1229692579786174465
1229692579891097600
1229692580117536768
1229692580687839232
1229692580989894657
1229692581224820737
1229692581589577728
1229692581858033664
1229692581912641536
1229692582344740866
1229692582411763712
1229692582604804097
1229692582508126208
1229692582831296512
1229692583057641473
1229692583154049026
1229692583250558977
1229692583263129600
1229692583640797185
1229692583921602560
1229692584018284545
1229692584920059904
1229692585410625538
1229692586266202112
1229692586333483009
1229692586719207425
1229692586299969537
1229692586916491264
1229692586937528321
1229692587088412672
1229692587432386561
1229692587541442562
1229692587973345283
1229692588183044097
1229692588703322115
1229692588736819205
1229692589160398848
1229692589269405699
1229692589617467392
1229692590238453760
1229692590670467073
1229692590854819840
1229692591043567622
1229692591114817536
1229692591568048129
1229692592050376704
1229692592322797568
1229692592964689923
1229692593241501696
1229692593371398146
1229692593400737793
1229692593446977536
1229692593614868480
1229692593631645699
1229692594055041027
1229692594881359872
1229692595376287745
1229692595736965120
1229692595795845120
1229692595850358787
1229692596055937029
1229692596101869569
1229692596567584769
1229692596861075457
1229692597070897152
1229692596978700288
1229692597779804160
1229692598895464449
1229692599088435200
1229692599239430144
1229692599734284288
1229692599738363904
1229692600002760704
1229692600099033088
1229692600111816704
1229692600141086723
1229692600640266240
1229692600669655041
1229692601047056384
1229692601168781312
1229692601093251072
1229692601579606016
1229692601743241216
1229692601919397888
1229692601634361344
1229692602640814080
1229692602611486720
1229692602812895233
1229692602955399169
1229692603110526977
1229692603098161154
1229692603425226754
1229692603630850053
1229692603790053377
1229692603878268928
1229692604440285184
1229692604721385472
1229692604620713984
1229692604952064002
1229692605606322179
1229692605593767936
1229692605614694400
1229692606038200322
1229692605979676673
1229692606902226944
1229692607309238272
1229692607808172032
1229692609259376640
1229692609339113473
1229692609372860417
1229692609678934016
1229692609649659904
1229692609876123649
1229692609980968960
1229692610115096581
1229692610228432899
1229692610308116480
1229692610551275520
1229692610622574592
1229692611105054720
1229692611536932864
1229692612715700224
1229692613189623813
1229692613743169537
1229692614074437632
1229692614384873473
1229692614506475520
1229692614615732224
1229692614624063490
1229692614699388928
1229692614905081863
1229692615060119552
1229692615131570176
1229692615945150464
1229692616079527936
1229692616201113601
1229692616356311040
1229692616704286721
1229692616956092417
1229692616893030401
1229692617321066496
1229692617673166848
1229692618180874240
1229692618319257600
1229692618533146626
1229692618801438720
1229692619070099456
1229692619116175361
1229692619485089792
1229692619967651840
1229692620265291776
1229692620374466561
1229692620537880577
1229692621200617474
1229692621372551171
1229692621427113984
1229692621670567936
1229692621901062144
1229692621842288640
1229692622681395201
1229692623088168960
1229692622895243264
1229692622958202880
1229692623570399232
1229692624459583488
1229692624497410050
1229692625453584385
1229692626296688641
1229692626410012672
1229692626409934848
1229692626523377665
1229692626451873793
1229692626720493575
1229692627097776128
1229692627026677760
1229692627693514752
1229692627622096900
1229692627814977537
1229692627940978689
1229692627987116032
1229692629673181184
1229692630159810560
1229692630537129984
1229692631166353410
1229692631124520960
1229692632986578944
1229692633703944192
1229692633515089920
1229692633825660930
1229692634060464128
1229692634622349312
1229692634920341504
1229692635427856384
1229692635755032576
1229692635725598720
1229692635893436416
1229692635935318026
1229692636430204931
1229692636468043776
1229692636459667458
1229692636841287686
1229692637474627584
1229692637537398784
1229692638166704128
1229692638359695361
1229692638561013760
1229692638581780480
1229692639219527680
1229692639190102017
1229692639697686529
1229692640339185664
1229692640288899072
1229692640360378373
1229692640591011842
1229692640783892481
1229692641387761664
1229692641912160257
1229692642721550336
1229692643350732800
1229692643569029120
1229692643841581058
1229692643770294272
1229692643975868416
1229692644378468352
1229692644533473280
1229692644839673856
1229692644957179905
1229692645049585665
1229692645125087233
1229692645326434306
1229692645829697536
1229692645812899840
1229692646173470720
1229692646760697856
1229692647356260352
1229692647457075200
1229692647570173952
1229692647494676480
1229692647725395969
1229692647931043840
1229692648245661696
1229692649550090240
1229692649470337024
1229692650678312960
1229692651722727425
1229692652205068289
1229692652263804928
1229692653375115264
1229692653543067648
1229692653714972674
1229692653609992197
1229692653727633414
1229692653911998466
1229692654386106368
1229692654767702017
1229692654738444288
1229692655010865153
1229692655027675136
1229692655350800385
1229692655535157248
1229692656957050880
1229692657368227840
1229692658982871040
1229692659134083072
1229692660018868225
1229692660023201797
1229692660077748224
1229692660723716096
1229692661327593473
1229692661843447808
1229692661768085505
1229692661436538880
1229692662061486081
1229692662392946689
1229692662464176133
1229692662736814083
1229692662971633664
1229692662887911425
1229692662959177728
1229692662841774080
1229692663772798976
1229692663982485505
1229692664821534720
1229692664787824641
1229692664905437184
1229692664959918080
1229692665136058368
1229692665232490496
1229692665278517248
1229692665303883777
1229692665769316352
1229692665928667136
1229692666159468544
1229692666549620736
1229692666599890944
1229692666851364864
1229692667426041857
1229692667799445504
1229692667874856961
1229692667979689986
1229692667820298241
1229692668923588613
1229692668973735936
1229692669540143104
1229692669670019073
1229692669619650561
1229692670160842752
1229692670186074112
1229692670458634240
1229692670639050753
1229692670886342657
1229692670915645440
1229692671477911552
1229692671540764674
1229692671352090626
1229692671796621312
1229692671880507392
1229692671779901446
1229692671922331648
1229692672559939584
1229692672421453826
1229692673063256065
1229692673792983040
1229692675386990592
1229692675638558721
1229692675734962178
1229692675789590528
1229692676024475648
1229692676406157312
1229692676569649152
1229692677136011265
1229692677362311168
1229692677555277825
1229692677618192385
1229692678989807616
1229692679065350145
1229692678561988609
1229692679342239745
1229692679727898625
1229692680424345600
1229692680571105280
1229692681078571008
1229692681414004736
1229692681741201409
1229692681883922432
1229692682181672960
1229692682403901441
1229692682525503488
1229692683817381888
1229692684333240320
1229692684408938498
1229692684882907137
1229692684735934464
1229692685717590016
1229692686640275458
1229692686564806656
1229692686623371265
1229692687042908161
1229692687411892224
1229692688062189568
1229692688301248512
1229692688557125632
1229692688636637185
1229692688905232385
1229692686010994689
1229692689475670017
1229692689706291200
1229692689966411778
1229692690003947521
1229692690041696258
1229692690352234496
1229692691350376448
1229692691413336064
1229692691379838976
1229692691329490945
1229692691492921344
1229692692084359168
1229692693220954112
1229692693078474752
1229692693556662272
1229692693812580354
1229692694022090752
1229692693518802944
1229692694424891392
1229692694559100929
1229692694768709632
1229692696425418754
1229692696694022144
1229692696920457216
1229692697419665408
1229692697775968256
1229692697729892353
1229692699403403264
1229692699411931136
1229692699512463360
1229692700611555329
1229692700292722688
1229692701194371072
1229692701299355648
1229692701466972162
1229692701509070849
1229692701622145025
1229692702331211776
1229692702855442432
1229692703564275712
1229692704067637248
1229692704101191682
1229692704449273857
1229692704570970113
1229692704751112192
1229692705107828736
1229692705283854336
1229692706244329472
1229692706651353089
1229692707104329728
1229692707171270658
1229692707657793537
1229692707917959168
1229692708094005248
1229692709067280384
1229692709150965761
1229692709385826310
1229692709939576833
1229692710229024771
1229692710258343936
1229692710518263809
1229692710573035522
1229692710703058945
1229692712200347648
1229692712699322368
1229692713810874368
1229692713987010561
1229692714033258501
1229692714066817025
1229692714360463360
1229692714356215810
1229692714515603456
1229692715295821824
1229692715434004481
1229692715920740352
1229692716121853954
1229692716503584768
1229692717078401024
1229692716579262464
1229692717233360897
1229692717766103040
1229692717950595072
1229692718332334080
1229692718668013569
1229692719196336128
1229692718923669504
1229692719498440706
1229692719854829569
1229692720001667072
1229692721033551872
1229692720370847746
1229692721520160768
1229692722283413504
1229692722291920896
1229692722778386433
1229692722186874882
1229692723143364608
1229692723483041793
1229692724338520064
1229692724623724546
1229692725349384192
1229692725462740993
1229692725773185024
1229692725882060800
1229692725823496193
1229692726083493888
1229692726456619009
1229692726653935616
1229692726871982081
1229692727446659072
1229692727547305984
1229692727522033664
1229692727719350272
1229692728394440704
1229692727878537217
1229692728944013314
1229692728998383616
1229692729048862720
1229692729795334144
1229692729556226048
1229692729916977152
1229692730797969410
1229692730734977024
1229692731011801088
1229692731179421696
1229692731816955904
1229692732165312513
1229692732282634240
1229692732333010944
1229692732349743104
1229692732421083142
1229692732827934720
1229692733004156928
1229692733071056896
1229692733104754689
1229692733452890113
1229692733402443776
1229692733742288897
1229692733679230976
1229692733851414529
1229692734300016640
1229692734291791873
1229692734505488384
1229692735097012224
1229692735604613120
1229692735973621761
1229692736124616704
1229692737164804097
1229692737127145479
1229692737282166784
1229692737332617219
1229692737433239553
1229692737861160960
1229692737819226112
1229692737944944642
1229692737966026752
1229692737869377536
1229692738381041666
1229692739073105922
1229692739643527168
1229692739840688128
1229692739987673088
1229692741476638721
1229692741749235712
1229692742370045957
1229692742730539009
1229692742848126977
1229692743158362113
1229692743427010567
1229692743653392384
1229692744001417217
1229692744056082433
1229692744655704065
1229692744873824256
1229692745096343552
1229692745159077889
1229692745356177408
1229692745159233538
1229692745494728705
1229692745356316672
1229692745704464390
1229692745880440832
1229692746186870786
1229692746195251200
1229692746329403392
1229692746690105347
1229692746774065153
1229692746945810432
1229692747109543936
1229692747180720128
1229692747730182144
1229692747617054720
1229692747969388545
1229692748896145409
1229692749852659714
1229692749961736198
1229692749739372545
1229692750695665664
1229692751123505158
1229692751232618497
1229692751777632256
1229692751840759808
1229692752096460800
1229692752260194305
1229692752801095681
1229692752906129410
1229692752826380288
1229692753648455681
1229692753992396802
1229692754206191619
1229692754164408320
1229692754898432000
1229692755309318145
1229692755330445313
1229692755523391489
1229692755577720832
1229692755695112192
1229692756089614336
1229692756756316161
1229692756735426562
1229692757712625664
1229692758090272768
1229692758996045826
1229692759432421377
1229692759793184770
1229692759914631168
1229692760153739265
1229692760250294274
1229692760669605888
1229692760833380356
1229692761076457474
1229692761869144064
1229692761986625536
1229692762859032576
1229692762959663105
1229692763089842176
1229692762951278593
1229692763144380419
1229692763387678720
1229692762963861510
1229692763412680704
1229692763685490688
1229692763823841280
1229692764327153664
1229692764348145668
1229692764360597505
1229692764612263936
1229692765229010944
1229692765551788032
1229692765807640576
1229692765807706112
1229692766117974018
1229692766164144129
1229692766382428162
1229692766659207169
1229692767078498306
1229692767292411905
1229692767753953280
1229692767711817728
1229692767858720768
1229692767804194818
1229692767984549890
1229692768290775040
1229692768601214976
1229692769746055169
1229692769662361605
1229692770023026689
1229692770379386880
1229692770668826624
1229692770786430976
1229692770677190657
1229692771524464641
1229692772183105536
1229692772329938945
1229692772338282496
1229692772568842241
1229692773126885376
1229692773542039553
1229692774339006464
1229692774460452865
1229692775853174784
1229692776159350784
1229692777266475008
1229692777388265472
1229692777392328705
1229692777627181057
1229692777929289728
1229692778717667328
1229692778642395136
1229692778843660288
1229692779095183360
1229692779460202497
1229692780492083200
1229692781104250880
1229692781272027136
1229692781255417857
1229692781477744640
1229692781876129794
1229692782408634368
1229692771411386369
1229692783146958849
1229692775953727489
1229692777522487296
1229692783465811968
1229692784451321856
1229692784992407552
1229692785311264769
1229692785437048834
1229692785176920067
1229692785491492865
1229692786422747136
1229692787110473730
1229692787790143490
1229692788070989824
1229692788167577600
1229692788196790272
1229692788322684929
1229692788469633030
1229692788771557376
1229692789061013504
1229692788830138368
1229692789467774976
1229692789455126530
1229692789539004419
1229692789731934208
1229692789757181952
1229692789472014336
1229692790352883713
1229692791070056448
1229692791153778688
1229692791636160512
1229692791422214145
1229692791929761792
1229692792017784832
1229692792353501184
1229692792407982080
1229692792839929858
1229692792710062080
1229692792915550209
1229692793066418177
1229692793074765824
1229692793758638080
1229692793884299264
1229692794039521280
1229692794333286400
1229692794249207808
1229692793926356993
1229692794274488320
1229692795712987137
1229692795914293252
1229692796224909312
1229692796786769921
1229692797382516737
1229692797420285952
1229692797449490435
1229692798187687936
1229692798552682502
1229692798347157504
1229692798913458177
1229692798871441408
1229692798909255680
1229692798875635712
1229692798510731264
1229692799077011457
1229692799253012482
1229692799311679488
1229692799299121152
1229692799890710528
1229692800419033088
1229692800880373761
1229692801018785793
1229692801199353856
1229692801325129728
1229692801853640704
1229692802143051777
1229692801610321921
1229692802755264512
1229692802826588160
1229692802923204609
1229692802864308225
1229692803095113728
1229692803288047616
1229692803367735296
1229692803594309633
1229692803837349888
1229692803866939392
1229692804370030593
1229692804588240899
1229692804672000000
1229692805506850816
1229692805192339456
1229692806203092992
1229692806832295936
1229692807285071873
1229692807541067776
1229692807788605446
1229692808266575872
1229692808417538050
1229692808534953984
1229692808765698048
1229692808916680704
1229692809310982145
1229692809650638848
1229692809877344257
1229692809818456069
1229692809663266818
1229692810376298496
1229692810250551296
1229692810418434048
1229692810812522501
1229692811072724992
1229692811718676480
1229692812678946821
1229692812842733569
1229692813283151872
1229692813236936704
1229692814264434689
1229692814461566977
1229692814482694144
1229692814998548480
1229692814956597248
1229692815656964096
1229692815728267265
1229692816013459456
1229692816068161536
1229692816118276096
1229692816269434880
1229692816336441344
1229692816600653827
1229692816776929280
1229692816772648961
1229692817145905154
1229692817494048771
1229692817724903424
1229692818626473985
1229692818647592961
1229692818840588289
1229692819066851329
1229692819054313473
1229692819322875904
1229692817867325440
1229692819264032768
1229692819754717184
1229692820203692033
1229692820224716800
1229692821092757504
1229692821826916352
1229692822183432192
1229692822103543809
1229692822728499200
1229692823118573569
1229692823257198592
1229692823395454976
1229692823428988929
1229692824154562561
1229692824116842496
1229692824666329088
1229692825022926848
1229692825127837698
1229692825010409472
1229692826088136705
1229692826230906880
1229692826767638528
1229692826817974272
1229692826352402432
1229692826922835968
1229692826927149057
1229692826880856066
1229692827052859392
1229692827224985602
1229692827019313152
1229692827367591936
1229692828399259648
1229692828130824193
1229692829649264640
1229692829628235776
1229692829888327680
1229692830081093632
1229692830454444032
1229692830538485760
1229692830441848833
1229692831322632193
1229692831440232448
1229692832312508423
1229692832438337536
1229692832883073025
1229692833126203392
1229692833415585792
1229692834103484416
1229692834032144384
1229692834212728832
1229692834405605378
1229692835101696000
1229692835194114048
1229692836095778817
1229692836292915200
1229692836381167618
1229692836632780800
1229692836687306752
1229692837144346624
1229692837387755520
1229692837463314432
1229692837576486913
1229692837651939329
1229692837874167809
1229692838025121792
1229692838163689473
1229692838180466688
1229692838654251008
1229692838797029376
1229692838884954113
1229692839094710273
1229692839367446528
1229692839593988096
1229692839594012673
1229692840478797825
1229692840650924032
1229692840386543617
1229692840650792961
1229692840667561985
1229692840541859840
1229692840646774784
1229692841615601665
1229692841317851136
1229692841795784704
1229692842265776128
1229692842311929862
1229692842093633537
1229692842634874887
1229692843364667394
1229692844077670402
1229692844220256256
1229692844299845633
1229692844819902464
1229692845159833603
1229692845235134464
1229692845226971136
1229692845872672768
1229692845772148736
1229692845663178752
1229692846199865344
1229692846493454337
1229692846854242304
1229692847072276481
1229692847143546882
1229692847290507265
1229692847462371328
1229692846975979521
1229692847571587072
1229692847554748416
1229692847705776128
1229692847684755456
1229692848343330818
1229692848590786561
1229692848716443648
1229692848829849600
1229692849324724224
1229692849630982145
1229692850608263168
1229692850998317056
1229692851191271425
1229692851262386176
1229692851539234817
1229692851820339200
1229692852168462336
1229692852248154119
1229692852747137024
1229692853569323008
1229692853837815808
1229692854265511936
1229692854462799875
1229692854668230656
1229692855255388161
1229692855561703424
1229692855712612352
1229692855947386880
1229692856027082752
1229692855268102144
1229692856127934464
1229692856492752899
1229692856803188737
1229692857214283776
1229692857365168133
1229692857600135168
1229692858040377345
1229692858673848320
1229692859751661569
1229692859923795968
1229692860527730688
1229692860758249475
1229692860649345024
1229692862239068160
1229692862519885824
1229692862524035072
1229692862528245760
1229692862788296704
1229692863325319171
1229692863450976256
1229692863589437440
1229692863933489153
1229692864046694405
1229692864067710976
1229692864147288065
1229692864214392832
1229692864252256256
1229692864432611328
1229692864545816576
1229692864625426433
1229692864717656064
1229692865569116160
1229692865833553921
1229692866324312064
1229692866605277184
1229692867175686147
1229692867171569664
1229692867368620032
1229692867305754625
1229692867792252929
1229692869230784513
1229692869591564288
1229692869729865733
1229692870883282945
1229692871839641600
1229692871978180608
1229692872493948928
1229692873576210433
1229692874058432513
1229692874339409923
1229692874838564869
1229692874834481159
1229692875027419137
1229692875312521216
1229692875388022785
1229692875480485888
1229692875534983168
1229692875748904960
1229692876063330305
1229692876386373632
1229692877095100420
1229692877178990593
1229692877820825600
1229692878412226560
1229692878751850497
1229692879355826177
1229692879456567298
1229692880178073600
1229692880584921088
1229692880819634176
1229692881255796736
1229692881243381761
1229692881406836736
1229692881817997312
1229692882136813568
1229692882665267200
1229692882711437312
1229692883608928256
1229692883990532096
1229692884204564480
1229692884233924608
1229692884388990979
1229692884338630656
1229692884712067072
1229692884640616448
1229692884502233089
1229692885177683968
1229692885492125698
1229692886276550656
1229692886989623302
1229692887044173824
1229692887622987776
1229692888038232064
1229692888189165569
1229692888214196224
1229692888138649600
1229692888335949824
1229692888553930753
1229692889115938816
1229692889015422977
1229692889552293889
1229692890240225280
1229692890680479744
1229692891045466113
1229692891251068928
1229692891502481409
1229692892291092480
1229692892312195072
1229692892471537674
1229692892404305921
1229692892526137344
1229692892807094272
1229692893033619456
1229692893146648577
1229692893171986433
1229692893251723266
1229692893373325313
1229692893549359104
1229692893960388608
1229692893864001536
1229692894015115266
1229692894186885121
1229692894262497280
1229692894572761088
1229692894803525637
1229692895067852801
1229692895508058115
1229692896028299264
1229692896032354304
1229692896166711296
1229692896477089792
1229692896917372928
1229692896925954048
1229692897039147011
1229692897404051459
1229692898205024256
1229692898079318016
1229692898599243777
1229692898674868224
1229692898784010240
1229692898813390849
1229692900302176256
1229692900092436480
1229692900889505792
1229692901015379969
1229692901363519494
1229692901476618240
1229692901547892736
1229692901661331462
1229692901883400193
1229692902583894016
1229692902533718016
1229692902596644864
1229692903032807424
1229692903380832256
1229692903108141057
1229692903477219329
1229692903779426304
1229692903892537345
1229692904181886976
1229692904358047744
1229692904488173569
1229692904609918976
1229692905201127425
1229692905641533443
1229692905813663744
1229692905989652480
1229692906413395968
1229692906874777600
1229692907138871296
1229692907130703873
1229692907646418944
1229692907759661056
1229692907923308545
1229692908145647616
1229692908686716928
1229692909085003776
1229692909261336577
1229692909391372292
1229692909349474305
1229692909622112257
1229692909571604481
1229692909546545152
1229692909211000838
1229692910070849539
1229692910129631234
1229692910255443970
1229692910494457856
1229692910649479169
1229692911186587649
1229692911471808512
1229692911345778688
1229692911832297472
1229692911891013632
1229692911949770758
1229692912453197824
1229692912486768640
1229692912360939521
1229692913212252160
1229692914055438337
1229692913820545024
1229692913984163841
1229692914093232139
1229692914571321344
1229692915418619905
1229692915477204992
1229692915821113344
1229692915716411393
1229692915909156864
1229692916123275267
1229692915720609794
1229692916488032256
1229692916324610048
1229692916802686978
1229692917352103936
1229692917457080320
1229692917360492546
1229692917498961921
1229692917603799040
1229692918044164096
1229692917939347456
1229692918018895874
1229692918207832064
1229692918023110657
1229692917821906944
1229692918224412672
1229692918748741634
1229692919172489223
1229692919642279936
1229692919457517568
1229692920560787456
1229692920892153857
1229692921927962625
1229692922347560961
1229692922414714884
1229692922511024129
1229692923727486978
1229692921860915200
1229692924239192065
1229692924616675328
1229692925228929024
1229692925518368768
1229692925585612801
1229692925870821376
1229692926202126337
1229692926911008770
1229692927405936640
1229692928165064705
1229692928878161921
1229692929091891202
1229692929125388288
1229692928945205249
1229692929880387584
1229692930283245568
1229692930513702912
1229692931520507905
1229692931612667905
1229692931742879745
1229692931931402242
1229692931881066501
1229692931994374144
1229692932384591872
1229692932783050753
1229692932334268416
1229692933118365696
1229692933344874498
1229692933525270528
1229692933990993920
1229692934125162498
1229692934259265543
1229692934561452033
1229692934590582784
1229692934703837186
1229692935362535424
1229692935316426753
1229692935492341760
1229692935463108613
1229692935953883136
1229692936063012864
1229692935970656256
1229692936129937408
1229692936650186754
1229692937656619008
1229692938172563456
1229692938453733376
1229692938554204160
1229692938965442560
1229692939032518657
1229692939221323776
1229692939384782849
1229692939577675776
1229692939779149824
1229692939825057792
1229692939946774528
1229692940945108994
1229692941796610053
1229692942668853249
1229692943147130880
1229692943277137921
1229692943767916544
1229692943822311429
1229692944464125952
1229692945147875328
1229692946385113089
1229692947060285441
1229692947588734977
1229692947689545728
1229692947735572480
1229692948150968320
1229692948519866370
1229692949329514496
1229692949811777538
1229692950218711042
1229692950893883393
1229692951065845760
1229692951623880704
1229692951481110528
1229692951892234242
1229692952064266240
1229692952156557312
1229692952462548992
1229692952886145026
1229692952882098176
1229692952991105026
1229692952986841088
1229692953200877568
1229692953179967488
1229692953838243840
1229692954685640704
1229692954715049984
1229692954975113216
1229692955046268928
1229692955260149760
1229692955566407680
1229692955650211843
1229692955851538433
1229692956099014656
1229692956170477573
1229692956749094912
1229692956807839744
1229692957105672192
1229692957193838592
1229692957370048512
1229692957512605697
1229692958430990336
1229692958628294656
1229692959240675329
1229692959156625408
1229692959404314624
1229692959769145344
1229692959957774336
1229692960364732416
1229692960444493824
1229692960951930881
1229692960784211969
1229692961610399744
1229692961862160384
1229692961916669953
1229692962206076928
1229692962361180161
1229692962130423809
1229692962474536960
1229692963585789952
1229692964479389697
1229692965121069056
1229692965209153546
1229692966203060224
1229692966165368832
1229692966362583040
1229692967151161344
1229692967150972928
1229692967394435077
1229692967432151040
1229692968208142337
1229692968195346432
1229692968530919425
1229692968535314434
1229692968594026496
1229692969038553093
1229692969265004545
1229692969302675456
1229692969843691520
1229692970292695040
1229692970208612354
1229692970313637888
1229692970468806656
1229692970581889025
1229692970548518912
1229692970602917888
1229692970808619009
1229692970942783489
1229692970951008256
1229692971441950720
1229692971626516488
1229692971521429504
1229692971983015936
1229692971932581889
1229692972108664833
1229692972939112448
1229692973421662208
1229692973337608192
1229692973480390656
1229692973824249857
1229692975468490752
1229692975690604548
1229692975216832512
1229692976412135425
1229692976546357248
1229692977036976130
1229692977062170625
1229692978295459843
1229692978282688513
1229692978299490307
1229692978463010816
1229692978609950721
1229692978953887747
1229692978496565248
1229692979381555202
1229692979700535297
1229692980732289024
1229692980790874113
1229692981151719425
1229692981994803200
1229692982116306944
1229692983068332032
1229692983106142210
1229692981990567937
1229692983936606208
1229692984335069184
1229692984968589312
1229692985706795009
1229692986272829440
1229692986386194433
1229692986767724544
1229692987057160192
1229692987598262273
1229692987732525056
1229692987845697536
1229692987850010625
1229692988055605249
1229692988252721152
1229692989351616515
1229692989276114944
1229692989515145216
1229692989779279873
1229692989737504768
1229692989926043649
1229692989615853569
1229692990614056960
1229692991264083970
1229692991536816130
1229692991645745152
1229692991889199105
1229692991754760193
1229692992002371585
1229692992128045057
1229692992371347458
1229692993264857088
1229692993877221376
1229692994673987584
1229692994699304960
1229692994594492421
1229692994690797569
1229692994829242368
1229692995005566977
1229692995336720384
1229692995416420354
1229692995810676738
1229692995999584267
1229692996242657280
1229692996591005699
1229692996712460289
1229692996872024064
1229692996972679168
1229692996959891456
1229692997215780864
1229692997794557952
1229692997845102592
1229692998541139968
1229692998310645760
1229692999124127745
1229692999266734080
1229692999606554625
1229692999577169927
1229692999652655105
1229692999862542336
1229693000315478017
1229693000692854784
1229693000957063168
1229693001103839233
1229693001120641024
1229693001464717313
1229693001917583360
1229693002026823680
1229693002290995200
1229693002379079680
1229693003226181633
1229693003498868736
1229693003796627457
1229693004006379520
1229693004237045760
1229693004622917632
1229693005260394497
1229693005327556609
1229693005491253248
1229693005843648514
1229693005960904704
1229693006070112257
1229693007210983424
1229693007600988166
1229693007718383618
1229693008066596865
1229693008058167297
1229693008309837824
1229693008783773701
1229693008905302016
1229693006833315840
1229693009232527360
1229693010394394624
1229693011669307393
1229693011711361025
1229693011807932417
1229693012143415298
1229693012457984000
1229693013020024833
1229693013607059456
1229693014009942017
1229693014282506243
1229693014576005120
1229693014857019392
1229693015389851648
1229693015859564546
1229693016203550720
1229693016153001986
1229693016505540609
1229693016589422592
1229693016530534401
1229693016895418368
1229693017012858881
1229693017172279296
1229693017684090880
1229693017583489024
1229693018082398209
1229693018690600960
1229693019189805056
1229693019236032512
1229693019374440448
1229693019386871808
1229693019777097729
1229693019986620417
1229693020116787200
1229693019970056192
1229693019940630528
1229693020280442880
1229693020624154624
1229693020938915840
1229693021681266688
1229693021966389248
1229693022453018625
1229693023019159552
1229693023132487680
1229693023648280576
1229693023648440321
1229693023979741190
1229693024218861569
1229693024260755456
1229693024780812288
1229693024206086144
1229693025183420416
1229693025367932930
1229693025384714240
1229693025665703937
1229693025741348869
1229693025623986177
1229693027628679169
1229693028094238726
1229693028488466433
1229693028488613889
1229693028949848064
1229693029436383232
1229693029952499713
1229693030036205570
1229693029931458561
1229693029960704000
1229693030052950017
1229693029990182914
1229693030388637697
1229693030292213761
1229693030547853312
1229693030984273920
1229693030942289920
1229693031420321793
1229693031420452864
1229693031999135745
1229693031990857729
1229693032808755200
1229693029382008832
1229693033463111681
1229693033995808773
1229693034146803712
1229693034159316992
1229693034826125312
1229693035161640960
1229693024575381504
1229693035321139201
1229693035631411200
1229693035975303169
1229693036226985984
1229693036348805120
1229693036365516805
1229693036336222208
1229693037414166529
1229693037657325570
1229693037795794945
1229693038110244864
1229693038097768448
1229693038173315072
1229693038525665280
1229693038345236486
1229693039242665984
1229693039053922304
1229693038307373056
1229693039527878656
1229693039700037633
1229693039905406980
1229693039779569664
1229693039955914754
1229693040094306304
1229693040425668608
1229693039842484224
1229693040811487234
1229693040962392064
1229693041314803713
1229693041432236032
1229693041197375490
1229693041520205824
1229693041427935232
1229693041755279360
1229693041960718336
1229693041876836353
1229693041910349824
1229693041839165441
1229693041960636418
1229693041776021504
1229693042149425152
1229693042363289600
1229693042581311488
1229693042803793920
1229693043315339266
1229693043302789120
1229693044066115588
1229693044477194240
1229693044783550464
1229693044980506624
1229693045123305474
1229693045790035970
1229693046096183296
1229693046046052352
1229693046406733824
1229693046477987841
1229693046629031937
1229693047035682817
1229693047220383746
1229693047367032832
1229693047589367809
1229693048113725440
1229693048621338625
1229693048675872768
1229693048742825984
1229693048910643200
1229693048931659776
1229693049107697664
1229693049174884352
1229693049237721094
1229693049485365248
1229693049648734213
1229693049531441152
1229693049992884224
1229693050458263552
1229693050428870662
1229693050416455680
1229693050747789312
1229693051305680896
1229693051888492544
1229693051980746752
1229693053138399233
1229693053503303681
1229693054203781121
1229693054346358784
1229693054673735682
1229693054828703744
1229693055067938816
1229693055365718016
1229693055252357125
1229693055319580672
1229693056401788928
1229693056430948352
1229693056607080448
1229693057055916032
1229693057165152256
1229693057261559810
1229693057328484355
1229693058243059717
1229693058482085888
1229693058767257600
1229693059186733056
1229693059299827714
1229693059916496896
1229693060122054657
1229693059618701312
1229693060411297792
1229693060667334656
1229693060637814790
1229693062387052546
1229693062873538561
1229693063020154880
1229693063557271554
1229693064169558017
1229693065033478146
1229693065255743488
1229693065092308992
1229693065365000192
1229693065247567873
1229693065398493187
1229693065755009024
1229693065784283137
1229693065843105792
1229693065922740224
1229693066157555713
1229693066384007168
1229693067319562241
1229693067751411713
1229693067793444865
1229693067910881280
1229693068078546944
1229693068066074626
1229693068690903040
1229693068971925505
1229693069265494016
1229693071056523264
1229693071526264832
1229693071530459137
1229693071534673920
1229693071643688960
1229693072100904961
1229693072323166208
1229693072990253057
1229693073514356736
1229693073178972161
1229693074009276417
1229693074361679874
1229693074760032257
1229693074902667266
1229693075003330560
1229693075825532928
1229693074751852544
1229693076009938944
1229693076240785408
1229693076400230406
1229693076286906368
1229693075477291008
1229693077201158144
1229693076899319809
1229693077536722944
1229693077633277952
1229693078149181440
1229693078396600320
1229693078673543168
1229693079176667136
1229693079306801152
1229693079508148224
1229693079461879808
1229693079998881794
1229693079952687105
1229693079868903424
1229693080099414022
1229693080158244865
1229693080179073025
1229693080145682432
1229693080145743874
1229693080250482688
1229693080686690304
1229693080674193408
1229693081240231936
1229693081445949440
1229693081668030465
1229693081810718720
1229693081706008582
1229693083014647808
1229693083056529408
1229693082855043073
1229693083337420806
1229693083740078081
1229693084083965958
1229693084197367808
1229693084579004416
1229693084725727233
1229693084805496832
1229693085476511744
1229693085585563648
1229693085816369152
1229693085984051200
1229693086093148160
1229693086424608769
1229693086495694848
1229693086558826496
1229693086709645312
1229693087842217984
1229693087900790784
1229693088131620865
1229693088257466368
1229693089704378368
1229693089926782977
1229693090039988225
1229693090149040133
1229693089981198336
1229693090367066112
1229693090425921537
1229693090358845440
1229693090505641985
1229693091273158656
1229693091839344640
1229693092594253825
1229693092850229248
1229693093152055301
1229693093290618880
1229693094280474626
1229693094691573760
1229693094926245888
1229693095265964033
1229693096377622529
1229693096306315264
1229693096436219904
1229693097182998528
1229693097400918016
1229693097367359490
1229693097438842880
1229693097409421312
1229693098139234307
1229693098059608064
1229693098172743680
1229693099292741633
1229693099456200704
1229693099611426816
1229693099883909121
1229693100097818625
1229693100097826816
1229693100102213637
1229693100265746432
1229693100567621632
1229693101423386624
1229693101603774464
1229693101670793216
1229693101855215617
1229693102031613953
1229693102018842625
1229693102211784704
1229693102279057408
1229693102258098176
1229693102522355712
1229693102471995392
1229693102652346369
1229693102836707328
1229693103365189632
1229693103663198208
1229693104321679360
1229693104652861440
1229693104766189569
1229693104921436160
1229693105068281856
1229693105374289920
1229693105739370496
1229693105722384384
1229693106221699073
1229693106477506561
1229693106548879360
1229693106951348225
1229693107223982081
1229693107215708162
1229693107463045120
1229693107983114240
1229693108192972800
1229693108432068609
1229693108281106432
1229693108490850304
1229693108453023744
1229693108733898752
1229693109480677376
1229693109870530560
1229693110063550464
1229693109912711168
1229693110512504833
1229693110348849153
1229693110785105920
1229693110898298880
1229693111040761856
1229693111087095808
1229693111573475328
1229693112257216514
1229693112630398976
1229693112735322112
1229693112878063618
1229693113154899968
1229693113267941378
1229693113314291712
1229693113393872896
1229693113859497986
1229693114010546178
1229693114295570432
1229693114371235840
1229693114517839873
1229693114719227904
1229693115000393730
1229693115155369984
1229693115365113856
1229693115679690752
1229693116451409922
1229693116439048193
1229693116392726528
1229693116761899008
1229693116833202176
1229693117261131776
1229693117680508928
1229693117936259072
1229693118041272320
1229693118091390983
1229693118301130753
1229693118632431616
1229693118754283520
1229693118863200256
1229693119563730944
1229693119592988672
1229693119970435077
1229693119882358784
1229693120272568320
1229693120830431237
1229693120943513601
1229693121036013570
1229693121358942208
1229693121606365185
1229693121782517760
1229693122445070336
1229693122822668288
1229693123774705665
1229693124076806145
1229693123992989697
1229693124680663040
1229693124781281280
1229693124831657984
1229693125712601088
1229693125112713217
1229693125850992640
1229693125959901184
1229693126094327809
1229693126110924801
1229693126178033664
1229693126106918913
1229693126370967552
1229693126601662464
1229693127369404422
1229693127490863111
1229693128266768384
1229693128308920325
1229693128623431680
1229693128409518080
1229693128694624257
1229693128661061632
1229693129168576512
1229693129365872640
1229693129483112448
1229693129638338560
1229693129579737089
1229693129617485826
1229693130129235971
1229693130334707712
1229693131018375171
1229693131513200640
1229693131643408384
1229693131727073280
1229693131916009472
1229693132054376448
1229693131483840512
1229693132586897414
1229693132805038081
1229693133358845952
1229693134352728064
1229693134449278977
1229693134528864256
1229693134587809792
1229693134772277248
1229693135069962240
1229693135443222529
1229693135795687426
1229693136013672448
1229693136148082688
1229693136215171072
1229693136919646209
1229693136995139585
1229693137129328640
1229693138001956864
1229693138282930181
1229693138454773760
1229693138412826624
1229693138530271232
1229693139625086977
1229693141034336256
1229693141189423104
1229693141172834304
1229693140799373314
1229693141076176896
1229693141705424897
1229693142540210176
1229693143400026113
1229693143399981057
1229693143483727872
1229693143433408513
1229693143869612032
1229693144830070784
1229693144079294467
1229693146033819648
1229693146071814145
1229693146553962496
1229693146667175936
1229693146700931075
1229693146780487680
1229693147153780737
1229693147283906563
1229693147564924929
1229693147959234561
1229693148651249664
1229693149187936261
1229693149448044544
1229693149515276293
1229693149817266176
1229693150517551106
1229693151092318208
1229693151100755971
1229693151486627840
1229693151725551616
1229693152044429312
1229693152170139648
1229693153604583424
1229693154070167553
1229693154615533568
1229693154812555264
1229693155118809093
1229693155219558400
1229693156398071808
1229693156712685568
1229693157001940992
1229693157178257409
1229693157102751744
1229693157257904129
1229693157312466944
1229693157207658496
1229693157144698881
1229693157488484352
1229693157845041153
1229693158260379648
1229693158226874368
1229693157987713024
1229693158872600577
1229693159598428160
1229693159917133824
1229693162182062080
1229693162341294080
1229693162635042817
1229693162832052224
1229693161032814593
1229693163427643392
1229693163796881414
1229693164308459521
1229693164249849857
1229693164480614400
1229693164811739136
1229693164866306049
1229693164807737345
1229693164841095168
1229693164929331201
1229693165197762560
1229693165483020288
1229693165403328512
1229693166640652288
1229693166892118016
1229693167068274688
1229693167366098944
1229693167529709569
1229693167861223424
1229693167991058432
1229693168121049088
1229693168448196608
1229693168528089088
1229693168855199745
1229693169245327360
1229693169375305728
1229693169710792705
1229693169970896896
1229693170562326528
1229693170910294016
1229693171090804736
1229693171174498304
1229693171434524672
1229693170729906176
1229693171703189504
1229693171854192640
1229693172634341376
1229693174211170305
1229693174433615873
1229693174878048256
1229693175289147393
1229693175691972608
1229693175901622272
1229693176090374144
1229693176224632832
1229693176526577665
1229693177222877184
1229693177503928321
1229693177075884033
1229693177621168128
1229693177701044224
1229693178338516993
1229693178376343553
1229693178455957505
1229693178615300097
1229693178598625282
1229693179143901184
1229693179198226432
1229693179584294912
1229693179533807616
1229693179617775617
1229693179831685120
1229693180200804356
1229693180775452677
1229693180943065088
1229693181031137280
1229693181299527680
1229693181458935813
1229693181442351106
1229693181454901250
1229693181643522048
1229693181685448704
1229693182222331910
1229693182398496769
1229693182524309505
1229693182742417413
1229693183019208704
1229693183501766657
1229693183816167424
1229693183883390977
1229693184323858433
1229693185246535680
1229693185481412608
1229693186546774017
1229693186756530176
1229693186966245376
1229693187456892928
1229693187620425728
1229693187557449728
1229693188144799744
1229693188161654784
1229693188438290433
1229693188811575296
1229693189319090176
1229693189507833856
1229693189608660993
1229693189319098369
1229693190183309313
1229693190271373312
1229693190355030017
1229693190422306816
1229693190929821696
1229693190929879040
1229693190841798656
1229693191147880448
1229693191080857600
1229693191110221824
1229693192104292357
1229693192607453184
1229693192569806851
1229693193173655553
1229693193224171520
1229693193505181698
1229693193815547904
1229693194113179648
1229693194054635520
1229693194553757696
1229693194511749122
1229693194834567168
1229693195371462657
1229693195501502466
1229693195514261504
1229693195635830785
1229693195665203201
1229693195782508544
1229693195933507585
1229693198060195841
1229693198064181248
1229693198357807105
1229693198399934464
1229693198861103104
1229693198890455040
1229693199016394753
1229693198911655936
1229693199096176640
1229693198924230656
1229693199280525313
1229693199268163584
1229693199876272130
1229693199737704448
1229693199838597125
1229693199238778880
1229693200111030280
1229693200220082176
1229693200538963969
1229693200664797184
1229693200891351040
1229693201264467968
1229693201667284992
1229693202883436547
1229693202715881472
1229693203038629889
1229693203294674944
1229693203865051138
1229693204385058818
1229693204263424000
1229693204594905088
1229693204964028416
1229693205299507201
1229693205312131073
1229693205735772160
1229693205836435456
1229693206004031488
1229693206326964224
1229693206708621313
1229693206528266241
1229693206599786496
1229693206545227776
1229693206893338624
1229693206868250624
1229693207006584832
1229693207329595392
1229693207828729857
1229693208495624192
1229693208654802944
1229693209091010560
1229693209187684352
1229693209355288576
1229693209380417536
1229693209292541952
1229693209443475456
1229693209531617283
1229693209787486213
1229693209925701633
1229693209887928320
1229693210802388992
1229693210831671296
1229693210848567296
1229693211687305216
1229693212069154821
1229693212148879360
1229693212299653121
1229693212345765889
1229693212824145920
1229693213188988934
1229693213188988935
1229693213742653440
1229693213872709632
1229693214627491841
1229693215219036160
1229693215206408193
1229693215315517441
1229693216112435200
1229693216741560325
1229693216850530305
1229693216955355136
1229693216976506881
1229693217546948610
1229693218071117824
1229693218276741121
1229693218658217986
1229693218264113153
1229693218796818432
1229693218738057216
1229693218893238272
1229693219744571392
1229693219937673216
1229693219509882880
1229693220046671875
1229693220357070854
1229693219874787328
1229693220516483072
1229693220684091392
1229693220893995008
1229693220612902914
1229693221598572544
1229693221611212805
1229693221883740161
1229693222529781768
1229693222919778306
1229693222978379776
1229693224018751488
1229693224257818624
1229693224958119938
1229693225490731008
1229693225977270273
1229693226140958721
1229693226363293696
1229693226614870016
1229693226812104704
1229693227072020482
1229693227994738691
1229693227751673856
1229693228892512256
1229693229202800640
1229693229655715842
1229693229982982144
1229693229949284352
1229693230092034048
1229693230041587712
1229693229085470721
1229693231224500225
1229693231706722305
1229693232142880769
1229693231870480385
1229693232436666368
1229693233497825281
1229693233422389249
1229693233736933377
1229693234160361472
1229693234202497026
1229693233845792768
1229693234340868096
1229693235481563137
1229693235444043776
1229693235775209472
1229693235859271680
1229693236349825024
1229693236148658176
1229693236408651776
1229693236723224577
1229693237037850624
1229693237545271297
1229693237830569989
1229693238262599680
1229693238354857984
1229693238652502016
1229693238711345154
1229693239231483904
1229693239394856960
1229693239541714950
1229693239667462144
1229693239629926402
1229693239705448449
1229693240057589761
1229693240355348480
1229693240506486785
1229693240430952449
1229693240665722880
1229693240690999297
1229693240984719360
1229693241575919616
1229693241936596993
1229693242016317440
1229693242070843392
1229693242272296966
1229693242293342208
1229693242440134656
1229693242515562498
1229693242729320448
1229693243165724673
1229693243312541696
1229693243186655232
1229693244470067201
1229693245401124865
1229693245992529920
1229693246235987968
1229693246298841089
1229693246290513921
1229693245950693376
1229693246919585796
1229693247166898176
1229693247137562625
1229693247674404865
1229693247930478592
1229693248412639234
1229693248484061185
1229693248949624832
1229693248332910592
1229693248769269761
1229693249817804800
1229693250258104321
1229693250253901825
1229693250572705793
1229693250992164864
1229693251755499520
1229693251923279872
1229693251629789186
1229693252049215489
1229693252254785537
1229693252376432641
1229693253462745090
1229693253643100160
1229693254213308416
1229693254846894080
1229693254981103618
1229693254947373056
1229693255060770816
1229693255450791936
1229693256088346624
1229693256260153346
1229693256511836162
1229693256449089536
1229693257354866688
1229693257669468160
1229693258047131648
1229693258206285829
1229693258961305600
1229693259045314560
1229693259657699328
1229693259645116418
1229693259888414721
1229693260047712257
1229693260584509442
1229693260542697472
1229693261280727040
1229693261494788096
1229693261612118017
1229693261620686849
1229693262665060352
1229693262673391617
1229693262526545921
1229693263080239106
1229693263315030016
1229693263621189633
1229693263759589378
1229693263906426880
1229693263877046272
1229693264082677760
1229693264938196992
1229693265235959813
1229693265441460224
1229693265374478337
1229693265630261253
1229693266532040704
1229693267039727621
1229693266968231936
1229693267115048960
1229693267345756160
1229693267316334592
1229693268021202946
1229693267677077504
1229693268834824192
1229693268960665601
1229693269245878273
1229693270281814021
1229693270302842880
1229693270298546176
1229693270571143168
1229693271129120768
1229693271233966081
1229693272886517761
1229693272819290114
1229693273293246469
1229693274048409601
1229693274329362433
1229693274866118656
1229693275096793088
1229693275210014720
1229693275738689536
1229693275864330241
1229693276002902022
1229693276128563200
1229693276095238144
1229693276493697024
1229693276938293249
1229693276900483072
1229693277265285122
1229693277630324736
1229693278313799680
1229693279756668929
1229693279786217473
1229693280201383936
1229693280473870336
1229693280645828609
1229693281321332736
1229693281476448259
1229693282495729664
1229693282659262464
1229693283930198017
1229693284169244674
1229693284278161408
1229693284437626880
1229693284781522946
1229693284756447232
1229693285326708737
1229693286031314945
1229693286169927681
1229693286287319040
1229693286434078721
1229693286790696960
1229693287574884352
1229693287696605184
1229693288405319680
1229693288984252416
1229693289109942274
1229693289290440704
1229693290062270464
1229693283804180480
1229693290074628097
1229693290943012864
1229693291089846272
1229693291756769280
1229693291400224768
1229693291894992896
1229693291299581952
1229693276552192000
1229693292301803520
1229693292734013440
1229693293014982658
1229693293140770818
1229693293379936259
1229693293312655361
1229693293585321984
1229693293530763264
1229693293631430656
1229693279718916096
1229693284244762625
1229693288682270727
1229693289290330114
1229693293803560961
1229693294096961537
1229693294264766465
1229693294717702145
1229693294831075329
1229693295611215875
1229693295837798401
1229693295376232448
1229693296118784000
1229693296261255168
1229693296622100481
1229693296810680321
1229693296840040449
1229693297372868608
1229693297519497216
1229693297729212417
1229693297817464833
1229693297960144896
1229693297947365376
1229693298220118016
1229693298375348225
1229693298727624704
1229693298727538688
1229693298769461248
1229693298912088064
1229693299671302144
1229693299176329216
1229693300116008961
1229693300204089344
1229693300375867392
1229693300413624320
1229693300900343813
1229693300376002561
1229693301495750656
1229693301797732354
1229693301890011136
1229693302213091328
1229693302338981889
1229693303072837632
1229693303311880192
1229693303358185473
1229693303278489600
1229693303374974976
1229693303534358528
1229693303718735872
1229693303823708161
1229693303903244288
1229693304134086656
1229693304066932737
1229693304889053184
1229693304863805441
1229693305216274433
1229693305459560448
1229693305593581568
1229693305509670912
1229693305757356032
1229693305811656706
1229693305975459840
1229693306235506689
1229693306331901952
1229693306638143488
1229693307040813056
1229693307183386624
1229693307283857408
1229693307640520704
1229693308324151298
1229693309200801792
1229693309834186752
