1229358889117855744
1229358889608433664
1229358889583423488
1229358890657054721
1229358890669625344
1229358891055505408
1229358890984202241
1229358890929676289
1229358891152089088
1229358891281944577
1229358891466518528
1229358891500216320
1229358891592560641
1229358891512795137
1229358892032954368
1229358893261869056
1229358893471539200
1229358893785997313
1229358893433786368
1229358894037815297
1229358894037659649
1229358893945491457
1229358894087979008
1229358894276734977
1229358894603960320
1229358894906068992
1229358895254134785
1229358895241596929
1229358895321272320
1229358895782617089
1229358895816114176
1229358895874875392
1229358896495632384
1229358896566939649
1229358896860495872
1229358897028313093
1229358897304965120
1229358897271623680
1229358897422532609
1229358897254797318
1229358898244718592
1229358898269868032
1229358899448307712
1229358899557474304
1229358899771400193
1229358900081766406
1229358900266328064
1229358900572495874
1229358900673163265
1229358901184745473
1229358901402984448
1229358901939838979
1229358902216740864
1229358902447353856
1229358902938099712
1229358902946541568
1229358903143608320
1229358903219118080
1229358903646982144
1229358904447885313
1229358905047666689
1229358905437966337
1229358906331131910
1229358906498879489
1229358906981351425
1229358907287490561
1229358907459559424
1229358907568672770
1229358907891470339
1229358908466032640
1229358908709294080
1229358909418344448
1229358909787213825
1229358910575980544
1229358910995300352
1229358911746080769
1229358912446640128
1229358912786309120
1229358912962301952
1229358912924770304
1229358912886968321
1229358914371833856
1229358914573041664
1229358914572914689
1229358914514423808
1229358914744930305
1229358914656985089
1229358915613315072
1229358916041166855
1229358916498116608
1229358916850593793
1229358917148454912
1229358917248933888
1229358917341319169
1229358917966274560
1229358918566055936
1229358918855516160
1229358919253970946
1229358919564300288
1229358919883132928
1229358919933464576
1229358920260444160
1229358920478666753
1229358921187414016
1229358921766203392
1229358923058163712
1229358923833958401
1229358925008363520
1229358925234855936
1229358925579005952
1229358925528518657
1229358925704765444
1229358926451240960
1229358926757392384
1229358927550255105
1229358928217030656
1229358928603099139
1229358928712142853
1229358929114738688
1229358929261613057
1229358929664188421
1229358929920090114
1229358930100355078
1229358930230272000
1229358930503065600
1229358930507259904
1229358931476127744
1229358931597656064
1229358931899813889
1229358932277317632
1229358932872880129
1229358933170642949
1229358933351051264
1229358933728485377
1229358933887733760
1229358934466625542
1229358934366064646
1229358934936444929
1229358935225720833
1229358935121055744
1229358935485759488
1229358935448211456
1229358935519313920
1229358935859068928
1229358936542842880
1229358936765001728
1229358936844795907
1229358936781938689
1229358937121509376
1229358937373335552
1229358937406951424
1229358937503346696
1229358937629052929
1229358938073661440
1229358938233155586
1229358938270756864
1229358938346459136
1229358939159969792
1229358939310940160
1229358939189342209
1229358939591962624
1229358939982061570
1229358940066140160
1229358940280049664
1229358940355465216
1229358940598808576
1229358940846088192
1229358940783120384
1229358940997275648
1229358941341147136
1229358941450199047
1229358941668302849
1229358942205157376
1229358942540533760
1229358942356201472
1229358942427451392
1229358943073378304
1229358943190896642
1229358943287140352
1229358943509647367
1229358943949991937
1229358944478466049
1229358944407048193
1229358944969203712
1229358945384292353
1229358945501839360
1229358946055573504
1229358946424541184
1229358946869227521
1229358946923810818
1229358947112493056
1229358947343257600
1229358948182110209
1229358948140113921
1229358948722999296
1229358948681121792
1229358948698009600
1229358948873990144
1229358950090407936
1229358950065352704
1229358950316789761
1229358950400888834
1229358950530727937
1229358950685917186
1229358951277330432
1229358951499612160
1229358951235555330
1229358951441031169
1229358951520776193
1229358952439144450
1229358952929886209
1229358953399611392
1229358951944208384
1229358954121236480
1229358954687475713
1229358955048030209
1229358954901229568
1229358955312435200
1229358955752837120
1229358955916386304
1229358956067217409
1229358956172185600
1229358956436262912
1229358956503543810
1229358956935512064
1229358957040410624
1229358958231506944
1229358958546124800
1229358958986448896
1229358959003222016
1229358959288438787
1229358959296778240
1229358959519203329
1229358960043577344
1229358960584597505
1229358960714698752
1229358960836104192
1229358960785973248
1229358961029271552
1229358961440083968
1229358962304094208
1229358962459283456
1229358962576961536
1229358962996199425
1229358963054874624
1229358963478499328
1229358963998642176
1229358964053348352
1229358964023930880
1229358964040704000
1229358964850036738
1229358964971843584
1229358965189943296
1229358965210808322
1229358966012071936
1229358966188064768
1229358966213230592
1229358966335037441
1229358966649520128
1229358967048069120
1229358967035351040
1229358967236595712
1229358967173697537
1229358968016863234
1229358968675303424
1229358968968863745
1229358968851447809
1229358968687841281
1229358969094918144
1229358969434431488
1229358969774194688
1229358969707098112
1229358970571235328
1229358970848104448
1229358971082899456
1229358971091329025
1229358971334492160
1229358970826944512
1229358971481255937
1229358971531563008
1229358971305132032
1229358971531624448
1229358971590365185
1229358972920115201
1229358973444182016
1229358973821820933
1229358974006255616
1229358974933143552
1229358975545729024
1229358977051512833
1229358977256951810
1229358977449779201
1229358977504497665
1229358977517002752
1229358977827450880
1229358977970065408
1229358978079043584
1229358978074906626
1229358978217512961
1229358978397868032
1229358978687066115
1229358979098304517
1229358979060383744
1229358979123466240
1229358979337162757
1229358979639205888
1229358979664535554
1229358980054433792
1229358980251693056
1229358980486529024
1229358980222345216
1229358980582895619
1229358980738105344
1229358980897492992
1229358981065461761
1229358981245784069
1229358983015784448
1229358983212752896
1229358983896555522
1229358984185962498
1229358984592789505
1229358985175687168
1229358985247121408
1229358985809031168
1229358985964216320
1229358986006335488
1229358986316713986
1229358986979430401
1229358987231014912
1229358987449131008
1229358987465805824
1229358987570601984
1229358988765978624
1229358989059727366
1229358989671989248
1229358990229852163
1229358990993350657
1229358990921830400
1229358991173672963
1229358991295352834
1229358991240597504
1229358991953874945
1229358992075264000
1229358992872411136
1229358993207898112
1229358993316794368
1229358993753223168
1229358994088775680
1229358994109730816
1229358994327842816
1229358994659037192
1229358994931609600
1229358995066040321
1229358995267182593
1229358995309301761
1229358995623829504
1229358996236140546
1229358996345303040
1229358996756279296
1229358996848594949
1229358996852760577
1229358997536493568
1229358998199119872
1229358998412857344
1229358998627004417
1229358998836527105
1229358999134359552
1229358999608471553
1229359000149323776
1229359000602365954
1229359001084841986
1229359001466527744
1229359001483333633
1229359001793638400
1229359001982382081
1229359002112286722
1229359002917703680
1229359003286876162
1229359003378933760
1229359004729724929
1229359005148991493
1229359005283364865
1229359005291700224
1229359005669171200
1229359005702770688
1229359005689991168
1229359006503690241
1229359006336110592
1229359006734569472
1229359007074263041
1229359007325990912
1229359007124590592
1229359008181628928
1229359008231776256
1229359008328429569
1229359008462626816
1229359009691553793
1229359010056245249
1229359011423801346
1229359012023398401
1229359012258418688
1229359012413468672
1229359012489179138
1229359012577103872
1229359013546033152
1229359013797691392
1229359013877256193
1229359014531784709
1229359015831859200
1229359015995506688
1229359015945064453
1229359016561823745
1229359017115422720
1229359017530679297
1229359018331844609
1229359018461876224
1229359019321626624
1229359020470718465
1229359020785401857
1229359020915482624
1229359021041344512
1229359021162844160
1229359021066506240
1229359021125259264
1229359021318168576
1229359021619957760
1229359021582209024
1229359021959806976
1229359022492524544
1229359022467362817
1229359023050371072
1229359023394361344
1229359023717261313
1229359024250007552
1229359024560230400
1229359025378250752
1229359025906749440
1229359025898131462
1229359026363863042
1229359026724577280
1229359027521499139
1229359027924062208
1229359028188393473
1229359028997849093
1229359028985307137
1229359029232766976
1229359029354405888
1229359029723582466
1229359030616961025
1229359030084096001
1229359031124402177
1229359031447220224
1229359031594233858
1229359032055394306
1229359032198205440
1229359032957161472
1229359033489903616
1229359033792040966
1229359033863135232
1229359033942888448
1229359034454683648
1229359034698018818
1229359035020763136
1229359035281006593
1229359035721375744
1229359035796815874
1229359035817832450
1229359035998015488
1229359035981451265
1229359036111478785
1229359036383936512
1229359036291801089
1229359036954554368
1229359037537382400
1229359037596258304
1229359037663326208
1229359037965225984
1229359038552473600
1229359038728527874
1229359038778888192
1229359038900637696
1229359039617871872
1229359039592763392
1229359039601160192
1229359039827439617
1229359040297340933
1229359040989421568
1229359041270484992
1229359042255933442
1229359043388424192
1229359043577360384
1229359044181155840
1229359044118425600
1229359044898353152
1229359046119084037
1229359046496542729
1229359046664151041
1229359046752260098
1229359047104589824
1229359047146475520
1229359047436120064
1229359048228659200
1229359048702730241
1229359048912293888
1229359049071706112
1229359049306705922
1229359049969414144
1229359050132840448
1229359050418081794
1229359050544091136
1229359050699051008
1229359051164790784
1229359051479375873
1229359051466825728
1229359052217606144
1229359052787998721
1229359053043851265
1229359053383458816
1229359053454708736
1229359053744361472
1229359053580783620
1229359054784360448
1229359054759157760
1229359055786905602
1229359056067780608
1229359057086976000
1229359057393397767
1229359057678589952
1229359057577955328
1229359057959559168
1229359058051837952
1229359058093735937
1229359058504880128
1229359058731192320
1229359058865487873
1229359058991427587
1229359059683467264
1229359059947544576
1229359059951706115
1229359060551655429
1229359060853587968
1229359061084209152
1229359061256359936
1229359061100969984
1229359061214187520
1229359061302312965
1229359061486845953
1229359061486845952
1229359061608673281
1229359061508009985
1229359061663191040
1229359062157934592
1229359062162247680
1229359062791446528
1229359063449862149
1229359064322387968
1229359064217350146
1229359064502722561
1229359064842293248
1229359065119305728
1229359067421786112
1229359067715387392
1229359067757346816
1229359067954634753
1229359068105650176
1229359068202119168
1229359068629749763
1229359068751360000
1229359068638334977
1229359068696834048
1229359069409894401
1229359069363720193
1229359069422608384
1229359069552676864
1229359069733015552
1229359069779107840
1229359069976240129
1229359070076973056
1229359070609584130
1229359071972560900
1229359072052252672
1229359072211881985
1229359072597729282
1229359072568168453
1229359072916492288
1229359072954155025
1229359072970969091
1229359073163960320
1229359073273012224
1229359073306587137
1229359073323364352
1229359073432391681
1229359073469972481
1229359073700831232
1229359074027982848
1229359074451447808
1229359074585661440
1229359074636005376
1229359073830662144
1229359075571441665
1229359075726544896
1229359076469067776
1229359076431290369
1229359077056184320
1229359077446291457
1229359078213931008
1229359078285115393
1229359078557700097
1229359078759002112
1229359079426056192
1229359069489700864
1229359080000671744
1229359079413485568
1229359080722063360
1229359081057587202
1229359080969588737
1229359081229389824
1229359081980170240
1229359079430033410
1229359080549974016
1229359082370285571
1229359082815008770
1229359083355951104
1229359084387782656
1229359085553946625
1229359076968001538
1229359078155177984
1229359086921224192
1229359087617560577
1229359088020049920
1229359088389091328
1229359088494137345
1229359088796086273
1229359088942731264
1229359089697935360
1229359089697918977
1229359089760649216
1229359089785794560
1229359090872111105
1229359091622936576
1229359091404795904
1229359092000411655
1229359092327735296
1229359092583419904
1229359092570951682
1229359093011206144
1229359093216759809
1229359093493764096
1229359093787181059
1229359094743650304
1229359095490240513
1229359095838363648
1229359095867572224
1229359095976689664
1229359095985123328
1229359095918010368
1229359097146855425
1229359097264340993
1229359097318797313
1229359097922736129
1229359097742532609
1229359098019418112
1229359097729908736
1229359098518474753
1229359097914413057
1229359099403325442
1229359100506628096
1229359100695216128
1229359100720369664
1229359100804452353
1229359100888117250
1229359101173473280
1229359101181693952
1229359101492289538
1229359101316149251
1229359101831983104
1229359102415056896
1229359102872018948
1229359103337693184
1229359103241281536
1229359103991898113
1229359104273125377
1229359104633851904
1229359105048866818
1229359105069981697
1229359104977776640
1229359105199886337
1229359105682427904
1229359105699041280
1229359106177277952
1229359106705809408
1229359106785529858
1229359107615969280
1229359107607605248
1229359107573858306
1229359107787771906
1229359107867463680
1229359107813117952
1229359108249325568
1229359108593111041
1229359108731604993
1229359108844736513
1229359110430371840
1229359110702936069
1229359110711279616
1229359110736486401
1229359111072108544
1229359110832836608
1229359111340482560
1229359111839473665
1229359112854659073
1229359113160798208
1229359114137919489
1229359114280734722
1229359114985168896
1229359115388014593
1229359115266191360
1229359115610152961
1229359115756900352
1229359115962638337
1229359116147052544
1229359116444893185
1229359116709191690
1229359117816324096
1229359117908762624
1229359118185570304
1229359118185615360
1229359118219169793
1229359118365970432
1229359118382780416
1229359116914696192
1229359118898479104
1229359120106557440
1229359119997587457
1229359120257441792
1229359120496508928
1229359120681029633
1229359121025118209
1229359121113194496
1229359121113198592
1229359121192734720
1229359121591414790
1229359121578811393
1229359122463830016
1229359122509946881
1229359122698534912
1229359122794987521
1229359123235512321
1229359123554295814
1229359123751428096
1229359124124774400
1229359124393209858
1229359124447735808
1229359124707590144
1229359124690829312
1229359124858712065
1229359124925833218
1229359125433327618
1229359125844385792
1229359126125346822
1229359126112882688
1229359126527930369
1229359126917988352
1229359127635382273
1229359127891234817
1229359128012886021
1229359128075788288
1229359128398704640
1229359127899471873
1229359128465686528
1229359128784490496
1229359128864227333
1229359128927260672
1229359129073836032
1229359127979331584
1229359129312944129
1229359129820639232
1229359129736699905
1229359130269429763
1229359130206494720
1229359130512674816
1229359131292663808
1229359131271843841
1229359131271675904
1229359131871477760
1229359132102152192
1229359133226258432
1229359134119809024
1229359134346100736
1229359134715203584
1229359135235411968
1229359135625363458
1229359135956836358
1229359136317435904
1229359137005416448
1229359136959344641
1229359136946688002
1229359137181618176
1229359137299091457
1229359137936424960
1229359139328913408
1229359139509407744
1229359140121829376
1229359140243492867
1229359140297900033
1229359140939718658
1229359141346476032
1229359141648420864
1229359141849911296
1229359141883449346
1229359142231584768
1229359141824520192
1229359142755864576
1229359143581995010
1229359143355658243
1229359144597151748
1229359145410846721
1229359145486254082
1229359145226137600
1229359146434224129
1229359146689912832
1229359146841059328
1229359147117948928
1229359147528921093
1229359148124528647
1229359147814182912
1229359148200013824
1229359148787060737
1229359148967636997
1229359149764546560
1229359150049529856
1229359150464937985
1229359150678802435
1229359150745837569
1229359150880174080
1229359151106707457
1229359151505182720
1229359151484002305
1229359151601590275
1229359151895044097
1229359152327053312
1229359152570470402
1229359152759066624
1229359152599724032
1229359152750686208
1229359153283584000
1229359153413533696
1229359154114039808
1229359154797506561
1229359154978050048
1229359155145670658
1229359155334590464
1229359155917422592
1229359156185853952
1229359156278317056
1229359156525780993
1229359156580118528
1229359157070966789
1229359157167284224
1229359157553164288
1229359157612023810
1229359157536591872
1229359157792460801
1229359158853611521
1229359158907920385
1229359159566462976
1229359159612755968
1229359159717462016
1229359159839080449
1229359159902031872
1229359159969120258
1229359160090746881
1229359160292188162
1229359160237658112
1229359160657051648
1229359160665530368
1229359161366007808
1229359161529524225
1229359162141925382
1229359162263359495
1229359162829746177
1229359163580538881
1229359163702206466
1229359164159213568
1229359163995828225
1229359164201136129
1229359164276772865
1229359164297764866
1229359164796723201
1229359164964519937
1229359165153390594
1229359166692741120
1229359166524919808
1229359166822576129
1229359167305060352
1229359167355273216
1229359167799992320
1229359168496099328
1229359169452400640
1229359170459197441
1229359170480005121
1229359170828111874
1229359171100758016
1229359171465773056
1229359171193184257
1229359171935571970
1229359172501884928
1229359172514467840
1229359172757573632
1229359172954644480
1229359172984197126
1229359173281837056
1229359173185331200
1229359173319544839
1229359173751758848
1229359173793697792
1229359174682841089
1229359174921797632
1229359174959669249
1229359175798607873
1229359175760670722
1229359175882477569
1229359176054341632
1229359176066965505
1229359176230559745
1229359176511414272
1229359176566046720
1229359176981323776
1229359177602080769
1229359177857949699
1229359178055069696
1229359178071838721
1229359178612903938
1229359178583506944
1229359178927550464
1229359179015438336
1229359179346915330
1229359179493773313
1229359179355369473
1229359179783032835
1229359179825111040
1229359180819025920
1229359181016248321
1229359181766856704
1229359181813223424
1229359181897097217
1229359182362472449
1229359182672990209
1229359182790451202
1229359182874316800
1229359183088119808
1229359183251697664
1229359183373332480
1229359183901782016
1229359183973244931
1229359184069656576
1229359184250068997
1229359184468226048
1229359185374126080
1229359185374121986
1229359185680306176
1229359186020093952
1229359186204643328
1229359186225647616
1229359186825244673
1229359187383246849
1229359187710369793
1229359188238831616
1229359187651710976
1229359189568507905
1229359189903831042
1229359190017220608
1229359190054973440
1229359190533013504
1229359190939963392
1229359191007125505
1229359191392948224
1229359191481028610
1229359191598387201
1229359191724179456
1229359192437334016
1229359194337370112
1229359194882613248
1229359194819579904
1229359195423592449
1229359195646046208
1229359196191195138
1229359196618940417
1229359196715372544
1229359197332086784
1229359197407440897
1229359197499928576
1229359197894008832
1229359198439260165
1229359199081111552
1229359199018258432
1229359199043411968
1229359199290843141
1229359199991107585
1229359200423337984
1229359201228640262
1229359201278930944
1229359201429991424
1229359201203318784
1229359201572573186
1229359201673039872
1229359201618726912
1229359201941688320
1229359202205827072
1229359202314833920
1229359202411450369
1229359202612568064
1229359202780487681
1229359202843295744
1229359202847645697
1229359203304771584
1229359203761999877
1229359204240105473
1229359204470673408
1229359204479070208
1229359205154533380
1229359205196451841
1229359206584717312
1229359207209549824
1229359207331139584
1229359207591415809
1229359207889199104
1229359207830507520
1229359208107167744
1229359208472207360
1229359208987951104
1229359209235517440
1229359208832827393
1229359210015731712
1229359210388836355
1229359210435137536
1229359210544160768
1229359211420602369
1229359211827490821
1229359212163002368
1229359212335128576
1229359212532240384
1229359212536397824
1229359212951736320
1229359213174018049
1229359213253713921
1229359213836722177
1229359213958385664
1229359214176260098
1229359214411309056
1229359214306394112
1229359214725697537
1229359215011082241
1229359214943825921
1229359215157948416
1229359215162134529
1229359216910987264
1229359217099722753
1229359217062051847
1229359217146023936
1229359217267662848
1229359217330606084
1229359217720647680
1229359218123300864
1229359218064547840
1229359218416852992
1229359218668392448
1229359219104735233
1229359219687686145
1229359219792416768
1229359220220317696
1229359220308369412
1229359220002316288
1229359221055029249
1229359221256355840
1229359221558448128
1229359221780729856
1229359222237933569
1229359222384680960
1229359222606843905
1229359222627979264
1229359222741061632
1229359223643000832
1229359223659646977
1229359223777062912
1229359224011935744
1229359224309854208
1229359224410513408
1229359224863567872
1229359225425539078
1229359225660268545
1229359225882759168
1229359226478182400
1229359226327224320
1229359226012737541
1229359226809700352
1229359226931249154
1229359226490966016
1229359227107495941
1229359227480739841
1229359227711262720
1229359227665178624
1229359227673530368
1229359228877492225
1229359229217144832
1229359229682769920
1229359229632438273
1229359229934407680
1229359230328565760
1229359231121395712
1229359231842836480
1229359231989682176
1229359231763197957
1229359232509603842
1229359233050673153
1229359233059229696
1229359233088376832
1229359233772089344
1229359234309066753
1229359234434904064
1229359234854379520
1229359236766810113
1229359236653518848
1229359237047955459
1229359237052026886
1229359237584883714
1229359238587265024
1229359238604115968
1229359239551864832
1229359240206258178
1229359240353124352
1229359241112145921
1229359240969641984
1229359241346965507
1229359241884045313
1229359241821114369
1229359242601058305
1229359242764640258
1229359243385503745
1229359243670773760
1229359244136394752
1229359244253814784
1229359244396228608
1229359244832432128
1229359245000347648
1229359245562241026
1229359246233370624
1229359246644477953
1229359247365943296
1229359247902814209
1229359248192094208
1229359248590725123
1229359248955576320
1229359248531972097
1229359249408643073
1229359249656107008
1229359249882570752
1229359250012606464
1229359249987260416
1229359250494951425
1229359250536837122
1229359250696232960
1229359251073753088
1229359251430281217
1229359252503842816
1229359253262983168
1229359253694992385
1229359253976231941
1229359254299004928
1229359254106230784
1229359254643052544
1229359254957477888
1229359256538943489
1229359256572268544
1229359257046409216
1229359257809756161
1229359258002690048
1229359257981681665
1229359258522857472
1229359258724007936
1229359259101478912
1229359259089035264
1229359259239890945
1229359259357523969
1229359259323949056
1229359260082962432
1229359260167004161
1229359260196274177
1229359261253275648
1229359261773389830
1229359262066864128
1229359262327099392
1229359262838575104
1229359262880628737
1229359263333670913
1229359263442776067
1229359263413415936
1229359263597780995
1229359263807672320
1229359264810094592
1229359265443274752
1229359265539751938
1229359265309057024
1229359265644720128
1229359265699241984
1229359266005471233
1229359266559123456
1229359266709901313
1229359267485863936
1229359267372847110
1229359267666366465
1229359267880329217
1229359268408840193
1229359268723294208
1229359268404424704
1229359269117603842
1229359268979183619
1229359269616783362
1229359269931253760
1229359270791086081
1229359270996664321
1229359271365750787
1229359271504007170
1229359272577748992
1229359273055965184
1229359273110458368
1229359272904912896
1229359273571909632
1229359274154811392
1229359274947678208
1229359275064954882
1229359275668983808
1229359276017061890
1229359276109385728
1229359276491247617
1229359277372006401
1229359277812281344
1229359277585903616
1229359278244261891
1229359278642913282
1229359280140062721
1229359280983285760
1229359281008455681
1229359280999956480
1229359281478283264
1229359281956212736
1229359282342240259
1229359282568585217
1229359283029962754
1229359283004989446
1229359283298430977
1229359283327733761
1229359283432611840
1229359283617357824
1229359283743031296
1229359284061982720
1229359284217143296
1229359284653346816
1229359285081014272
1229359285081010176
1229359285068496896
1229359285777260544
1229359285546692608
1229359286284845056
1229359286565793793
1229359287509475328
1229359287761129472
1229359287819849728
1229359288214155264
1229359288851795968
1229359289460035584
1229359289434808321
1229359289413795841
1229359289459822593
1229359289749270529
1229359288935682048
1229359290059763712
1229359290139303937
1229359290097364992
1229359290122743809
1229359290361819136
1229359290936418304
1229359291036880896
1229359291624239105
1229359291573972992
1229359291720708098
1229359291796049921
1229359291410329601
1229359291922092033
1229359291989184514
1229359292148592640
1229359292521709568
1229359293591425026
1229359293721235456
1229359293637562368
1229359293876621313
1229359293805268994
1229359294027530240
1229359294098874368
1229359294186807296
1229359294254063618
1229359294342033417
1229359294509977600
1229359294635577344
1229359295063453696
1229359295030059008
1229359295223017473
1229359295319494657
1229359295415881728
1229359296347082752
1229359296921473026
1229359296988635137
1229359297072705537
1229359298439864321
1229359299090010112
1229359299564122112
1229359299547291648
1229359300017115136
1229359300201590784
1229359300398764032
1229359301510270976
1229359301115994112
1229359301921247232
1229359302151819265
1229359301841518601
1229359302567174144
1229359302814470144
1229359303254896640
1229359303410114560
1229359303418667009
1229359304131719169
1229359304177831936
1229359304748257281
1229359305448513536
1229359306425782273
1229359306480537602
1229359306698522624
1229359306748940289
1229359306895572993
1229359306841247745
1229359307420045312
1229359308493615104
1229359308707713024
1229359308812451845
1229359308883841027
1229359309248557057
1229359309735133185
1229359309860958208
1229359310020448257
1229359310255337472
1229359310397771776
1229359310431490049
1229359310397984769
1229359310850756609
1229359310842605568
1229359311115014144
1229359311349895168
1229359311492722689
1229359311555637248
1229359312641908736
1229359312897761281
1229359313166057473
1229359313665372160
1229359314562740226
1229359315535810560
1229359315666034689
1229359316290998272
1229359316777537537
1229359316764852224
1229359317071081472
1229359317192781824
1229359317565837312
1229359317888815104
1229359318077779969
1229359318157447169
1229359318908063744
1229359318979534848
1229359319184900096
1229359319327674369
1229359319747059712
1229359320594341893
1229359320674054144
1229359320636112896
1229359321571442688
1229359321718280192
1229359321944875009
1229359322485772290
1229359322284601344
1229359323576446977
1229359323635232769
1229359323794542593
1229359324113317888
1229359324327182337
1229359324725743616
1229359325719564288
1229359326600450048
1229359326898216961
1229359326965436422
1229359326973825025
1229359327447855104
1229359327791788033
1229359324960579584
1229359328735481856
1229359328735440898
1229359329712771072
1229359330106822656
1229359330153160704
1229359330467577857
1229359330475954177
1229359331079901184
1229359329414975488
1229359332623388673
1229359332900376576
1229359333411975168
1229359333256855553
1229359333831520256
1229359333814743040
1229359333705535488
1229359334393384960
1229359326822682624
1229359334892589056
1229359335173763072
1229359335404384257
1229359329930874882
1229359328437555202
1229359338218827778
1229359338067832832
1229359339481100288
1229359339359567872
1229359339590356993
1229359324608241664
1229359340252954629
1229359340441616384
1229359341477801985
1229359341452611585
1229359341771292673
1229359341741989888
1229359342777819142
1229359343151329281
1229359343440715777
1229359344010948608
1229359344082272256
1229359344208101376
1229359344170307585
1229359344438988802
1229359345080471552
1229359344774524928
1229359345437036544
1229359345491685376
1229359346062000128
1229359346254929921
1229359346443804673
1229359346603024387
1229359346624204800
1229359347148492800
1229359347039338498
1229359347450499072
1229359347731439616
1229359348004028416
1229359348561870848
1229359348628905984
1229359348712951808
1229359348847013888
1229359349392453634
1229359350118047746
1229359350449352705
1229359350738771968
1229359351074349056
1229359351116242944
1229359351330041857
1229359351787347968
1229359352013701127
1229359352143732737
1229359352299032579
1229359352286302208
1229359352730882048
1229359352630403074
1229359352747843590
1229359352856940545
1229359353423171585
1229359353389551616
1229359354106740736
1229359354589122560
1229359354731749389
1229359354954108934
1229359355222462464
1229359355541303296
1229359355604033536
1229359355759407106
1229359356367360000
1229359356518567936
1229359357449719808
1229359358145744896
1229359358062080001
1229359358141661184
1229359358309478400
1229359358430986240
1229359358577979394
1229359359123165184
1229359359177584641
1229359359366295552
1229359359337074689
1229359359550869505
1229359359794089984
1229359359940972544
1229359360133992449
1229359360322572288
1229359360129679360
1229359360515678210
1229359360947544064
1229359361018953730
1229359361387970561
1229359362088394752
1229359362495451136
1229359362352852992
1229359362596048896
1229359362277289985
1229359363271405568
1229359364168830976
1229359364013641729
1229359364231712768
1229359364458401792
1229359364504350720
1229359364781166592
1229359364877824000
1229359365133602816
1229359365825667072
1229359366664441856
1229359366723264512
1229359367444713472
1229359367474024449
1229359367918702592
1229359368493248512
1229359368614793217
1229359369302597632
1229359369202098181
1229359369491505152
1229359370049400833
1229359370921750528
1229359370955296768
1229359370766573569
1229359371127115776
1229359371509026816
1229359371974520834
1229359371915841536
1229359372221833216
1229359372100415489
1229359372326715393
1229359372221857794
1229359372167499776
1229359372494626816
1229359372708397056
1229359372972830721
1229359372985421824
1229359373408927746
1229359373652287489
1229359373698252800
1229359373534846978
1229359374281216001
1229359373463379968
1229359374914801664
1229359375870857216
1229359375858491392
1229359377158680576
1229359377489920001
1229359376613494784
1229359377921953794
1229359378009972737
1229359378102243328
1229359378362486784
1229359378509246465
1229359379130077190
1229359377988997122
1229359379255705601
1229359379524333569
1229359379566211073
1229359379880673281
1229359379905949698
1229359379801104384
1229359380644212738
1229359380505579521
1229359380966936578
1229359381457797121
1229359381701156865
1229359382539800577
1229359382711894017
1229359383022190597
1229359383051554821
1229359383487881216
1229359383752192002
1229359384482000896
1229359384557432834
1229359385408831488
1229359386197405697
1229359386398777344
1229359386721751040
1229359387212472320
1229359387489292288
1229359387807903744
1229359388302946308
1229359388520878080
1229359388605009920
1229359388701286400
1229359388919521281
1229359389796159489
1229359390009937920
1229359390571950080
1229359390488133632
1229359391523999744
1229359391700389888
1229359391893315588
1229359392799313920
1229359392904155136
1229359392908333056
1229359393260466176
1229359394158075904
1229359394673979397
1229359395181449218
1229359395277950976
1229359396490219520
1229359396712435712
1229359396842459137
1229359397383659520
1229359397467574272
1229359398725677057
1229359398658682887
1229359399136681984
1229359399380094976
1229359399904436224
1229359399992516609
1229359400499859456
1229359400592257024
1229359400596443136
1229359400667750405
1229359400864763906
1229359402215407617
1229359402718810112
1229359403020824578
1229359403092103170
1229359403738050560
1229359404065050625
1229359404308410374
1229359405352783872
1229359405830819840
1229359405855952897
1229359406111956992
1229359406686466048
1229359406845841408
1229359407064133632
1229359407038779393
1229359406816559104
1229359407374491648
1229359407580008448
1229359407726833670
1229359407818887168
1229359408758632448
1229359408829911040
1229359408838107138
1229359409190580224
1229359409328869376
1229359409807187968
1229359410197204998
1229359410671022086
1229359411056955392
1229359411631575040
1229359411958697984
1229359412197896192
1229359412290015232
1229359412457988097
1229359412902596608
1229359413389070339
1229359413510705152
1229359414240514050
1229359414424899584
1229359414940880897
1229359414886502401
1229359415066800132
1229359414999691264
1229359414739525632
1229359415414779905
1229359416161587200
1229359415951790080
1229359416396394496
1229359416438329345
1229359416450961409
1229359417117806593
1229359418183159811
1229359418069798912
1229359418766172160
1229359418887868416
1229359419319713793
1229359419332259846
1229359419697156096
1229359419697307649
1229359420511002624
1229359420536172545
1229359421064544256
1229359421395877888
1229359421358301184
1229359422075539457
1229359422079668224
1229359422062964738
1229359423476420609
1229359423555981312
1229359423929364481
1229359424017354752
1229359424092934149
1229359425439268864
1229359425519071232
1229359425930039298
1229359425921540096
1229359426068303872
1229359426399657985
1229359426416431104
1229359426513047552
1229359426697457665
1229359427154673665
1229359427901415424
1229359427922219008
1229359428014571520
1229359428031459334
1229359428119347200
1229359428513783808
1229359428631134209
1229359428757065728
1229359428761088001
1229359428815802368
1229359428563959809
1229359429730160646
1229359429880967171
1229359430036316161
1229359429998403584
1229359430099259392
1229359430598348800
1229359431663534081
1229359432158584832
1229359432296882177
1229359432338989057
1229359432250740736
1229359433337184257
1229359433261682688
1229359433874100235
1229359433974788097
1229359434595520517
1229359434675163141
1229359434629079041
1229359435023290368
1229359435086225409
1229359435178442754
1229359435295940609
1229359435899965440
1229359436889640962
1229359437799813121
1229359439167148032
1229359439263592448
1229359440085835776
1229359440375242753
1229359440756789248
1229359440618557440
1229359440916291584
1229359441343959043
1229359441415327745
1229359441608421377
1229359441830506496
1229359441859891200
1229359442338164739
1229359442396884992
1229359442866601985
1229359442824658944
1229359443101380618
1229359443059650560
1229359443319459842
1229359443512643586
1229359443726327810
1229359443705462786
1229359443894132736
1229359444192112642
1229359444510662657
1229359444733022210
1229359444909154304
1229359444921733120
1229359445093699584
1229359445412663296
1229359445404049409
1229359446587052032
1229359447044059137
1229359447312494593
1229359447484448774
1229359447585193986
1229359447862108161
1229359448080158721
1229359448423952385
1229359448826744832
1229359448982007810
1229359448931438592
1229359449011146752
1229359449279733760
1229359449632116736
1229359450063945729
1229359450177163264
1229359450521292800
1229359450877595648
1229359450915561472
1229359451053883393
1229359451007832070
1229359451297271810
1229359451527770117
1229359451594993664
1229359451787976705
1229359451846606850
1229359452022767616
1229359452333203464
1229359452182196227
1229359452433727488
1229359452631052289
1229359452727529472
1229359452865908736
1229359453071400961
1229359453167734784
1229359453457321985
1229359453633470464
1229359453691990016
1229359453826408448
1229359453868183554
1229359454178639872
1229359454291779585
1229359454258376704
1229359454170144769
1229359454832869376
1229359454921142273
1229359455290220546
1229359455432826880
1229359455373950981
1229359455634182144
1229359455718068224
1229359456066076672
1229359456229740545
1229359456699461632
1229359457110331393
1229359457974575104
1229359457852895232
1229359458007937025
1229359458809188352
1229359458914054144
1229359459450753026
1229359459618549760
1229359459274821632
1229359460172386304
1229359460763652097
1229359460822519809
1229359461283831810
1229359461640392704
1229359461682290690
1229359461816365056
1229359461816356865
1229359461929631744
1229359462621663235
1229359463121006592
1229359463674466304
1229359464006012934
1229359464186368001
1229359465415225344
1229359465872478208
1229359466157658112
1229359466979766272
1229359467143155713
1229359467487084544
1229359467923484672
1229359467957014529
1229359467948650496
1229359468288278529
1229359468309143553
1229359468565188608
1229359468909121536
1229359468766539778
1229359468967653377
1229359469362020352
1229359469764628480
1229359469894737920
1229359469966110722
1229359469999427585
1229359470561677312
1229359470955974657
1229359471241023488
1229359471232765952
1229359471585120257
1229359471689777152
1229359471945752576
1229359471870087168
1229359472369455104
1229359472260173824
1229359472537042944
1229359472755134464
1229359472759496705
1229359473476558848
1229359473380204546
1229359473371815937
1229359473799630849
1229359474168647680
1229359474302799873
1229359475506597888
1229359476173570048
1229359476505006080
1229359476622254081
1229359477801078784
1229359477847031808
1229359477901668353
1229359478677495810
1229359478748794881
1229359478769762304
1229359479176736768
1229359479671664641
1229359479952740352
1229359480472821760
1229359480372105216
1229359480904671234
1229359481160716289
1229359481219358720
1229359481378623489
1229359481353637889
1229359481563205633
1229359481735110657
1229359482116792321
1229359482355847171
1229359482309873664
1229359482800496640
1229359483308167168
1229359484021035009
1229359484386054144
1229359484428017664
1229359485371572224
1229359485585518592
1229359485493268481
1229359486327877635
1229359486315483136
1229359486441226240
1229359486856499200
1229359487095410688
1229359487238078465
1229359487640838144
1229359486399369217
1229359487892500480
1229359488387485698
1229359488471142400
1229359488441950208
1229359488982892544
1229359489385664512
1229359489922498561
1229359490274754560
1229359490912444417
1229359490929172481
1229359491042299905
1229359491839229953
1229359492489502720
1229359492866936832
1229359492938289152
1229359493621747712
1229359493684744193
1229359494397743104
1229359494540517376
1229359495106699270
1229359495874150400
1229359496482279424
1229359496532832256
1229359496109023232
1229359496847228929
1229359497094799361
1229359497182879744
1229359497422000132
1229359497619083264
1229359497920909318
1229359498004979717
1229359498130808833
1229359498927759360
1229359499124719616
1229359499250733056
1229359499468845056
1229359499418300416
1229359499569295361
1229359499800010752
1229359499959504896
1229359500328493056
1229359500399960064
1229359500601131013
1229359500819419137
1229359501016543235
1229359501331005440
1229359502366928897
1229359502912299008
1229359502773780480
1229359503818346496
1229359504006926336
1229359504988479488
1229359505386827776
1229359506036932608
1229359506485694470
1229359506548822016
1229359507123261440
1229359507278426113
1229359506964000769
1229359507463004160
1229359507370844161
1229359507974868993
1229359508050210817
1229359508138401793
1229359508083834880
1229359508855676928
1229359508901842944
1229359509568659456
1229359509774196737
1229359510063480832
1229359510755692545
1229359510659174400
1229359511128936449
1229359511049310208
1229359511607160834
1229359512483762176
1229359512282443777
1229359513150447623
1229359513754533890
1229359513800728576
1229359513091764226
1229359514069041154
1229359514207629312
1229359514236923904
1229359514345971712
1229359514828365825
1229359515008733185
1229359515088379904
1229359515985797120
1229359516543856640
1229359516732387330
1229359516732411907
1229359516757585920
1229359516908539906
1229359516967473153
1229359516980011010
1229359516191379457
1229359518405935104
1229359518536142848
1229359518850535424
1229359518942785538
1229359519811035136
1229359520079663107
1229359520259940352
1229359520088035329
1229359520763256833
1229359520763326464
1229359520960393221
1229359521996238848
1229359522017415168
1229359522092912642
1229359522436833281
1229359522952597505
1229359523577593856
1229359524064235521
1229359524311515136
1229359524538130432
1229359524911419392
1229359524940832768
1229359525293101057
1229359525267898368
1229359525632843777
1229359525783687168
1229359525943099392
1229359526375149568
1229359526354268161
1229359526949900288
1229359527750860805
1229359527667097600
1229359527851675656
1229359527725715456
1229359527826358273
1229359527792869376
1229359528245895169
1229359528669351937
1229359529038471168
1229359530561220609
1229359530695446528
1229359532003880962
1229359532423307264
1229359532721221633
1229359532729491458
1229359532872282112
1229359533111287808
1229359533396414465
1229359533308436486
1229359533840953344
1229359534298337281
1229359534457573381
1229359534570905600
1229359534281547776
1229359535007162370
1229359534981947397
1229359535288147969
1229359535556399105
1229359535636275206
1229359535686594560
1229359535955087360
1229359536248627201
1229359536424677381
1229359536793739265
1229359537188167680
1229359537347448834
1229359538752540672
1229359539285159937
1229359539943878657
1229359540178538497
1229359540128190464
1229359540837195776
1229359540950331392
1229359541244104704
1229359541822906368
1229359541780914177
1229359542057807872
1229359542204600321
1229359542581911552
1229359542896648193
1229359542883901441
1229359543026503680
1229359543198658560
1229359543278350336
1229359543634800640
1229359544272408576
1229359544477868032
1229359545123631106
1229359545845190660
1229359546340200449
1229359546474233857
1229359546734403584
1229359546604277760
1229359546621202433
1229359547145306112
1229359547376164864
1229359547409547264
1229359547392806917
1229359547569049601
1229359548617510912
1229359548567257088
1229359549708005376
1229359549951463429
1229359550148546560
1229359550249095173
1229359550874161152
1229359550966325248
1229359551000064007
1229359551067103232
1229359551444471809
1229359551398342657
1229359552094588928
1229359552258281472
1229359552501633026
1229359552795049984
1229359553155862529
1229359553235607553
1229359553600352256
1229359553738944513
1229359554695172096
1229359555013959683
1229359555462623233
1229359555911356416
1229359556221861888
1229359556578480131
1229359557102665728
1229359557392027648
1229359557798965248
1229359557941583873
1229359558100865025
1229359558587568130
1229359558667096064
1229359558604161024
1229359559355092994
1229359559598317569
1229359559782883329
1229359560265097216
1229359560562896896
1229359561536045056
1229359561972207617
1229359562064584704
1229359562018500608
1229359562026864641
1229359563003985920
1229359563058688000
1229359563595567105
1229359563788476419
1229359561045422086
1229359564799332352
1229359565709275136
1229359565818519552
1229359566279839744
1229359566648942592
1229359566867005441
1229359566745481216
1229359567190003712
1229359567164891136
1229359567428935681
1229359567915626501
1229359567982800898
1229359568481812480
1229359568792190976
1229359569224261632
1229359569366855680
1229359569169571842
1229359570935599105
1229359571099013120
1229359571229016065
1229359570998325254
1229359571103363080
1229359571568930816
1229359571648602114
1229359571707277312
1229359571992444928
1229359572055396352
1229359572244221952
1229359573888192512
1229359574790164481
1229359575339499520
1229359575314264064
1229359575381553154
1229359575729467392
1229359576526598144
1229359576694378496
1229359576924835841
1229359577579188224
1229359577998725120
1229359578200014849
1229359578954989568
1229359578971639810
1229359579319984128
1229359579932135424
1229359580037156864
1229359580292870151
1229359580548743168
1229359581501018113
1229359581522014208
1229359582830563330
1229359583111630850
1229359583338074112
1229359583392620545
1229359583576985603
1229359583681904640
1229359583782752256
1229359584059379712
1229359583916744704
1229359575494746112
1229359585158299648
1229359585443667969
1229359585514778624
1229359585590378497
1229359574102216705
1229359586152501248
1229359586513235968
1229359586785800192
1229359587045801984
1229359587431714817
1229359587700154368
1229359588358574081
1229359588299796480
1229359588429815813
1229359589885263875
1229359582377431040
1229359590791204866
1229359591181422593
1229359591164608512
1229359591386996736
1229359591168757760
1229359591449939968
1229359591722496000
1229359578569003008
1229359591785451521
1229359592162971648
1229359592120995841
1229359592292917249
1229359592125001728
1229359592200474625
1229359591256985602
1229359592506658816
1229359592938856449
1229359593005998081
1229359593039335424
1229359593525895168
1229359593924505601
1229359579688947712
1229359594004209665
1229359594335420417
1229359594423693314
1229359594415230977
1229359594398314496
1229359581073223680
1229359594901733378
1229359595258179584
1229359595333783552
1229359595832758272
1229359595963011074
1229359596315258880
1229359596936011776
1229359597002952705
1229359596956835845
1229359597602906112
1229359596247994369
1229359598311759874
1229359598944960513
1229359597896577024
1229359599716728837
1229359599842549761
1229359600115146752
1229359600593403905
1229359600610078720
1229359600706523137
1229359601126199296
1229359602074112000
1229359600857563137
1229359602635927552
1229359602690674689
1229359602438791169
1229359604095750146
1229359603898556416
1229359604213190656
1229359604724834305
1229359604624220160
1229359604800348161
1229359605249138689
1229359605391732736
1229359605559500801
1229359605605634051
1229359606473904128
1229359606620704769
1229359606742364160
1229359606662598657
1229359607270825984
1229359607757361153
1229359607815950337
1229359607883223041
1229359607853633536
1229359607283208192
1229359607946137600
1229359607849549825
1229359608021471233
1229359608268980227
1229359608939986944
1229359609254567936
1229359609703387136
1229359610089365506
1229359610072449026
1229359610210983936
1229359610185822208
1229359611293110272
1229359611435614208
1229359611683262467
1229359611834036225
1229359612039761920
1229359611637051392
1229359612320571394
1229359612354334720
1229359612534517761
1229359612656119813
1229359612740218880
1229359613352476673
1229359613952303104
1229359614342250498
1229359614451441664
1229359614535380992
1229359614883319809
1229359615068057600
1229359615265124352
1229359615546187776
1229359615827226626
1229359616263409664
1229359616397660160
1229359616452177922
1229359616515084291
1229359616800231424
1229359617173417984
1229359617819447296
1229359618582704128
1229359619329277953
1229359619748716546
1229359620633788416
1229359621695057920
1229359621535682561
1229359621703225345
1229359621824897025
1229359623334961153
1229359623414542337
1229359623792136192
1229359624048054274
1229359623846682625
1229359624014487552
1229359624584749056
1229359624588914690
1229359624630849536
1229359625369198592
1229359626048671744
1229359626266779648
1229359628254928896
1229359628103843840
1229359628410130434
1229359628749807616
1229359628955324416
1229359629609644032
1229359629768916992
1229359629999542273
1229359630557556736
1229359629945233408
1229359630880399362
1229359631249465344
1229359631287410688
1229359632021426176
1229359632067461121
1229359632524640256
1229359632650526720
1229359632679915525
1229359632935682049
1229359633002663936
1229359633476857856
1229359633443123200
1229359633753657344
1229359634915287042
1229359635020292096
1229359635045474304
1229359635330502657
1229359635301142528
1229359635930460160
1229359635624271873
1229359636198936576
1229359636429537280
1229359636144414720
1229359636064751617
1229359637033435136
1229359636911972352
1229359637201375232
1229359637364764673
1229359637281099777
1229359637922766848
1229359638031851522
1229359638388199424
1229359638358851585
1229359638526808064
1229359638916685824
1229359639109783554
1229359639269015553
1229359639734685703
1229359639990591488
1229359640288342020
1229359640393195521
1229359640783282176
1229359640833556481
1229359640913293313
1229359641076756480
1229359640288415745
1229359641257291777
1229359640934092803
1229359641420877824
1229359641521319936
1229359643140354049
1229359643434110977
1229359643627081728
1229359643761221633
1229359644570718210
1229359645589815298
1229359645786918913
1229359646223339521
1229359646323945477
1229359647284482048
1229359648014204929
1229359647972179968
1229359648219762689
1229359648613916672
1229359648723132416
1229359648786042881
1229359649083650049
1229359648609898496
1229359649591365632
1229359649867960320
1229359650220519424
1229359650123997184
1229359650275024897
1229359650803417092
1229359650824318976
1229359651466072065
1229359651839447046
1229359651902435330
1229359652229521409
1229359652292325377
1229359652514729985
1229359652120346624
1229359652908888064
1229359653638701056
1229359653764640769
1229359654385270785
1229359654419009536
1229359654515421184
1229359655031193601
1229359655442206720
1229359656151027715
1229359656335601664
1229359656675528705
1229359656763559936
1229359657153511424
1229359657254174721
1229359657292062721
1229359657442926593
1229359657749078016
1229359658474835969
1229359658789490688
1229359658982400000
1229359658982227968
1229359660295172097
1229359660316184576
1229359660802510848
1229359661444403200
1229359661570297856
1229359661775806464
1229359661780000768
1229359662161592320
1229359662295867392
1229359662350422019
1229359663394717697
1229359663549804544
1229359663721975809
1229359663830851589
1229359663788871680
1229359663918878721
1229359663789072385
1229359664158003200
1229359664846065665
1229359664862810112
1229359664564822017
1229359664988450817
1229359665781317632
1229359666188124161
1229359666788020224
1229359667530403841
1229359667828133889
1229359667794644994
1229359667907833856
1229359668482445312
1229359669971423232
1229359669900013568
1229359670374129664
1229359671145725952
1229359671619805186
1229359671984693248
1229359672752132096
1229359672794042368
1229359672911630336
1229359673872019461
1229359673914068992
1229359674006417408
1229359674081701888
1229359674580983808
1229359674543177729
1229359675591839745
1229359675709251585
1229359676015468550
1229359675830747136
1229359676157878272
1229359676627787782
1229359676703141894
1229359677261144065
1229359677340712960
1229359677730721794
1229359677844135936
1229359678028537856
1229359678724825088
1229359679068762112
1229359680113324032
1229359680306077698
1229359680956141569
1229359680952176643
1229359681254100992
1229359681203666945
1229359681686179840
1229359681916874753
1229359682621509632
1229359683623882753
1229359683586052096
1229359683783319552
1229359683787345920
1229359683854462976
1229359684102033408
1229359684139831296
1229359684852822019
1229359684936560640
1229359685406298114
1229359685641306112
1229359685901471745
1229359686891106305
1229359686916431872
1229359687323267072
1229359688648679425
1229359688883503105
1229359689428680706
1229359689621598213
1229359690649407488
1229359690716368896
1229359690859130881
1229359690871648256
1229359690535985152
1229359691387424770
1229359691450347520
1229359691718852610
1229359692347887616
1229359692381487104
1229359692645904390
1229359693509931009
1229359693903982592
1229359694352912389
1229359694419939328
1229359694696726529
1229359694948339712
1229359694994558976
1229359695179272194
1229359695498031104
1229359695774789632
1229359695846084609
1229359696081014785
1229359696659828738
1229359696794050561
1229359697070874624
1229359698308141058
1229359698098507776
1229359698471575552
1229359698891223040
1229359699285495808
1229359699339960321
1229359699646173184
1229359699864121345
1229359700371787777
1229359700518375424
1229359700531204097
1229359700577140737
1229359700833112064
1229359700816297985
1229359701063680001
1229359701147705344
1229359702363918336
1229359703332982785
1229359704037580806
1229359704905789448
1229359705576869888
1229359705635643392
1229359706117795842
1229359706843623425
1229359707103600640
1229359706801659904
1229359707405475840
1229359707556470784
1229359707548155904
1229359707615350784
1229359707741196289
1229359708764459014
1229359708668071938
1229359708714217475
1229359708760203265
1229359709037133826
1229359709322391552
1229359709418872832
1229359709611675648
1229359709578244096
1229359710165295106
1229359710165491713
1229359710232600576
1229359710316396544
1229359710689726466
1229359710635249669
1229359711159341062
1229359711025168389
1229359712191340545
1229359712300359680
1229359712459616256
1229359712476504064
1229359712635887616
1229359712728039424
1229359713554288640
1229359713776615424
1229359713873166341
1229359714510811137
1229359713982115840
1229359714779193344
1229359714787569665
1229359715173445632
1229359716188532737
1229359716498911232
1229359716880519168
1229359716897300480
1229359717383909376
1229359717438369793
1229359717350166528
1229359717916409856
1229359718138646528
1229359718784786433
1229359719015272448
1229359719023890432
1229359719489273856
1229359719548178432
1229359719799828483
1229359719841583106
1229359720097402880
1229359721238401024
1229359721338953728
1229359721154375680
1229359721586536449
1229359722240913408
1229359723004039168
1229359723100676096
1229359722559496192
1229359723561934848
1229359723322933248
1229359724593725440
1229359724618973184
1229359725457768448
1229359725591945217
1229359725248118785
1229359726946848771
1229359727580041217
1229359728142274561
1229359728016359426
1229359728360226817
1229359728536555526
1229359729136324609
1229359730205888512
1229359730813894656
1229359731002793984
1229359731031990273
1229359731317194752
1229359731468169217
1229359731438968832
1229359731774496768
1229359731673878529
1229359731963236352
1229359732101730304
1229359732508569602
1229359732546207744
1229359732642766848
1229359733108330497
1229359733213147136
1229359734202998786
1229359734303551488
1229359735062716416
1229359735129772032
1229359735222292480
1229359735335477248
1229359735289401344
1229359736476356608
1229359736480505856
1229359737457823744
1229359738065809408
1229359738166497280
1229359738460286976
1229359738699124736
1229359739722661889
1229359739676569600
1229359740003606528
1229359740578402305
1229359741031387136
1229359741651939328
1229359741937147904
1229359743153524737
1229359744160165888
1229359744437100544
1229359744462344192
1229359744512643072
1229359745175293953
1229359745099796480
1229359745540218880
1229359746911801346
1229359747197014017
1229359747415072769
1229359747629015041
1229359748115419136
1229359748623077377
1229359749105410048
1229359750468395014
1229359750904778752
1229359750959292416
1229359752167088128
1229359752188133378
1229359752523608064
1229359752443940864
1229359752867655682
1229359753014411265
1229359753303863297
1229359753517682690
1229359753802977280
1229359753945444352
1229359754088108032
1229359754943848450
1229359755317002241
1229359755455496192
1229359755371536385
1229359755275231234
1229359755703017472
1229359755849797632
1229359756659298304
1229359756910813185
1229359757703684096
1229359757905006593
1229359757976272896
1229359758026694657
1229359758202851328
1229359759092068353
1229359759221911552
1229359759318568960
1229359759226220546
1229359759561756672
1229359759851081730
1229359760002015232
1229359760362729473
1229359761042345984
1229359761344299009
1229359761512112129
1229359761918849024
1229359761830928387
1229359762392961025
1229359762841665536
1229359763256958976
1229359763697389568
1229359764389466113
1229359765123366912
1229359765328945152
1229359765609906177
1229359765374922759
1229359766260080640
1229359766587052033
1229359766603997184
1229359767119855618
1229359767153303553
1229359767153496065
1229359767631605761
1229359767727923200
1229359767719751681
1229359767870738435
1229359767757500416
1229359768332054528
1229359768386654210
1229359768483049473
1229359768743108614
1229359769284173825
1229359771209342976
1229359771490361344
1229359771536568321
1229359772249378816
1229359772534747137
1229359772597514240
1229359773142917122
1229359773142986752
1229359773637861377
1229359773780447233
1229359774430564352
1229359774975676417
1229359774942105601
1229359775240130562
1229359775336538112
1229359775407841280
1229359775713939457
1229359776133308416
1229359776062005248
1229359776439488512
1229359777223860224
1229359778435960832
1229359778675265536
1229359778909941760
1229359779002273793
1229359779077902336
1229359779220480001
1229359779279245312
1229359779866456070
1229359780361310210
1229359780478803968
1229359780847849472
1229359781246226433
1229359783058100224
1229359783611756545
1229359783796465664
1229359783930515457
1229359784115265537
1229359784383655937
1229359785042042881
1229359785008599041
1229359784090112006
1229359785591660544
1229359785847508992
1229359786451324929
1229359788657717248
1229359788724649984
1229359789089509379
1229359789353897985
1229359789383147521
1229359790083756033
1229359790259703809
1229359790855479298
1229359790775685123
1229359791056642048
1229359791866138625
1229359792050724864
1229359791883137024
1229359792134639616
1229359792554045440
1229359792377888768
1229359792835170304
1229359792784846848
1229359792990367744
1229359793594392577
1229359793623748610
1229359793661366279
1229359794391339008
1229359795175448577
1229359795234230272
1229359795330846720
1229359796131913729
1229359796337266688
1229359796400189440
1229359796442271744
1229359797092470784
1229359796857470976
1229359797633343488
1229359797847445505
1229359798056976384
1229359798090522625
1229359797855637504
1229359798904291329
1229359798895960064
1229359798904217601
1229359799462031360
1229359800615567362
1229359800582049793
1229359800695300097
1229359800942780416
1229359801471246336
1229359801886396419
1229359801840422912
1229359802247192577
1229359802255597568
1229359802444324867
1229359803203510277
1229359804017082368
1229359804025470978
1229359804021297153
1229359803866189826
1229359804210204673
1229359804075765761
1229359804662988805
1229359804977643520
1229359805531394048
1229359805485076485
1229359805770469381
1229359806030340098
1229359806240055296
1229359806756065280
1229359807078916096
1229359807146029056
1229359808022601731
1229359808454615041
1229359809511686144
1229359809876520961
1229359809968955393
1229359810316910593
1229359810287554562
1229359811017375745
1229359811076083712
1229359811428413440
1229359811961159680
1229359812196151301
1229359812921585666
1229359813122908160
1229359813500506112
1229359813622149120
1229359813999464449
1229359814775492608
1229359815073370112
1229359815626911744
1229359815278972928
1229359816075726848
1229359816604340225
1229359816730083328
1229359817392902146
1229359818378366976
1229359818286256130
1229359818609025031
1229359818567229440
1229359818827190273
1229359819057963008
1229359819141697536
1229359819582267392
1229359819699691521
1229359820429381633
1229359820676845568
1229359820848930816
1229359820664430598
1229359821218099200
1229359821436149760
1229359821570396162
1229359821599592448
1229359821758951424
1229359821750538240
1229359821918392321
1229359822002368512
1229359822371377154
1229359823004803072
1229359822971133958
1229359824179056641
1229359824158306309
1229359824086982656
1229359824523137024
1229359824506245121
1229359824653234176
1229359824757874688
1229359825135357952
1229359825529851904
1229359825689071616
1229359825819062272
1229359826095861760
1229359825651453962
1229359826460786688
1229359826733608960
1229359826800533505
1229359827006021636
1229359826834083841
1229359827526262785
1229359828427927553
1229359828914536448
1229359829593907200
1229359830009368576
1229359830537654272
1229359830630043649
1229359830772510720
1229359830948691968
1229359831611473921
1229359831716417537
1229359832290840576
1229359832731463681
1229359832689496065
1229359833318600705
1229359833368887296
1229359833788239873
1229359833968562176
1229359834325106689
1229359834320883712
1229359834727952385
1229359835889598465
1229359835856211968
1229359836053360640
1229359830135078912
