1225343370714742784
1225343370798784514
1225343371037872129
1225343371083841536
1225343371482406914
1225343371541008384
1225343371520049152
1225343371528400897
1225343371524243456
1225343371729870850
1225343371528392705
1225343371591311360
1225343371482423298
1225343371876524033
1225343372556001285
1225343372447158274
1225343372379869184
1225343372459532288
1225343372568735745
1225343372379987968
1225343372484845568
1225343372652687360
1225343372740747265
1225343372702838785
1225343372455546881
1225343372778450944
1225343372560220160
1225343372971429889
1225343373189505024
1225343373030064128
1225343373755572226
1225343373864820737
1225343374019956736
1225343373973700609
1225343373990596610
1225343374246367232
1225343374363770882
1225343374070292480
1225343373902565376
1225343373751574529
1225343374397452289
1225343374598770689
1225343374699286531
1225343374028353537
1225343374699454464
1225343374711877633
1225343374695202816
1225343374955204609
1225343375353634816
1225343375118864384
1225343375299100674
1225343375349514240
1225343375043219459
1225343375097958400
1225343375634657280
1225343375689207809
1225343375857115138
1225343371411017728
1225343376096018435
1225343376259567616
1225343376234569728
1225343376658030592
1225343373126623232
1225343376658030593
1225343376687616000
1225343377182515200
1225343377471950849
1225343377673031690
1225343378218520576
1225343378449022978
1225343378524557312
1225343378734419969
1225343379111677953
1225343379103518727
1225343379166224384
1225343379237670912
1225343378382041090
1225343379342491648
1225343379225137152
1225343379548012544
1225343377283006464
1225343375638810624
1225343380340793344
1225343380139499522
1225343380529405952
1225343380651069441
1225343380806344704
1225343380936249345
1225343381062275072
1225343381339021312
1225343381213151239
1225343381938659333
1225343381997596672
1225343382232367105
1225343382018387968
1225343382362320898
1225343382681088000
1225343382811107328
1225343382807023616
1225343382769278976
1225343382819627008
1225343382769156096
1225343383016636419
1225343382978846720
1225343383410839553
1225343383490531330
1225343383696097280
1225343383922544640
1225343384212013056
1225343384178446336
1225343383876571136
1225343384543363074
1225343385470267392
1225343385604517889
1225343386229649408
1225343386221068288
1225343386539917312
1225343386552586244
1225343386695032832
1225343386644729857
1225343386892341248
1225343387064139776
1225343387248795648
1225343387685072898
1225343387890601984
1225343388758822912
1225343388469354496
1225343388930670594
1225343388981104641
1225343389513736192
1225343389719097344
1225343389844901889
1225343390885134337
1225343391468335105
1225343391359262720
1225343391417819140
1225343392391090178
1225343392781160448
1225343392806248448
1225343393133260801
1225343393347317761
1225343393611431936
1225343393892458496
1225343394043449344
1225343394320408581
1225343394190258176
1225343394647461888
1225343395062669313
1225343395457093632
1225343396941836289
1225343396988039168
1225343397155790849
1225343397637943297
1225343397474467840
1225343397856071681
1225343398602776576
1225343398653067266
1225343399303184386
1225343399395352576
1225343400351694849
1225343400309919745
1225343400624427008
1225343400636895232
1225343400691429380
1225343400926314502
1225343401450754053
1225343401874186240
1225343401756786688
1225343401832280064
1225343401937133568
1225343402314620928
1225343402406887424
1225343402608189440
1225343402843213825
1225343402935349249
1225343403132510208
1225343403354800128
1225343403535126530
1225343403141083137
1225343403715592192
1225343403363389440
1225343403749203968
1225343403736461312
1225343404067844097
1225343404982161409
1225343405221244930
1225343405263163394
1225343405317746690
1225343405380816897
1225343404864933889
1225343405519253504
1225343405540032512
1225343405833646080
1225343406228099073
1225343407171756032
1225343407725391873
1225343407943380992
1225343408216080387
1225343408555712514
1225343408685842432
1225343408820150274
1225343409214382080
1225343409444966401
1225343409491234817
1225343409839321088
1225343410103414785
1225343410216660992
1225343410644480000
1225343410732699648
1225343411412250624
1225343410711613442
1225343411999428609
1225343412607557633
1225343412825542657
1225343413169479682
1225343413068779521
1225343413886734336
1225343414117568513
1225343414838808576
1225343414855598081
1225343414956253184
1225343415094779907
1225343415359021056
1225343415698673664
1225343415791112193
1225343415350677505
1225343416017403904
1225343416982265857
1225343417070145536
1225343417347014657
1225343417355526144
1225343417527554050
1225343417359663105
1225343417800019968
1225343418093584385
1225343418420752384
1225343418525614081
1225343418617954304
1225343418760478720
1225343418773037056
1225343418806755328
1225343419209441280
1225343419251216384
1225343419351994368
1225343419964215296
1225343419884724224
1225343420111020033
1225343420199251968
1225343420283023360
1225343420450787329
1225343420555595777
1225343420543066114
1225343409872887809
1225343420924743681
1225343421482749953
1225343421860253696
1225343422011265024
1225343422304804865
1225343421952544768
1225343422854127621
1225343422766051329
1225343423147847680
1225343423613292544
1225343423382556672
1225343423936389121
1225343424259211265
1225343424649408512
1225343424825565184
1225343424875810816
1225343424896872449
1225343425211326466
1225343425219899393
1225343425332965379
1225343425941250048
1225343426310238209
1225343426041991168
1225343427077910528
1225343427753103361
1225343427912642560
1225343428122365952
1225343428386533376
1225343427895799809
1225343428734726145
1225343429191712769
1225343429347041280
1225343429871271936
1225343429921492992
1225343430798299136
1225343431087722497
1225343431301427200
1225343431557439488
1225343431959953408
1225343432002019328
1225343432304054272
1225343432220123137
1225343433063092224
1225343433344053249
1225343433423888384
1225343433432272896
1225343434602536960
1225343434862530560
1225343434589974528
1225343435013533696
1225343435189583876
1225343437169283073
1225343437051846656
1225343437093789696
1225343437525774336
1225343438213640193
1225343438188621825
1225343439123861505
1225343439111368704
1225343439400841221
1225343440055144448
1225343440185176064
1225343440952680449
1225343441426665472
1225343441405652992
1225343441686671360
1225343442043035650
1225343442609463297
1225343442613686272
1225343442810621953
1225343442735321089
1225343443515400192
1225343444211523587
1225343444609945600
1225343444656279552
1225343445511749632
1225343445524459520
1225343445847461888
1225343445360836608
1225343446950588417
1225343447801958400
1225343448896532481
1225343448926105601
1225343448875765762
1225343447986589697
1225343449148395520
1225343449374842886
1225343449882337280
1225343450716852224
1225343450717065218
1225343450955956224
1225343451031429121
1225343451304275968
1225343451505491968
1225343451576897536
1225343451622858753
1225343451681583106
1225343451815759872
1225343452130377728
1225343452633694208
1225343452541521920
1225343453048893445
1225343454273789952
1225343454223400960
1225343454454145025
1225343454575652865
1225343454902996992
1225343454294704128
1225343454198157318
1225343455213359104
1225343455808847873
1225343456056430597
1225343456039591938
1225343456211431425
1225343456643600384
1225343456735830022
1225343456840581122
1225343458153508870
1225343458459705344
1225343458744905728
1225343458933706753
1225343459164409856
1225343459256492032
1225343459537620992
1225343460120711168
1225343460191895552
1225343460540063744
1225343460707729408
1225343460732878848
1225343461177593856
1225343461454278658
1225343461680762882
1225343461878091776
1225343462159024129
1225343462486220801
1225343463081660417
1225343463253667841
1225343463090249728
1225343463169785856
1225343463358685185
1225343463907971076
1225343464012840960
1225343464046518279
1225343464184807424
1225343464247906309
1225343464449200130
1225343464558202881
1225343464512131077
1225343464663080960
1225343464881061888
1225343464856080385
1225343464897949696
1225343465455665154
1225343465346813957
1225343465065566208
1225343465455804416
1225343465547939840
1225343466047180800
1225343465631948800
1225343466156068864
1225343466218999809
1225343466667945985
1225343466663600128
1225343466722361344
1225343467452338176
1225343468886777859
1225343468941168641
1225343469012557829
1225343469268267009
1225343469348163584
1225343469712920576
1225343470304284674
1225343470266654721
1225343470719524866
1225343470908399619
1225343471206137856
1225343471579549697
1225343471591911424
1225343471814414336
1225343471873122305
1225343471801769984
1225343471948451840
1225343472137203712
1225343472225398784
1225343472573480960
1225343472665858048
1225343472707624960
1225343472980226048
1225343472909111296
1225343473009778688
1225343473210912769
1225343473248636928
1225343473613709312
1225343473936502784
1225343474599419905
1225343474846896128
1225343475102564352
1225343475413082112
1225343476046450689
1225343476042215424
1225343476843171841
1225343476985761793
1225343476969156608
1225343477514305537
1225343477807869953
1225343477791236097
1225343478894399488
1225343479049543680
1225343479095742469
1225343479934406656
1225343480312057858
1225343480324452352
1225343480425320448
1225343480702128128
1225343481071251457
1225343482031509505
1225343482291683328
1225343482262425605
1225343482895704064
1225343482954493952
1225343483029778432
1225343483134656513
1225343483252215808
1225343483537428480
1225343483533094912
1225343483638112257
1225343484015652864
1225343484191744002
1225343484304883712
1225343484191793154
1225343485097566208
1225343485110292480
1225343485093519360
1225343486154756096
1225343485974155269
1225343486817267713
1225343487383654400
1225343487710834688
1225343487551426561
1225343488176328705
1225343488381706240
1225343490135134209
1225343490726318086
1225343491477319680
1225343492840443904
1225343493020667904
1225343493784133632
1225343493989699584
1225343494622863360
1225343494782320640
1225343495629467649
1225343496543817728
1225343496782934016
1225343496841809920
1225343495994429440
1225343497890172930
1225343498699911169
1225343498305572869
1225343498716577792
1225343499089743872
1225343499337424896
1225343499450511360
1225343499614195712
1225343499949748225
1225343500792692737
1225343501111615488
1225343501157617664
1225343501241659398
1225343501258199040
1225343501132390401
1225343501531074560
1225343501463883776
1225343501933608960
1225343503657361411
1225343503971958785
1225343504626454528
1225343504928231424
1225343504945156098
1225343505066795008
1225343505222053895
1225343505293303813
1225343505423388673
1225343505494446081
1225343505725349891
1225343505695899649
1225343505809190913
1225343506161389568
1225343506241056768
1225343506744348672
1225343506786463745
1225343506626924549
1225343506857648134
1225343506899587072
1225343507063115776
1225343507381940225
1225343507583229955
1225343507587448832
1225343507625172992
1225343507847663616
1225343508313034752
1225343508405522432
1225343508501762048
1225343508615008256
1225343508749455360
1225343508724289537
1225343509059629056
1225343509344985089
1225343509324058625
1225343510221471747
1225343510632640512
1225343510850809856
1225343510917730304
1225343511366471680
1225343511664312321
1225343511861415936
1225343512616538112
1225343513644060673
1225343514080350208
1225343514570964999
1225343514654851073
1225343515254640641
1225343515397427201
1225343515619667968
1225343516534099970
1225343516886175744
1225343517129674753
1225343517288992769
1225343517423071234
1225343517959999488
1225343517972525057
1225343517788164096
1225343518400536576
1225343518400380928
1225343518673178624
1225343519511830529
1225343520296206339
1225343520342343685
1225343520598151170
1225343521009258497
1225343521130975232
1225343521512493056
1225343521672122368
1225343521634209792
1225343521726648320
1225343521974030336
1225343522078744577
1225343522561314816
1225343522527539200
1225343522779189249
1225343522724700160
1225343522674561024
1225343522729078784
1225343522800312320
1225343522854854656
1225343523089551360
1225343523609669633
1225343523399946240
1225343523777474561
1225343524238962688
1225343524217880578
1225343524498857984
1225343523890831360
1225343524390023169
1225343525081845760
1225343525098680320
1225343526046699522
1225343526059180032
1225343526491348992
1225343526923329536
1225343527091081217
1225343527363776517
1225343527380340738
1225343527367802882
1225343527778967553
1225343527829159937
1225343527892078592
1225343528886132738
1225343529003569152
1225343526826893312
1225343529477722113
1225343529385263104
1225343529762816006
1225343530018787335
1225343530744205312
1225343531482583042
1225343531532742657
1225343531495182336
1225343531788722177
1225343532300288000
1225343531897835525
1225343532820500481
1225343532954554368
1225343533009207296
1225343533474693120
1225343533445337088
1225343533847994368
1225343533881724928
1225343534280036352
1225343534783488001
1225343535118979073
1225343534833729538
1225343535349714945
1225343535458738176
1225343535785926656
1225343535639072768
1225343535836061697
1225343536641392641
1225343536872280069
1225343537530589186
1225343538029744128
1225343538151464960
1225343538508029952
1225343538939826178
1225343539640332288
1225343540131065857
1225343540349112321
1225343540869267456
1225343540915470336
1225343540999356416
1225343540579819520
1225343541267726339
1225343541368512513
1225343541574094848
1225343540936531968
1225343541850836993
1225343542362398720
1225343542509416451
1225343543306223616
1225343543411118080
1225343543482306560
1225343543788658688
1225343544119840770
1225343544170287104
1225343544157708289
1225343544291942403
1225343544119963648
1225343544883384320
1225343544929341446
1225343545139060736
1225343545231364097
1225343545583652864
1225343545424244741
1225343545717870593
1225343545663524865
1225343546015834113
1225343546082750464
1225343547106308102
1225343547286552576
1225343548108738560
1225343548180049920
1225343548599435266
1225343548796493824
1225343548893147137
1225343549517910017
1225343549769568256
1225343549757149185
1225343550130458625
1225343550889615360
1225343551589892096
1225343551795417090
1225343552198205440
1225343552428761088
1225343552579756032
1225343552659632129
1225343552638439424
1225343553443856389
1225343552898527232
1225343553783468032
1225343554165366784
1225343554710458369
1225343554769375233
1225343554819518464
1225343555691933696
1225343555746529280
1225343555893370880
1225343556677664768
1225343556933451776
1225343557264924672
1225343557122187264
1225343557260759040
1225343557562765312
1225343557738934272
1225343557814243328
1225343557961232385
1225343558212734976
1225343558263111680
1225343558774919168
1225343558661443584
1225343559223525376
1225343559445839873
1225343559299145729
1225343559848603649
1225343560058195968
1225343560238522373
1225343560180019200
1225343560582459394
1225343560666320896
1225343561350238210
1225343561937408000
1225343562180526082
1225343562281295873
1225343562679758848
1225343562939879425
1225343562797027328
1225343563442999301
1225343563652710401
1225343564273483776
1225343564659511297
1225343564898435072
1225343564500144128
1225343564873261057
1225343565422661633
1225343566349684737
1225343566131523587
1225343566442106880
1225343566479855617
1225343568388034562
1225343568539074560
1225343568459505664
1225343569755402241
1225343570082582528
1225343570783195137
1225343570770456577
1225343570925805568
1225343570594295811
1225343570971963393
1225343570988584960
1225343571416494080
1225343571387129857
1225343571823353863
1225343571865276422
1225343572301565953
1225343572477726721
1225343572490063874
1225343572532174848
1225343572632887296
1225343573354090497
1225343573601738752
1225343573647773697
1225343574214107138
1225343574574845952
1225343574709014529
1225343575262662656
1225343575745015808
1225343576139325440
1225343576445313025
1225343576273346561
1225343576453844994
1225343576545976323
1225343576885739520
1225343576890126337
1225343576881582082
1225343577066049542
1225343577053696001
1225343577154297857
1225343577372286976
1225343577699627008
1225343577913348096
1225343578248892422
1225343578311819265
1225343578483941376
1225343578752344064
1225343579041628161
1225343579519889408
1225343579490373632
1225343579717017600
1225343580002123776
1225343580291715072
1225343580882890753
1225343581134692352
1225343581172400128
1225343581583360000
1225343581675642880
1225343581503680512
1225343581835055104
1225343581914849281
1225343582283993089
1225343582128758786
1225343582241869825
1225343582376083456
1225343582565019648
1225343582581776384
1225343582585970688
1225343582569189377
1225343583164751872
1225343583420588032
1225343583479312385
1225343583907012608
1225343584875925505
1225343585433849856
1225343585421266944
1225343585555492864
1225343585672945667
1225343586079608833
1225343586247610368
1225343586276954113
1225343586797006849
1225343586964836353
1225343587468087296
1225343587820482560
1225343588403490816
1225343588822921216
1225343589082857472
1225343589128949762
1225343589389131776
1225343589271711744
1225343589384802304
1225343589934391297
1225343589934235648
1225343590018273280
1225343590303457281
1225343590517198851
1225343590664196096
1225343590873722881
1225343591175815168
1225343591972655104
1225343591989600261
1225343592509693953
1225343592702582784
1225343592698236928
1225343592622739457
1225343592777957382
1225343593520521217
1225343593654759424
1225343593642110977
1225343593763627008
1225343593721630721
1225343594128695297
1225343594627649536
1225343594791260161
1225343594933833728
1225343595135295489
1225343595667841024
1225343596217294849
1225343597001621506
1225343597295394817
1225343597404250112
1225343598310260736
1225343598293585920
1225343598381666306
1225343598457163776
1225343598700318725
1225343598671036416
1225343598704545793
1225343598893228032
1225343599031787521
1225343598973071361
1225343599065190401
1225343599027482626
1225343599329464321
1225343599430295554
1225343599602274304
1225343599715508224
1225343599761592321
1225343600176713728
1225343600759889920
1225343601577623552
1225343602936762368
1225343603402137606
1225343604261937153
1225343604433883141
1225343604631179264
1225343605763526657
1225343606350729216
1225343606535254017
1225343606082416640
1225343606908649473
1225343606820499458
1225343607168737281
1225343607743242240
1225343608703868928
1225343609332846593
1225343609739923457
1225343609777471489
1225343609739739136
1225343609895034880
1225343610092236800
1225343610431909888
1225343610867998721
1225343610968780801
1225343611799293952
1225343612092850176
1225343612277469184
1225343613267132416
1225343613309247488
1225343613581844481
1225343613544157184
1225343613732712449
1225343613695033345
1225343613766234112
1225343613460152320
1225343613770457088
1225343614156279808
1225343614210863105
1225343614122770434
1225343614500380672
1225343614663843840
1225343614651289600
1225343614714306560
1225343614726766592
1225343614789681152
1225343614966018049
1225343615066443776
1225343615213301760
1225343615578173440
1225343615800471553
1225343616438026240
1225343616651907072
1225343616899567616
1225343617402687488
1225343617373372416
1225343617465757696
1225343617449054209
1225343617922781185
1225343617964875777
1225343618103349248
1225343618296115200
1225343618287751168
1225343618648428544
1225343619487412224
1225343620401836032
1225343620770869249
1225343607910981633
1225343621429374978
1225343621869842433
1225343622486331393
1225343622767206400
1225343610536763392
1225343623153119232
1225343623312490499
1225343623266476032
1225343620842020871
1225343620590342144
1225343623446880256
1225343623492968448
1225343612747018240
1225343624080171008
1225343612365332480
1225343625560616960
1225343626181394432
1225343626374459392
1225343626651348992
1225343626303148032
1225343627091640325
1225343627632660480
1225343613695033344
1225343616257843205
1225343617688055809
1225343623480266752
1225343628236730369
1225343628320571393
1225343628576509952
1225343628786196480
1225343629016936448
1225343629088018432
1225343629599936513
1225343630107402242
1225343630132568065
1225343630396837888
1225343629985603584
1225343632372224001
1225343632443572224
1225343632569511936
1225343632506421248
1225343632623849473
1225343632518959104
1225343632531574785
1225343633114558465
1225343633559150594
1225343633533964288
1225343633659875328
1225343633823588353
1225343633643261952
1225343634205106176
1225343635002097664
1225343635643936768
1225343635635437568
1225343635505340416
1225343635681501185
1225343636306628608
1225343636440834048
1225343636927176704
1225343637053001729
1225343637304668160
1225343637413912576
1225343637501939712
1225343637615149056
1225343637808123904
1225343638042841088
1225343637912838146
1225343637984182279
1225343638672068609
1225343638328078337
1225343639083155457
1225343639154458624
1225343637535383552
1225343639888379905
1225343639657893888
1225343639955570689
1225343639976628225
1225343640307937280
1225343640198877184
1225343640655945733
1225343638949040134
1225343641582997505
1225343641876680705
1225343642073628672
1225343642069417984
1225343642384117760
1225343641947791360
1225343642547752960
1225343642899865600
1225343643579367424
1225343643831164928
1225343644401573888
1225343644590166016
1225343644472926208
1225343645072621569
1225343644997210112
1225343645068484608
1225343645206761473
1225343645932490753
1225343645965963264
1225343646121283585
1225343646062514177
1225343646473445376
1225343646502809601
1225343648071659521
1225343647933067264
1225343648381825031
1225343648541265920
1225343648646123521
1225343648709201920
1225343649220845568
1225343649673666560
1225343649963216896
1225343649778733056
1225343650227351552
1225343650328203264
1225343650617581568
1225343650411970560
1225343650915323909
1225343650965659648
1225343651460472832
1225343651686936577
1225343652257337350
1225343651821342721
1225343652362240007
1225343652458663941
1225343652425154560
1225343651955408898
1225343652639064064
1225343652723073024
1225343652546801665
1225343652957831170
1225343652928589824
1225343653046104064
1225343653176074240
1225343653272358912
1225343653377462272
1225343653670875136
1225343654216294401
1225343654300131328
1225343655780552705
1225343655801577473
1225343656208424960
1225343656405733376
1225343656783007746
1225343656917454848
1225343657110200321
1225343657395576834
1225343657147895808
1225343657651212290
1225343658544762880
1225343658670473216
1225343658758524929
1225343658712588288
1225343659228397570
1225343659375124481
1225343660042178560
1225343658255319049
1225343661417758720
1225343661745020928
1225343662248382464
1225343662751502336
1225343662667620358
1225343662776696833
1225343663095635968
1225343663292604416
1225343663217217536
1225343663623921664
1225343663724732416
1225343664207138816
1225343664412487680
1225343664613994496
1225343664894824449
1225343665188544513
1225343665138044928
1225343665176039424
1225343665264091136
1225343665318526977
1225343665934983168
1225343666438279170
1225343666715148289
1225343666878918657
1225343666803183618
1225343667306745856
1225343667373780992
1225343667574984705
1225343668220911616
1225343668384518145
1225343668749504513
1225343669068271617
1225343669122682881
1225343669223510017
1225343669374509056
1225343669525450752
1225343669697482752
1225343669936328704
1225343670150283266
1225343670343258115
1225343671467311104
1225343671027077120
1225343672134356992
1225343672234823680
1225343671505059841
1225343672654290944
1225343672801210369
1225343672960475137
1225343673019224064
1225343673061138432
1225343673744883714
1225343673891774464
1225343674357370880
1225343674722086914
1225343674936107008
1225343675435077633
1225343675376508928
1225343675632193538
1225343675741483009
1225343675850534912
1225343676064374784
1225343676429275137
1225343676508971008
1225343676798263297
1225343677360246784
1225343677590953984
1225343678589304832
1225343679126106119
1225343678962487297
1225343679189090304
1225343680803815426
1225343681005334528
1225343681726644227
1225343681726578689
1225343681902739456
1225343682058096640
1225343682435526656
1225343682485870593
1225343682565431297
1225343683198717953
1225343683287015424
1225343683857281025
1225343684138258432
1225343684331225089
1225343684666785793
1225343684570439681
1225343684742221826
1225343684956176385
1225343684939374593
1225343685266509824
1225343685279137792
1225343685296115712
1225343685459492864
1225343685597908993
1225343686071988224
1225343685836996608
1225343686260805632
1225343686508208128
1225343686646435840
1225343687313567745
1225343688387072000
1225343688567664640
1225343688810696705
1225343689632800768
1225343690291453952
1225343690933071873
1225343690551562242
1225343691541426176
1225343691872591872
1225343692279386112
1225343692786954245
1225343692921278464
1225343692921298945
1225343693231677440
1225343693256871938
1225343693420285952
1225343693567094784
1225343694137462784
1225343694129090560
1225343694284431360
1225343694628413442
1225343694976323585
1225343695861342213
1225343695819608064
1225343695928430593
1225343696255799297
1225343696373264385
1225343696721399809
1225343697102856193
1225343697799319553
1225343698046799872
1225343698285756416
1225343698755444736
1225343699351064577
1225343699686551552
1225343699770462209
1225343699980173312
1225343699951013888
1225343700081020929
1225343700206866432
1225343700353470464
1225343700508827653
1225343701041516545
1225343701238546433
1225343703125872640
1225343703226757121
1225343703218130944
1225343703293652992
1225343703272820736
1225343703939575808
1225343705004986368
1225343705294524416
1225343705219059717
1225343705839734787
1225343706728820737
1225343706712047617
1225343706791727104
1225343707064492033
1225343707311898624
1225343707496448000
1225343707647545345
1225343707714641920
1225343708070989825
1225343708305838080
1225343708385730560
1225343708305989633
1225343708637253632
1225343709165817856
1225343709312503811
1225343709753040898
1225343710138777601
1225343710130368512
1225343710163959808
1225343710608658433
1225343710768091136
1225343710633828352
1225343711187537920
1225343711187361792
1225343711258693633
1225343711288029184
1225343711627755520
1225343711824904193
1225343712076525571
1225343712588435456
1225343712919601154
1225343712944906240
1225343713091760128
1225343713360121856
1225343713527750656
1225343714228195328
1225343713955733505
1225343713678970880
1225343714832207874
1225343714941259777
1225343715016728576
1225343716002598912
1225343716174356480
1225343716275015680
1225343716438749184
1225343715968942080
1225343716463906816
1225343716522700801
1225343716665241603
1225343717541847040
1225343717961355269
1225343718137516032
1225343718930018304
1225343718896500736
1225343719374639109
1225343719466946560
1225343719659859968
1225343719660040192
1225343720607764480
1225343720733589504
1225343720565985280
1225343720641433600
1225343720930734080
1225343719047516161
1225343720972849152
1225343721425842181
1225343721878650880
1225343722029752320
1225343721648140290
1225343722587553793
1225343722520399872
1225343722587488256
1225343722667180032
1225343722629541889
1225343722902163456
1225343723233595394
1225343723644575744
1225343723774431232
1225343724684746752
1225343724760129536
1225343725506899968
1225343725364269056
1225343725578027009
1225343726618198017
1225343726769205248
1225343726928588801
1225343727260110850
1225343727339618305
1225343726622576640
1225343728262377473
1225343728438562816
1225343728518402048
1225343728388395009
1225343728707100673
1225343728786608131
1225343728816197633
1225343728862121984
1225343729151565825
1225343729319452673
1225343729705218048
1225343730606956544
1225343730837622789
1225343731139739648
1225343731273875462
1225343731433295874
1225343731777200128
1225343731831689217
1225343732028854272
1225343732347801600
1225343732901220352
1225343733266178048
1225343733392138240
1225343733572526080
1225343733937238017
1225343734205669376
1225343734302199810
1225343734717374464
1225343735082315776
1225343735279562754
1225343735292100608
1225343735384268800
1225343736076435456
1225343736311357442
1225343736676306944
1225343736927965185
1225343737061994498
1225343736722280449
1225343737183625216
1225343737389174784
1225343738337206272
1225343738957856768
1225343739079483392
1225343739352297472
1225343739373248514
1225343739515764736
1225343739939479554
1225343740069367808
1225343739725398016
1225343740790706178
1225343741172441089
1225343741109719042
1225343741571063808
1225343742564913152
1225343742820769792
1225343742980132864
1225343743655583744
1225343744016146432
1225343744616083456
1225343745027166209
1225343745685585921
1225343745404485634
1225343745425641473
1225343746339786752
1225343746843131905
1225343747979804673
1225343748428750850
1225343748462252032
1225343748684558336
1225343748801847297
1225343749074472960
1225343749749788673
1225343750022418432
1225343750160842753
1225343750425186304
1225343750441852929
1225343750848819200
1225343751503126530
1225343752685768706
1225343752861933568
1225343753285558272
1225343753163952130
1225343753617133568
1225343753642115073
1225343754124451840
1225343754267058177
1225343754384470016
1225343754728546306
1225343754778836992
1225343755013775361
1225343755533766657
1225343755881857025
1225343756074795009
1225343757060624385
1225343757131763712
1225343757177978880
1225343757450649600
1225343757555392512
1225343757626888192
1225343757559554048
1225343757668634624
1225343757756747776
1225343758193037317
1225343758276841472
1225343758247571457
1225343758805295109
1225343758860005380
1225343759216447493
1225343759564623872
1225343759841288192
1225343759946092544
1225343760122277889
1225343760319401987
1225343760474628096
1225343760428683265
1225343761074442241
1225343761229602816
1225343761397448704
1225343761468649473
1225343761879691264
1225343762756521984
1225343762760531968
1225343763012296712
1225343763159142400
1225343763410604032
1225343763771379712
1225343763809275904
1225343764169986048
1225343764173950977
1225343764161384450
1225343764316794880
1225343764392103936
1225343764488585216
1225343764987817984
1225343764325130241
1225343765402963968
1225343765532905474
1225343765667184640
1225343766673838080
1225343766929690624
1225343766837354496
1225343767143600128
1225343767290372096
1225343767525220352
1225343767437303809
1225343768045350912
1225343768179564544
1225343768561192960
1225343768477433856
1225343768414437376
1225343769383301121
1225343769978884097
1225343770129887234
1225343770583076864
1225343771207860224
1225343771191205888
1225343769978884098
1225343771539202049
1225343772239618048
1225343772906618881
1225343773133111297
1225343773158334464
1225343773879570434
1225343774265663488
1225343774584377344
1225343774789787648
1225343775486050309
1225343775938973696
1225343776425566208
1225343776442454017
1225343776698310658
1225343776991760384
1225343776945627138
1225343777172156416
1225343777394442242
1225343777709142016
1225343777679777793
1225343777608491009
1225343777944023040
1225343778203951104
1225343778904363009
1225343779026038784
1225343779030405120
1225343779206336512
1225343779504152578
1225343779101663232
1225343779659567106
1225343780498227200
1225343780955545600
1225343781102243840
1225343781291089925
1225343781236432897
1225343781513285633
1225343781890748418
1225343782024933377
1225343782293368835
1225343782473912320
1225343783358746627
1225343783471992833
1225343783430217728
1225343783622983680
1225343783866392576
1225343784046624768
1225343784298450944
1225343784327634944
1225343784818483200
1225343784948391936
1225343785153916931
1225343785434959875
1225343786013863938
1225343786273902592
1225343786420621312
1225343786353483776
1225343786588557312
1225343786785525760
1225343786890326017
1225343787234480128
1225343787779555329
1225343787985227777
1225343788517875712
1225343788954062849
1225343789209800705
1225343789482401795
1225343789889445888
1225343789943775233
1225343790132543488
1225343790069768192
1225343790329860098
1225343790535176194
1225343790879133696
1225343791453921280
1225343791839596544
1225343792129216512
1225343793232138240
1225343793421000705
1225343793408249857
1225343793844674561
1225343794310086656
1225343794964336640
1225343794817753091
1225343795434344449
1225343795966799873
1225343796180709381
1225343796659081216
1225343796759662592
1225343796855988224
1225343797032357893
1225343797225238528
1225343797208313856
1225343798063947778
1225343798202400768
1225343798479392768
1225343799033057280
1225343800966430720
1225343801293754369
1225343801402609664
1225343802287640587
1225343802443026433
1225343802753204225
1225343802933575681
1225343803373973504
1225343803654955008
1225343803579486213
1225343804137525250
1225343804196212737
1225343804271554569
1225343804393152514
1225343804900769793
1225343805064220672
1225343805035024384
1225343805370568704
1225343805538414592
1225343805701754884
1225343805462908928
1225343805886517248
1225343805420974080
1225343806171688960
1225343806301556737
1225343806423404544
1225343806301560832
1225343806649683970
1225343807098671104
1225343807568302080
1225343807543136256
1225343807744380929
1225343807841034240
1225343808000282626
1225343808008646656
1225343807987818497
1225343808029642752
1225343808524521473
1225343808667148289
1225343808851849217
1225343808973475840
1225343807941595139
1225343809740951552
1225343810151972864
1225343810689019905
1225343811016122368
1225343811426996225
1225343810219020289
1225343811922153473
1225343812731645953
1225343813620600832
1225343813662625792
1225343813868281856
1225343814098968577
1225343814392520704
1225343814283517952
1225343814811910146
1225343814904082432
1225343815231266818
1225343815566925824
1225343815944491008
1225343816195956736
1225343816195964928
1225343816984494080
1225343817265680384
1225343817412415488
1225343817722847232
1225343817823461376
1225343818121170944
1225343818200862722
1225343818251128832
1225343817357910016
1225343819568336896
1225343820943982592
1225343821107494913
1225343821384282113
1225343821560635393
1225343821686272000
1225343821862453249
1225343822487605248
1225343822701506560
1225343823586430977
1225343823980589057
1225343824286961665
1225343825649885184
1225343826262315008
1225343826283376640
1225343826308554752
1225343826602016768
1225343828367986688
1225343828824977408
1225343828774670336
1225343829341024257
1225343830062272513
1225343830179762178
1225343830318125056
1225343830494334982
1225343830699974656
1225343830976630789
1225343831018594305
1225343831329198080
1225343831391883264
1225343831752630274
1225343832482603008
1225343832520216576
1225343832721485825
1225343832784437248
1225343833359044608
1225343833346580482
1225343833396760577
1225343833438744576
1225343833589850115
1225343834269331456
1225343834667790336
1225343834961465346
1225343834953043969
1225343835062046720
1225343835141619712
1225343835187896320
1225343835108147201
1225343836005847040
1225343837100331008
1225343837100339200
1225343837117173762
1225343837280686080
1225343837377191936
1225343837897416705
1225343838023061507
1225343839558234112
1225343839692640257
1225343840061554688
1225343840254492672
1225343840774709249
1225343841114288128
1225343841311420419
1225343842037010434
1225343841856839681
1225343842288726016
1225343843219931136
1225343843903524864
1225343844184494082
1225343844662661120
1225343845401055233
1225343845581324290
1225343845652713474
1225343845833072640
1225343845870620672
1225343845874798595
1225343846432702464
1225343846835343361
1225343848320262144
1225343848617926656
1225343848798253057
1225343849192574977
1225343849234497537
1225343849792442370
1225343849964412930
1225343850115284993
1225343850492780544
1225343850589196288
1225343850669056000
1225343850941571079
1225343851881041920
1225343851927425024
1225343851721895937
1225343851952369664
1225343852149559297
1225343852229337088
1225343852350976000
1225343852766212096
1225343853479133186
1225343853391015936
1225343853860937734
1225343854666104832
1225343854959681537
1225343855479992320
1225343855496577024
1225343855433834496
1225343855655931904
1225343855865860096
1225343856385892355
1225343856666796032
1225343857681764356
1225343858206220288
1225343858252435456
1225343858562813953
1225343859233714177
1225343859418230784
1225343859380502528
1225343860127125504
1225343860173242369
1225343860458520576
1225343860475334657
1225343860630380544
1225343860911394817
1225343861117067265
1225343862069059585
1225343862098595840
1225343862064869377
1225343862283087872
1225343862605930497
1225343863109193728
1225343863474147328
1225343864149397504
1225343864627744769
1225343864803745792
1225343864799551488
1225343865210585088
1225343865957126145
1225343866984730625
1225343867404177409
1225343869505527809
1225343864216543232
1225343870323449856
1225343871317573632
1225343871762280448
1225343871720337408
1225343871883849728
1225343871917256704
1225343871950835713
1225343872479330304
1225343872823218176
1225343870575222785
1225343873251078144
1225343873301368832
1225343873536360448
1225343873519517696
1225343873741803520
1225343874953953281
1225343875193008129
1225343875335757824
1225343875398586368
1225343874886983680
1225343867475521537
1225343876413755393
1225343876455514112
1225343876472492032
1225343877344714752
1225343877407633408
1225343872378667009
1225343877542023169
1225343878020182016
1225343878200512512
1225343878259232768
1225343878842191873
1225343879395700736
1225343879781724160
1225343879605620736
1225343880024903681
1225343880020811777
1225343880066932736
1225343880108937216
1225343879844712448
1225343880670765056
1225343880863920128
1225343880889061376
1225343881052471296
1225343881174298624
1225343881182621696
1225343881321078784
1225343881476067328
1225343881081954304
1225343881992032256
1225343882268831745
1225343882839257088
1225343883191566336
1225343883632087040
1225343883535536128
1225343882717728768
1225343868389842945
1225343874937348096
1225343883887988737
1225343884068179969
1225343884852510720
1225343885091590144
1225343884517048320
1225343885444075520
1225343885465079808
1225343885515247616
1225343885834096640
1225343886165331968
1225343886232453121
1225343885506945024
1225343886245138433
1225343886433931264
1225343886421372928
1225343886945443840
1225343887381651456
1225343888082251778
1225343888459780097
1225343888757608449
1225343888732258305
1225343889382367232
1225343889621442560
1225343889843814400
1225343889801990144
1225343890141728771
1225343890477072384
1225343890565275649
1225343891026497537
1225343891425157131
1225343891517378560
1225343891848802304
1225343891873968128
1225343892146544640
1225343892607791104
1225343892511346689
1225343893320949760
1225343893669019657
1225343893698273286
1225343894591692800
1225343894994345985
1225343895179010048
1225343895212445698
1225343895187468290
1225343895321677824
1225343895665426432
1225343896596688896
1225343896659476480
1225343896793862145
1225343897569763329
1225343898442010625
1225343898647592960
1225343898849075206
1225343898878242817
1225343899457085441
1225343900358860801
1225343900887334912
1225343901050884096
1225343901344468992
1225343901931917313
1225343902137192448
1225343902837809152
1225343902938320896
1225343903953555456
1225343904129732608
1225343903831691264
1225343904377012224
1225343904687353856
1225343904800575489
1225343904624431104
1225343904972541952
1225343905136246784
1225343905249390594
1225343906818199552
1225343907019382784
1225343907069747200
1225343907640164353
1225343908030427136
1225343909171204096
1225343909653442561
1225343909749915648
1225343910035083266
1225343910446346241
1225343910509072384
1225343910580510720
1225343910588944384
1225343910639259650
1225343911058661377
1225343911171960832
1225343911293521921
1225343911234850816
1225343911867994113
1225343912426065921
1225343912526729216
1225343912824303616
1225343913285697536
1225343913793400832
1225343913952759809
1225343914032263169
1225343914095321088
1225343914615410688
1225343914854567936
1225343914955034624
1225343915311525888
1225343915340918784
1225343915437330432
1225343915387052033
1225343915433299968
1225343915621961728
1225343916406378497
1225343917236748288
1225343917660438528
1225343918096539648
1225343918461485056
1225343918558060545
1225343919099019265
1225343919258513408
1225343919451336704
1225343919535214592
1225343919577108483
1225343919656853504
1225343919807795200
1225343920764112896
1225343920877527040
1225343921984806913
1225343922743824384
1225343922936762368
1225343923314462722
1225343923612241921
1225343923599470594
1225343923679264770
1225343923893211136
1225343923964395521
1225343924992184321
1225343925210079232
1225343925390643200
1225343925528846338
1225343925679837185
1225343925721784320
1225343925952577536
1225343926229446657
1225343926409691136
1225343926627815425
1225343926959165440
1225343927047335938
1225343927294627840
1225343927902986242
1225343928708276224
1225343929156947968
1225343929169543168
1225343929694015488
1225343929760894976
1225343930054533120
1225343930318934016
1225343930998415365
1225343931551862784
1225343931778392064
1225343931652673536
1225343932059402242
1225343933430910976
1225343933959589888
1225343934081175553
1225343934089453568
1225343934697594881
1225343935305768960
1225343935171715072
1225343935838482432
1225343936991907841
1225343937235144705
1225343937138683904
1225343937520504838
1225343937415651328
1225343937751072768
1225343937910435841
1225343937986146304
1225343938015326209
1225343937851863043
1225343938006896640
1225343938883551232
1225343939227590656
1225343939420528640
1225343939722514432
1225343939722350592
1225343939865006081
1225343939936342016
1225343940192133123
1225343940359901184
1225343940389265408
1225343940611559424
1225343940875784192
1225343941589032960
1225343941744054272
1225343941177794560
1225343942406942720
1225343943212179457
1225343943811878912
1225343944080293890
1225343944244047873
1225343944914960385
1225343945191747584
1225343945628098565
1225343946299035649
1225343946290712576
1225343946290868224
1225343946445819905
1225343947490217985
1225343947528196099
1225343947620278272
1225343947935043584
1225343948257808386
1225343948295507970
1225343948547186689
1225343948530388993
1225343948748546050
1225343948790456327
1225343949021179905
1225343949059100672
1225343949285388288
1225343950506070016
1225343950581616640
1225343951093325824
1225343951218991105
1225343951735009280
1225343951894245376
1225343952095715328
1225343953085640705
1225343953387442176
1225343953450328071
1225343953542799361
1225343953970569216
1225343953995620352
1225343954129948672
1225343954251583489
1225343954570240000
1225343954792656897
1225343954968690688
1225343955031724037
1225343955321151489
1225343955971166208
1225343956042604549
1225343956138872832
1225343956231299073
1225343956155797504
1225343956747083776
1225343957430915072
1225343957061730305
1225343957955158017
1225343958231859201
1225343958307336193
1225343958710128646
1225343958714286080
1225343959037247488
1225343959112675333
1225343959938895872
1225343960240910336
1225343960614424577
1225343960660561920
1225343960715026433
1225343960752640000
1225343960551481344
1225343961566412800
1225343961989992448
1225343962304532480
1225343962652827648
1225343962162114562
1225343962786877442
1225343963277725696
1225343963688833024
1225343963885920256
1225343964208914433
1225343964561043456
1225343964573786113
1225343964938522624
1225343964976254976
1225343965102301184
1225343965605462017
1225343966175850496
1225343965852909569
1225343966779822080
1225343967350468609
1225343967220375552
1225343968189116416
1225343968755322880
1225343968889556993
1225343968965201920
1225343969028034561
1225343969124421632
1225343969040617477
1225343969170804737
1225343970009546752
1225343970341007360
1225343970810699777
1225343971032879104
1225343971087400960
1225343971234324481
1225343971544752129
1225343971808858113
1225343971892830208
1225343972404383744
1225343972626747393
1225343973004201984
1225343973230690304
1225343973285191684
1225343974400983040
1225343974556229632
1225343974870618112
1225343975021842432
1225343975319580672
1225343975541788672
1225343975667535872
1225343975801802752
1225343975881506816
1225343976359649281
1225343976674222081
1225343976984784896
1225343976988868608
1225343977651458049
1225343977647493120
1225343977454538752
1225343978826010625
1225343978809298944
1225343978922479616
1225343979396272128
1225343979581034496
1225343979912409088
1225343980088561665
1225343980277293057
1225343980361134080
1225343980931624962
1225343981539733505
1225343981879537665
1225343982097453057
1225343982126784512
1225343982366056448
1225343982676238336
1225343982567223298
1225343983049535490
1225343983250882560
1225343983712260096
1225343983770988544
1225343984588902400
1225343984874082304
1225343984987332611
1225343985960525824
1225343986065342465
1225343986388389890
1225343986237235200
1225343986916659205
1225343988057567233
1225343989466923008
1225343989508739072
1225343989257252864
1225343990549008385
1225343990616252417
1225343991035465728
1225343991534632960
1225343991702577152
1225343991740170240
1225343991803187200
1225343992696647680
1225343992608387072
1225343993497604096
1225343993648680960
1225343994218967040
1225343994537754624
1225343994890248192
1225343995573723137
1225343995661783043
1225343995729059840
1225343995695554562
1225343995880103936
1225343996278530048
1225343998258139136
1225343998564290562
1225343998967078917
1225343998933340162
1225343998929362944
1225343999260557313
1225343999696756736
1225343999948607488
1225343999990431744
1225344000283963392
1225344000321712128
1225344000531533824
1225344000728526848
1225344000628002816
1225344000791474177
1225344001554862080
1225344001919700993
1225344002544656384
1225344002670710784
1225344003102646273
1225344003157004288
1225344003379302401
1225344003589189632
1225344003639566336
1225344003752620033
1225344003895263237
1225344004134440960
1225344004482650114
1225344004868407301
1225344005749256192
1225344006705553409
1225344006676070400
1225344007162580992
1225344007892393984
1225344007925948416
1225344008412467201
1225344008521535490
1225344008844505088
1225344008873865216
1225344008978935809
1225344009180196864
1225344009389740032
1225344009851113472
1225344010710970369
1225344011533156357
1225344011994484738
1225344012493586433
1225344012522905600
1225344012707454976
1225344013051412480
1225344013873451008
1225344014028886016
1225344013957574656
1225344014238527488
1225344014385283073
1225344014922264577
1225344015794606081
1225344015886741506
1225344016457187328
1225344016709029894
1225344016763490304
1225344016872427520
1225344017002455040
1225344016985640960
1225344017199595520
1225344017711366149
1225344017875046402
1225344017833000960
1225344017933721600
1225344018361438208
1225344018625843200
1225344018898456581
1225344019129159684
1225344019212820480
1225344019208654849
1225344019359617024
1225344019707895808
1225344019846307840
1225344020177510402
1225344020143984640
1225344020190257154
1225344020198645762
1225344020374835200
1225344020785725440
1225344021276635136
1225344021674901504
1225344021981208576
1225344021922484230
1225344022551629826
1225344023310761984
1225344023482650625
1225344024783048706
1225344024812277760
1225344025026289667
1225344025370091520
1225344026167001088
1225344027081527297
1225344026703880192
1225344027744071680
1225344028050382848
1225344028310245378
1225344028805345280
1225344028985692162
1225344029048524800
1225344028985765888
1225344029631614977
1225344029530832896
1225344030818463745
1225344030835400704
1225344031477002240
1225344031539920908
1225344031196094464
1225344031627960322
1225344032051777539
1225344032525541376
1225344032840331264
1225344032982757376
1225344033322438664
1225344033284739073
1225344033330847744
1225344033205166080
1225344033729286144
1225344033905618946
1225344034652057600
1225344034631225344
1225344035109449729
1225344035084066816
1225344035226701826
1225344035734208513
1225344035914579969
1225344035893571584
1225344036497543169
1225344036636102657
1225344036552298496
1225344036908695552
1225344036950695937
1225344037084782593
1225344037558923264
1225344037680533504
1225344037772611590
1225344038032814080
1225344038078799873
1225344037999325189
1225344038129356800
1225344038573953024
1225344038817001472
1225344039320350720
1225344039924322304
1225344040633110528
1225344040603963395
1225344040734011392
1225344040973021184
1225344041786589185
1225344041950146562
1225344042336043008
1225344042310881286
1225344042533183494
1225344042936000513
1225344042952777728
1225344042965200897
1225344043321831424
1225344043263066112
1225344043590148096
1225344044026351616
1225344044017963008
1225344044240429056
1225344044391444481
1225344044781445120
1225344044894584832
1225344044961800193
1225344045779759105
1225344046224302080
1225344046434062338
1225344046626791424
1225344046492790784
1225344046836502531
1225344046953947138
1225344047297941504
1225344047385993216
1225344047545376768
1225344047566524416
1225344047864320000
1225344048082366464
1225344048304553985
1225344048392593410
1225344048480890880
1225344048476672000
1225344049013391360
1225344050200342528
1225344050531852289
1225344051085479938
1225344052926664705
1225344053228625920
1225344053287555072
1225344053388156928
1225344053581172739
1225344053853769728
1225344054130597888
1225344054663106560
1225344054608547842
1225344055154036736
1225344055560867840
1225344055766179840
1225344055833325570
1225344056492003328
1225344056835727360
1225344057842388992
1225344059415367681
1225344059629326341
1225344059545243648
1225344059759304704
1225344059683663874
1225344059872546817
1225344059973173248
1225344060006772736
1225344059989876738
1225344060086317056
1225344060149227520
1225344060359168001
1225344060812091393
1225344060786765824
1225344061285912576
1225344061218922496
1225344061718003713
1225344061151727619
1225344062162702336
1225344062330429441
1225344062489845760
1225344063286730752
1225344063718776832
1225344064083513344
1225344064528289793
1225344064804941824
1225344065341771777
1225344065627185152
1225344065547296769
1225344065887059971
1225344066667171840
1225344067095187457
1225344067388788736
1225344068584001536
1225344068076568576
1225344069074731008
1225344069876043777
1225344070656102400
1225344070643412992
1225344070723108866
1225344071763283970
1225344071964618757
1225344072065277953
1225344072057008128
1225344072308678656
1225344072891564032
1225344072887480320
1225344073415852033
1225344073554247680
1225344074376306688
1225344074770599936
1225344074753773573
1225344074930171904
1225344074993033216
1225344076280520704
1225344076431511552
1225344077442347008
1225344077643673600
1225344078016991233
1225344078184730624
1225344079237656576
1225344079224922112
1225344080206430210
1225344080403525632
1225344080869085186
1225344081410318337
1225344081275973633
1225344081234137089
1225344081556955137
1225344081494077440
1225344082320322561
1225344082383212544
1225344082299555840
1225344082832019456
1225344083322904576
1225344084031627264
1225344084383944705
1225344084535107584
1225344085311082496
1225344086149713920
1225344086531432448
1225344086628016129
1225344086867095552
1225344086841995265
1225344087915520000
1225344088112680963
1225344088465190918
1225344088645361666
1225344088972517376
1225344089652158466
1225344090079989760
1225344090406969345
1225344090860138498
1225344090839158784
1225344091161972736
1225344091279544320
1225344091514449920
1225344090117566464
1225344091858206720
1225344091908661249
1225344092256776194
1225344092403429376
1225344092772671489
1225344093426896896
1225344094290886656
1225344094324633600
1225344094316179456
1225344094588690433
1225344094546694144
1225344094643216384
1225344095008284673
1225344095398301696
1225344095649816577
1225344095964422145
1225344096337715202
1225344096916492288
1225344096992030721
1225344097193426945
1225344097289826304
1225344097562628096
1225344098430836736
1225344098548105217
1225344098984452097
1225344099131240448
1225344099433078787
1225344099609448450
1225344099609268224
1225344099231977474
1225344100347498497
1225344100813156352
1225344101064704006
1225344101358292992
1225344101580759041
1225344101609902081
1225344102276968448
1225344102293626882
1225344102272839685
1225344103203950592
1225344103488999426
1225344103661084672
1225344103904399360
1225344104076177408
1225344103845638144
1225344104474693632
1225344104491388928
1225344104910843904
1225344105770696705
1225344105909145601
1225344106148376576
1225344106118803457
1225344106379010053
1225344107305848833
1225344108002066434
1225344108564107264
1225344109193203712
1225344108685922304
1225344110086643712
1225344110325714944
1225344110665531392
1225344110669766656
1225344110648680449
1225344111126990848
1225344111537901569
1225344111462539265
1225344111559036929
1225344111777058816
1225344111856668672
1225344112083132416
1225344112905224193
1225344113328959488
1225344113563668481
1225344114012475393
1225344114230644737
1225344114239180800
1225344114293661696
1225344114792783872
1225344114897702912
1225344115186884615
1225344115790868480
1225344115807834113
1225344115950309376
1225344115912605696
1225344116059443200
1225344116118183937
1225344116755771392
1225344116902416385
1225344116894162945
1225344117103714304
1225344117598642182
1225344118697668609
1225344119200813057
1225344119280525314
1225344120014569478
1225344120140357632
1225344120123805696
1225344120769654785
1225344121314787328
1225344121629339648
1225344121864196096
1225344121864212486
1225344122094964737
1225344122543726593
1225344122917150721
1225344122669670401
1225344123596627968
1225344124544520192
1225344125173563392
1225344125563801605
1225344125777530882
1225344126050328576
1225344126264233984
1225344126499065856
1225344127182790656
1225344127190986752
1225344127262392322
1225344127350390790
1225344127417638914
1225344127484792838
1225344127530700801
1225344127618801664
1225344128029847552
1225344114151043075
1225344129112182784
1225344129745313792
1225344129787465728
1225344116839546881
1225344130462580736
1225344130609340417
1225344130827476992
1225344130848477186
1225344131431575552
1225344131548925953
1225344132282892288
1225344132324835328
1225344132505374721
1225344133117575168
1225344133641969665
1225344133838950401
1225344133881044992
1225344134128398336
1225344134350663680
1225344134556209152
1225344134501818370
1225344134728294400
1225344134711476224
1225344135063752704
1225344135357272064
1225344135575429121
1225344135873191936
1225344135881789440
1225344137060216833
1225344137362165763
1225344137324527617
1225344137869905923
1225344138050072576
1225344138150703104
1225344138461220864
1225344138490417152
1225344138494849024
1225344138956029952
1225344139618914305
1225344139648061441
1225344139308363782
1225344139765501953
1225344140256268292
1225344141111984128
1225344141208346624
1225344141300621313
1225344141644582912
1225344141678141441
1225344142076608513
1225344142152044544
1225344142206738432
1225344142403870720
1225344142705750018
1225344143209091072
1225344144874164224
1225344145000026112
1225344145780178944
1225344145838899201
1225344145935478785
1225344145943777280
1225344146275258369
1225344146656772096
1225344147214733312
1225344147302707200
1225344147374120961
1225344147457888257
1225344147680186369
1225344147730636800
1225344148045254656
1225344148317671426
1225344149358075905
1225344149722947584
1225344150175805440
1225344150217920512
1225344150293209090
1225344150247112705
1225344150419185664
1225344150582808576
1225344150679117826
1225344150540816385
1225344150872064000
1225344150909771776
1225344151648030720
1225344152184840192
1225344152394702849
1225344152671358976
1225344152763650048
1225344152164077568
1225344152986103813
1225344153183293440
1225344153438961665
1225344153740959744
1225344154072485888
1225344154311356418
1225344154353438722
1225344154689056769
1225344154944720896
1225344155934744576
1225344156266041344
1225344156408504321
1225344157331247104
1225344158216253442
1225344158241476608
1225344158564585473
1225344158560378880
1225344158858170368
1225344159902359552
1225344160489668608
1225344160498012161
1225344160569462785
1225344161072676864
1225344161622056965
1225344161743638528
1225344162020679680
1225344162372841473
1225344162624655360
1225344162725122049
1225344163014729729
1225344163505303552
1225344163580928000
1225344163585019904
1225344164008726528
1225344164427993089
1225344164407238656
1225344164562337792
1225344164788764675
1225344164843274240
1225344165397041153
1225344165657051137
1225344165824880640
1225344165778608129
1225344166097510400
1225344166437109760
1225344166537777153
1225344166613438464
1225344166722326529
1225344166911041536
1225344167200481280
1225344167175507969
1225344167863300096
1225344168051920898
1225344168152707072
1225344168333127680
1225344168282603520
1225344168484122626
1225344168718766080
1225344168764960768
1225344168819453952
1225344168974667776
1225344169373138945
1225344170614763520
1225344171222822912
1225344172103585793
1225344172271558656
1225344172497879041
1225344172560977920
1225344172682547200
1225344173282398208
1225344173571805184
1225344174997639169
1225344175325011968
1225344175744442368
1225344176323211265
1225344176365064192
1225344177099153408
1225344177103425537
1225344177451388928
1225344177887559680
1225344178009169921
1225344178051145728
1225344178168532998
1225344178072145920
1225344178441211911
1225344178785177600
1225344179494014976
1225344179414405120
1225344180148416512
1225344180458749952
1225344180743884800
1225344181322711041
1225344181536559104
1225344182409023488
1225344182836965376
1225344183382269952
1225344183352860673
1225344183935700997
1225344184334204928
1225344185038827521
1225344185118662657
1225344185361948672
1225344185621938176
1225344186003509248
1225344185756246016
1225344186368450561
1225344187387777024
1225344187522002944
1225344187492515841
1225344187932872705
1225344187991838720
1225344188243300352
1225344188964728832
1225344188658651136
1225344189283520512
1225344189598195712
1225344189547806720
1225344189782618113
1225344189740638214
1225344189669478400
1225344189795143680
1225344189845557248
1225344190214791169
1225344190072184833
1225344190340587521
1225344190504148992
1225344190852337670
1225344190810165249
1225344191108145152
1225344191841980416
1225344191796011009
1225344191867150336
1225344192504680448
1225344192748179456
1225344192907501568
1225344192911695872
1225344193503121408
1225344193507287042
1225344193704296448
1225344193582645248
1225344194098524160
1225344194287263745
1225344194182438912
1225344194736205825
1225344195067613186
1225344194509602816
1225344195486859264
1225344195532967936
1225344195864485888
1225344195943993344
1225344196866969600
1225344197642924032
1225344198091714561
1225344198187991040
1225344198418681857
1225344199215767552
1225344199651815427
1225344199739887616
1225344200096538625
1225344200184606720
1225344200557776896
1225344200683802624
1225344201069432832
1225344201442852869
1225344201849790464
1225344203279851520
1225344202915053568
1225344203703619584
1225344204123115521
1225344204693327872
1225344205100158976
1225344204660002816
1225344205699964928
1225344206366900224
1225344206249480192
1225344206354423812
1225344206669066240
1225344207767904256
1225344207906197505
1225344207960911875
1225344208346632194
1225344208686370816
1225344208749203456
1225344208824885248
1225344208866807808
1225344209336459264
1225344210552770561
1225344210787684352
1225344210687029248
1225344210938712064
1225344211756568576
1225344211853070337
1225344212146634752
1225344212641538049
1225344213367214080
1225344213535031296
1225344212712947713
1225344213505712128
1225344213514162177
1225344213644193792
1225344213933383680
1225344214092800000
1225344214239760390
1225344214562553856
1225344215707766790
1225344215841771520
1225344216559050754
1225344216856850432
1225344216970096640
1225344217326571520
1225344217511321601
1225344217729228800
1225344218018664448
1225344218387734528
1225344218773606401
1225344219314823170
1225344219306287105
1225344219692310528
1225344219742474240
1225344219927023616
1225344220543586305
1225344220766011392
1225344221189636096
1225344221722349568
1225344222242279425
1225344222330605568
1225344222368108544
1225344222297022466
1225344223391535104
1225344223852974080
1225344224347992064
1225344224708554752
1225344224985526272
1225344225266454530
1225344225497108480
1225344225958514688
1225344226059259904
1225344226080149504
1225344226126434304
1225344226151387138
1225344226256289793
1225344226918973440
1225344227061751809
1225344227149852678
1225344227103522816
1225344228139524096
1225344228567527424
1225344228588388353
1225344229150466049
1225344229347491841
1225344229687169025
1225344229783662592
1225344230765125632
1225344230911950849
1225344231201480704
1225344231113469952
1225344231398502400
1225344231515930627
1225344231595638786
1225344231595659264
1225344231838867456
1225344232036163584
1225344232119992323
1225344232468054016
1225344233168523264
1225344233596313601
1225344233961328641
1225344234829602817
1225344234380840960
1225344234770726912
1225344235332939779
1225344235823517699
1225344235664236545
1225344236238753793
1225344236020588545
1225344236880629761
1225344237006245889
1225344237178249222
1225344237547347968
1225344238130323456
1225344237958504449
1225344238310678529
1225344239275585536
1225344239367639040
1225344239720112128
1225344240303013888
1225344240294617088
1225344240982511619
1225344241083092992
1225344240886190080
1225344241309749248
1225344241494179840
1225344241603371009
1225344241943089157
1225344242006011904
1225344242173636608
1225344242974744577
1225344243520167937
1225344243927003136
1225344243826339840
1225344244019187712
1225344244220669952
1225344244384026624
1225344244514078721
1225344244296114176
1225344244359012352
1225344245864620032
1225344246393126912
1225344246724677632
1225344247420932097
1225344247517401089
1225344247588585472
1225344247299215360
1225344247710339077
1225344247899074560
1225344248179916800
1225344248473501696
1225344248863547399
1225344249664856067
1225344249731796993
1225344249719336960
1225344249794744320
1225344250151178242
1225344250176471041
1225344250805538816
1225344250231042048
1225344250944065536
1225344250923175937
1225344251153698816
1225344251447463937
1225344251547906048
1225344251745243136
1225344252168855552
1225344252365983747
1225344252646834176
1225344252684783616
1225344254421024768
1225344254437928960
1225344254538440704
1225344254924525570
1225344255306190849
1225344255469719552
1225344255545073664
1225344255431852032
1225344255788449792
1225344256178556928
1225344256379936768
1225344256841154561
1225344256866443264
1225344257210273798
1225344257294307330
1225344257709334529
1225344257680007171
1225344257747189761
1225344257801633792
1225344258237849600
1225344258510598150
1225344258892189698
1225344259336704000
1225344259529826305
1225344259513077760
1225344260008022018
1225344260108480513
1225344260465188864
1225344261274529793
1225344261261942784
1225344261538766848
1225344262977413120
1225344263069802496
1225344263354871808
1225358311551328256
1225358311672963073
1225358312021135360
1225358312394383361
1225358312746602496
1225358312927088642
1225358312905953280
1225358313144999938
1225358313300385792
1225358313208061953
1225358313505861633
1225358313916780544
1225358314080329728
1225358314311225345
1225358314805968897
1225358314994831361
1225358315787620353
1225358315775037441
1225358316081008640
1225358316517261312
1225358316626415617
1225358316588670976
1225358317159165952
1225358317460934656
1225358317612158977
1225358317461082112
1225358317620514816
1225358318291607552
1225358318983634944
1225358319663144960
1225358320028045314
1225358320346767360
1225358320967409665
1225358321084796929
1225358321252753410
1225358321604952064
1225358321798045696
1225358321772892162
1225358321948848129
1225358322049732609
1225358322246701056
1225358322406027264
1225358322984988672
1225358323232407552
1225358323542786049
1225358323542704128
1225358323723067392
1225358323530133505
1225358323886608384
1225358324402511872
1225358324427821057
1225358324599808001
1225358324536766464
1225358324763447296
1225358324335620097
1225358325258342400
1225358325383983104
1225358325472100353
1225358326453555200
1225358326684364801
1225358326780891137
1225358326940069888
1225358327233892353
1225358327279837184
1225358327804239873
1225358327724462080
1225358328072736775
1225358328466989062
1225358328651382784
1225358328630431745
1225358328848699392
1225358328873746432
1225358328953438208
1225358329213382657
1225358329318268928
1225358329347637248
1225358329444216832
1225358329842528256
1225358330215923712
1225358330715086849
1225358330702417920
1225358330689880064
1225358330761138176
1225358330861936641
1225358330861744128
1225358331268620289
1225358331436384256
1225358330564153345
1225358331709014018
1225358331704901633
1225358331771883520
1225358332266938368
1225358332254392320
1225358332438994944
1225358332422062081
1225358332443033600
1225358332858253314
1225358332749180929
1225358332497727489
1225358333135159297
1225358333160243201
1225358333558829056
1225358334166851584
1225358334179434496
1225358334460600321
1225358334632415232
1225358334632398848
1225358334901006337
1225358335509028864
1225358335584522241
1225358335727325186
1225358335664259072
1225358335727341569
1225358336247418880
1225358336545058816
1225358336591196165
1225358336452853760
1225358337056751618
1225358336993964032
1225358337140649985
1225358337220284416
1225358337874722817
1225358338487009280
1225358339149791233
1225358339212660737
1225358339850137600
1225358339904688130
1225358340189872128
1225358340387147776
1225358341121150978
1225358341423022080
1225358341569961984
1225358342052290560
1225358342156996608
1225358343633604608
1225358343620816896
1225358343637630981
1225358344170307584
1225358344359174145
1225358344094961664
1225358344845586433
1225358345260892160
1225358345340456966
1225358345164353537
1225358345420361728
1225358346447998976
1225358346552827905
1225358346653331460
1225358346724634624
1225358347034972161
1225358347437629440
1225358347806871554
1225358347995512834
1225358348112936960
1225358348754857984
1225358348855304194
1225358348939251712
1225358349153124352
1225358349010522112
1225358349262188546
1225358349723672576
1225358350071693313
1225358350444974082
1225358350847762434
1225358350847639552
1225358351078313985
1225358351103430656
1225358351665512449
1225358352416247808
1225358352684810242
1225358353062354944
1225358353272123392
1225358353628418048
1225358354479927296
1225358354500866048
1225358354555514881
1225358354605903874
1225358354811240449
1225358355151060993
1225358355218104320
1225358355218063361
1225358355218104321
1225358355411042305
1225358355872415744
1225358355750936580
1225358355939487744
1225358356589826048
1225358356606357504
1225358356581208064
1225358356765868033
1225358357063663617
1225358357076144130
1225358357113913344
1225358357470552064
1225358357969735681
1225358358116331521
1225358358221377536
1225358358351241221
1225358358628057089
1225358359081041920
1225358359261569024
1225358359194259456
1225358359685148672
1225358359731277824
1225358360280612864
1225358360779706370
1225358360905687042
1225358361215922177
1225358361475993600
1225358361631195136
1225358361627156480
1225358361752895488
1225358361916403714
1225358362386292736
1225358362549858306
1225358361622962176
1225358363900416000
1225358364097601539
1225358364282163203
1225358364466651139
1225358364860932096
1225358365041287170
1225358365229867012
1225358365108232192
1225358365452390405
1225358365745991680
1225358366102306817
1225358366299475968
1225358366723043329
1225358366815350784
1225358366245040128
1225358366895005696
1225358368384090112
1225358368774094848
1225358368686190592
1225358368858165248
1225358369059303424
1225358369193545728
1225358369265004545
1225358369461923840
1225358369579585536
1225358369902469122
1225358370368036866
1225358370116374528
1225358370342785024
1225358371018153985
1225358371462627330
1225358371395600387
1225358371710099456
1225358371965960197
1225358372225990658
1225358372322471936
1225358372339363840
1225358372687372290
1225358372989546496
1225358372976779266
1225358372947423233
1225358372884619264
1225358373316517888
1225358373375242240
1225358373148930048
1225358373643640832
1225358375107604480
1225358375694659584
1225358376214966272
1225358376751837187
1225358377171243008
1225358377078816768
1225358377292881920
1225358377548734466
1225358378110574592
1225358378387460096
1225358378446344192
1225358378928656384
1225358379305988096
1225358379515858949
1225358379612327937
1225358380040097793
1225358380979585024
1225358381159837696
1225358381554323456
1225358381646565376
1225358381776621573
1225358382296514560
1225358383332679681
1225358383399735296
1225358383823360000
1225358384213438464
1225358384922320898
1225358385052372992
1225358385249341447
1225358385241116673
1225358386109116418
1225358386239160321
1225358386327277568
1225358386293641216
1225358386276917249
1225358387455545344
1225358387472293888
1225358387652640768
1225358388147576833
1225358388290150400
1225358389062045698
1225358389485522945
1225358389682884608
1225358390433632258
1225358390525751297
1225358390697787392
1225358391431680000
1225358391582711808
1225358391809232901
1225358391939358720
1225358392077635585
1225358392442535936
1225358392643944448
1225358392501227523
1225358392761470977
1225358392740470784
1225358392748892161
1225358392887169024
1225358393021521920
1225358392883019778
1225358393386438656
1225358393591750656
1225358393998823424
1225358394078482432
1225358394044760064
1225358394112036864
1225358394132811776
1225358394132844545
1225358393663262720
1225358394413981696
1225358394585796608
1225358394695077888
1225358395126865920
1225358395902976002
1225358396100141057
1225358396024475649
1225358397043724291
1225358397660332032
1225358398012710916
1225358398000173056
1225358398226460673
1225358398557954048
1225358399061315586
1225358399400886272
1225358400071987200
1225358400189616128
1225358400164421637
1225358400533549056
1225358400566910977
1225358400650911745
1225358401149911040
1225358401724534784
1225358402450227200
1225358402219626497
1225358403280699393
1225358403272429568
1225358404111069190
1225358404497137664
1225358404933365760
1225358406678020098
1225358406942248960
1225358407374376960
1225358407558946816
1225358407726616579
1225358407760261121
1225358408032948225
1225358408183738368
1225358408649306112
1225358408640937984
1225358408812908544
1225358408888410112
1225358409404280832
1225358409840631808
1225358410255716352
1225358410750873600
1225358411165908992
1225358411245682688
1225358411405000704
1225358411489009664
1225358411992162305
1225358412059418624
1225358412919255040
1225358413523226624
1225358413774893058
1225358413938352129
1225358414554877952
1225358416354447363
1225358416945782784
1225358417058918402
1225358417734205442
1225358417746808832
1225358417788751873
1225358417784532992
1225358417948135426
1225358417880969216
1225358418170404864
1225358418187313152
1225358418266902528
1225358419248472064
1225358419282071552
1225358419567300608
1225358419365900289
1225358419831312384
1225358420133453824
1225358420758319104
1225358420968169473
1225358421077176320
1225358421345492992
1225358421894914049
1225358421966360577
1225358421995724800
1225358422197067776
1225358422314541056
1225358422381481984
1225358422578622465
1225358422771519488
1225358422834479105
1225358423199375360
1225358423253868544
1225358423342141445
1225358423820132354
1225358423908241408
1225358423857889280
1225358424004685824
1225358423983714304
1225358424868818944
1225358424923181056
1225358424952713216
1225358425116348417
1225358425200189440
1225358425531592704
1225358425829212160
1225358425984339968
1225358426521264128
1225358427079114753
1225358427289006081
1225358427284803587
1225358427444002816
1225358427695636481
1225358427980881920
1225358428094201862
1225358428052176897
1225358428110876672
1225358428329193472
1225358428618387458
1225358428555665408
1225358428417282048
1225358428786348032
1225358428928905218
1225358429943930880
1225358430132752384
1225358430770278403
1225358430912860160
1225358431130808322
1225358430908452866
1225358431147585536
1225358431638323201
1225358431881588737
1225358431944617985
1225358431973851136
1225358431982194688
1225358432158355457
1225358432716443649
1225358432619773952
1225358433227984899
1225358433098096640
1225358433244807169
1225358433278279683
1225358433701986306
1225358434880671745
1225358435056832512
1225358435337854976
1225358435354660864
1225358435434160129
1225358436092796928
1225358436566798337
1225358438214979586
1225358438361747456
1225358438592417792
1225358438776991744
1225358438668144640
1225358438890237952
1225358439527763968
1225358439439794177
1225358439494377472
1225358439662092288
1225358440370974720
1225358440551321605
1225358440568147968
1225358440861581312
1225358441184522241
1225358441054703616
1225358441134223360
1225358441272791041
1225358441390145536
1225358442182803456
1225358442254229505
1225358442581258240
1225358442719657984
1225358443067953157
1225358443718025216
1225358444019847170
1225358444137472002
1225358444540002304
1225358444540157953
1225358444665937921
1225358445005533184
1225358445647409153
1225358445747961856
1225358445718556672
1225358446482087936
1225358446700060672
1225358446930743296
1225358447169822725
1225358447358697473
1225358447270604800
1225358447404896256
1225358447597715456
1225358447962542080
1225358448264564736
1225358448809742336
1225358449350807552
1225358449506242560
1225358449879519232
1225358449896304640
1225358450185519106
1225358450466656256
1225358450538024961
1225358450839912448
1225358450760151041
1225358451041341442
1225358451372646400
1225358451422814208
1225358451527651328
1225358452031213570
1225358452010057728
1225358452375117825
1225358452421251074
1225358453255720961
1225358453356384257
1225358453419454464
1225358453608087552
1225358453675319296
1225358454056980480
1225358454220410884
1225358453666791425
1225358455038328838
1225358454933475335
1225358455285796864
1225358455449350146
1225358455495462913
1225358455659212800
1225358455730556928
1225358456015785985
1225358456326172673
1225358456510713856
1225358456615391233
1225358456980271104
1225358457118830594
1225358457550835712
1225358457680822272
1225358457781420032
1225358457957535745
1225358457903230977
1225358458372816896
1225358458427510785
1225358458507202560
1225358458720882688
1225358458997706754
1225358459425587200
1225358459538792449
1225358460008763393
1225358460067311616
1225358460574982144
1225358460801495042
1225358461115957250
1225358461271072775
1225358461376090113
1225358461875081216
1225358461866848257
1225358462118318080
1225358462344925184
1225358462147678208
1225358462848307205
1225358463200419840
1225358463246708736
1225358463133519872
1225358462865039362
1225358463523422208
1225358464039473153
1225358464399986689
1225358465075466241
1225358466169982977
1225358466258067456
1225358466786611200
1225358467096956930
1225358467390676994
1225358468086976513
1225358468153917440
1225358468707749888
1225358469198417920
1225358469768863746
1225358462151823362
1225358466534928384
1225358466098720770
1225358465733779456
