1219816948000681985
1219816939142381569
1219816891025367042
1219816884385845249
1219816768417476608
1219816710049423361
1219816688948076544
1219816486119698432
1219816440288681985
1219816435989479426
1219816431434502144
1219816381862109185
1219816098486353920
1219816060121223168
1219816038176440322
1219816002868764672
1219815970790707200
1219815959113928704
1219815931695837185
1219815925118955520
1219815918353702912
1219815914977128449
1219815731723935746
1219815711134175233
1219815695954911232
1219815642079137793
1219815455759597569
1219815449245806592
1219815405771948033
1219815376168439808
1219815336641323009
1219815318941577217
1219815212607594506
1219815181599019008
1219815109989715969
1219815087008931841
1219814985091579904
1219814933568901121
1219814903801950208
1219814671886123008
1219814547533520897
1219814508190937089
1219814485541695488
1219814308193828865
1219814283162206208
1219814270419947521
1219814191755739137
1219814079621160961
1219814049350934528
1219813975371550720
1219813869117329409
1219813764368760832
1219813735528878080
1219813684765048832
1219813486861008897
1219813382288658432
1219813307726602242
1219813275174608896
1219813265888251905
1219813206379466752
1219813180634882048
1219813155942981632
1219813110850228225
1219813059562098689
1219813007695286272
1219812956113756161
1219812956105392129
1219812938451771398
1219812877260845056
1219812814703013891
1219812759447183360
1219812746910261248
1219812721463627776
1219812706183712770
1219812675921817600
1219812661074046977
1219812659136208896
1219812618556276736
1219812600101396481
1219812552449974272
1219812452583407619
1219812428072001538
1219812353484578817
1219812244567003139
1219812237633904641
1219812145434517504
1219811978404945925
1219811935765483520
1219811809403772928
1219811737618321411
1219811636795641859
1219811598845349888
1219811568289865728
1219811539063934976
1219811511138426880
1219811500119842816
1219811459200249856
1219811448324546560
1219811445749104640
1219811441764642818
1219811430825771008
1219811423225696256
1219811411372711936
1219811361477275650
1219811152726822912
1219811114164224006
1219811096074297349
1219811056156938240
1219811002478292993
1219810920190353409
1219810839852548097
1219810828138008576
1219810648563113984
1219810588873961473
1219810430035615745
1219810326394347520
1219810118054764545
1219810115404079109
1219810091672788997
1219810076615217155
1219809948973928448
1219809851515207681
1219809782875463685
1219809723085676545
1219809714218979331
1219809697609334785
1219809672020004866
1219809542567071744
1219809244096143361
1219809142237552640
1219809125581971457
1219809028387360769
1219808945189072896
1219808909051015171
1219808833050161152
1219808829572972544
1219808801483784198
1219808774900330496
1219808744609107968
1219808695258943488
1219808589918932993
1219808565134790656
1219808530217046017
1219808522973667328
1219808436411650048
1219808418812350464
1219808383512891392
1219808352722657285
1219808345713868800
1219808313837154304
1219808286909915136
1219808253934174208
1219808244207685637
1219808239581265926
1219808220509884421
1219808128709074944
1219808122178625537
1219808050179006465
1219808018205798402
1219808012992438273
1219807993358946304
1219807909548261376
1219807844599336961
1219807791939911680
1219807742413680640
1219807718749302784
1219807264220909568
1219807249536901121
1219807084830773248
1219806968078045184
1219806901380296704
1219806729103446016
1219806703643848704
1219806665521823745
1219806617044209665
1219806557615030272
1219806478451634176
1219806390270746626
1219806342359199745
1219806237119975424
1219806222368628741
1219806205738192898
1219806157755363328
1219806069993676802
1219805985407164421
1219805916935135232
1219805870730567684
1219805783476453377
1219805757056548864
1219805755991363586
1219805700274053122
1219805633475567616
1219805538999001093
1219805336074215424
1219805259914252288
1219805111742017537
1219805061489946624
1219805000131543045
1219804969584484352
1219804915444273152
1219804882644824064
1219804565329121280
1219804540922404865
1219804511826395136
1219804427638509568
1219804335489548288
1219804181785001984
1219804151401656320
1219804140353642496
1219804134225911809
1219804088721793024
1219803880478904321
1219803550605144065
1219803467872497664
1219803207171440640
1219803188154355712
1219803159876505600
1219803156269408256
1219803036471549952
1219802915168088065
1219802829235208193
1219802796876152832
1219802683982389250
1219802626252070912
1219802598519164928
1219802523441086464
1219802456948867073
1219802427664293889
1219802226778165254
1219802212777357312
1219801932052627456
1219801871738490880
1219816763963015168
1219816619309821952
1219815707929665536
1219814818237935616
1219812363383332864
1219812063150653445
1219811697176612867
1219811352681897984
1219810324976562177
1219806921953181697
1219804293907116032
