1220079245474639872
1220088721862811648
1220088708243902472
1220088660260990976
1220088659564691456
1220088654338707457
1220088639973027841
1220088636882014216
1220088624886296576
1220088618343002112
1220088608624979969
1220088596411174913
1220088583220072448
1220088507181350913
1220088506820825091
1220088495642775552
1220088480761552900
1220088470317813760
1220088431365234688
1220088426394832897
1220088415506616325
1220088365304950786
1220088362402504705
1220088345960886272
1220088342542503942
1220088331184300032
1220088275668492288
1220088270597439488
1220088255342878721
1220088251614158849
1220088251375026176
1220088220685361152
1220088216973344768
1220088185260130304
1220088123314647045
1220088101831200769
1220088092167507968
1220088090074632193
1220088087084183553
1220088053840125957
1220088025541234688
1220087979634458624
1220087974811111424
1220087958247575552
1220087940421951489
1220087935334137856
1220087934646276098
1220087922415800320
1220087916669607946
1220087885661200384
1220087879403220993
1220087875141689344
1220087861887762434
1220087855948730370
1220087789082963968
1220087778664427522
1220087772410798081
1220087724536999936
1220087694648213504
1220087666227593216
1220087664772337665
1220087662956163072
1220087615132704768
1220087583142809600
1220087554827005953
1220087546723684353
1220087510233239553
1220087479870451712
1220087479711068160
1220087470903054336
1220087442037886976
1220087411532759040
1220087406965272577
1220087384328626178
1220087382743142400
1220087379563810817
1220087364447604739
1220087349406830598
1220087337645826048
1220087335729213440
1220087319744720896
1220087310617862144
1220087310152278022
1220087310001328128
1220087292573863936
1220087289105260551
1220087246549921794
1220087232364797955
1220087220465479683
1220087211305132033
1220087190673293314
1220087154984001537
1220087120041332739
1220087117063376906
1220087066635030528
1220087031516356608
1220087013623369728
1220087011295604736
1220086994543370240
1220086973622374408
1220086937018486784
1220086928579665921
1220086898791735298
1220086891841650689
1220086848904749056
1220086842328080386
1220086810044399616
1220086776234045440
1220086775512797185
1220086769846312962
1220086758077014017
1220086746207133698
1220086743698829313
1220086714078781441
1220086692079722498
1220086691345551360
1220086664413896704
1220086659078901760
1220086651625574404
1220086646193954822
1220086609309097984
1220086565495615488
1220086554586013696
1220086536525549568
1220086529948819457
1220086529604882432
1220086524060078080
1220086502476013568
1220086454283571200
1220086430929690625
1220086399900082176
1220086380065214464
1220086365800534016
1220086350508183552
1220086348746567681
1220086321538109443
1220086301581553665
1220086240256512002
1220086237848989701
1220086232065216515
1220086223655620611
1220086151660417024
1220086130743201792
1220086104327688192
1220086097168011265
1220086082865332224
1220086078008369158
1220086049549893632
1220086047582883841
1220086032395145217
1220086026879696897
1220086017778225152
1220085972479639552
1220085971380654080
1220085957497704454
1220085956365164545
1220085945531170817
1220085939055333376
1220085927508205570
1220085917022654464
1220085908806033408
1220085903235993605
1220085901914714114
1220085878045003777
1220085859539488768
1220085839566450690
1220085833182646284
1220085795035340800
1220085767684468737
1220085753331535877
1220085737053290496
1220085732070453248
1220085728526336002
1220085725724434432
1220085698583322624
1220085655176278016
1220085638789242881
1220085616068554752
1220085610280411136
1220085599610163200
1220085580597346304
1220085576591986689
1220085568706686976
1220085558535507974
1220085522984390657
1220085520706961408
1220085501652238336
1220085490038145024
1220085485495705600
1220085469989478401
1220085454785171464
1220085406567403522
1220085383226167297
1220085376016179203
1220085348836966403
1220085320143605760
1220085315542622208
1220085233221033994
1220085216703893504
1220085211385552897
1220085207879077891
1220085192628457473
1220085182465806337
1220085153483104262
1220085149330812931
1220085146419900417
1220085090438537217
1220085088861523975
1220085079776595968
1220085054606462976
1220085005013008384
1220085004136521728
1220084990094053376
1220084970238173186
1220084962940112897
1220084929700212736
1220084928475553792
1220084926977986560
1220084921101737985
1220084920774733828
1220084918602076161
1220084918040043523
1220084900461711361
1220084894912540673
1220084873018454016
1220084869948010496
1220084841368043520
1220084813299843075
1220084782031409154
1220084781322399745
1220084756165074956
1220084738695860224
1220084732043481089
1220084687198212102
1220084663450054662
1220084658106523649
1220084654595657728
1220084631862697984
1220084627299340289
1220084606432677889
1220084575243661312
1220084555861889024
1220084554008027136
1220084535674724354
1220084533418176516
1220084524777738240
1220084513289768961
1220084442166972418
1220084441730703361
1220084430955405312
1220084409476403200
1220084391549992960
1220084379063422982
1220084378174394368
1220084355382550529
1220084330279489536
1220084308926517250
1220084282305273857
1220084273790832640
1220084263997014016
1220084249400954887
1220084235907694593
1220084217872207872
1220084208963551273
1220084172011667456
1220084137090002944
1220084132912549901
1220084115782934534
1220084101677490176
1220084086716469249
1220084072623398912
1220084061139611648
1220084059931430912
1220084058387963905
1220084052532723715
1220084048678096896
1220084036237844480
1220083998086631424
1220083994349277184
1220083977400324097
1220083973264695297
1220083970676862977
1220083957414420480
1220083957322125312
1220083934265933824
1220083932823052289
1220083930684108800
1220083925529264128
1220083904909987840
1220083899172360198
1220083861029130240
1220083836438110212
1220083826178830336
1220083823452573697
1220083802736857090
1220083729294675968
1220083658616238080
1220083658557743104
1220083651662270464
1220083646675243009
1220083639561719810
1220083592925048832
1220083553959989249
1220083514688688129
1220083497294942208
1220083497269891075
1220083480312217600
1220083413048266753
1220083404152111104
1220083380924092416
1220083349336793090
1220083239248973825
1220083237671854083
1220083224166182912
1220083206000693249
1220083197150625792
1220083197037502464
1220083175826784258
1220083174404952072
1220083165051662336
1220083146781331456
1220083143341899776
1220083138967281664
1220083136068907008
1220083120021626881
1220083094369079297
1220083090577453056
1220083034172489729
1220083033472229381
1220083033111318528
1220083029437083648
1220083027247869952
1220083003021500416
1220082980972113921
1220082976916197377
1220082969420763137
1220082948512395264
1220082942937952256
1220082942065696770
1220082929000382465
1220082891738120192
1220082879922888704
1220082863527190529
1220082847484186624
1220082842421596160
1220082837338173440
1220082818870587396
1220082804555485186
1220082750172082177
1220082733302603778
1220082695935594496
1220082681041604610
1220082587256922112
1220082576410300417
1220082559159132160
1220082520143712257
1220082509108654081
1220082507959480322
1220082504713023493
1220082500489355265
1220082461507497984
1220082455069319174
1220082446575816705
1220082437621002242
1220082422399848448
1220082349741752320
1220082259916513281
1220082229029683200
1220082221228482562
1220082210801246208
1220082182951186434
1220082150235611143
1220082149262364673
1220082135647825920
1220082119898255360
1220082117046161411
1220082115527827458
1220082107608903681
1220082105172008961
1220082098163396609
1220082091075014656
1220082087698419712
1220082067674820608
1220082058468450304
1220082040189661186
1220082025085816837
1220082008262684672
1220081970694303749
1220081950502813698
1220081909113421825
1220081900343189510
1220081890943586304
1220081878226522113
1220081858337075200
1220081855707467780
1220081842579263489
1220081834098380800
1220081824312918016
1220081815416922112
1220081797524008962
1220081792956452866
1220081789617803265
1220081753093591040
1220081738212311040
1220081733187579904
1220081730863779840
1220081729291149314
1220081716389273600
1220081711272382469
1220081698173411328
1220081673297178630
1220081652510134272
1220081629017845763
1220081620591443968
1220081600383406081
1220081589759172614
1220081577746673664
1220081560877248518
1220081559006515201
1220081454522228744
1220081446007771136
1220081400453316608
1220081385253277697
1220081380660432901
1220081368727728128
1220081344480468997
1220081251471777793
1220081250981023745
1220081242256936964
1220081241413881856
1220081222463913985
1220081204151582722
1220081198401228800
1220081145934569472
1220081135952240645
1220081117908176896
1220081117790760960
1220081100170702848
1220081075764023296
1220081063143321600
1220081035968335872
1220081015806480384
1220080985309618176
1220080943689416704
1220080936735399941
1220080913465380865
1220080911775141894
1220080866799620096
1220080853600153601
1220080830720040961
1220080815016677383
1220080792770088962
1220080765884649472
1220080763636527105
1220080739783446541
1220080733651423232
1220080726017814528
1220080706963017731
1220080689229574152
1220080680618676224
1220080671827353601
1220080662692032512
1220080659336777728
1220080599723126784
1220080597449789440
1220080578583617536
1220080559449243648
1220080559155642368
1220080545146834950
1220080542730686464
1220080540730216448
1220080487919583232
1220080463861223425
1220080462808248320
1220080451710279680
1220080447096418304
1220080446261940225
1220080439869632512
1220080422752636928
1220080374686126082
1220080358840053761
1220080334789890054
1220080333632094208
1220080298190426112
1220080274932936704
1220080264996483072
1220080262274519042
1220080249054158848
1220080242376634368
1220080196675457024
1220080193240469506
1220080176257593344
1220080109584969729
1220080109517864960
1220080078987546626
1220080031407448065
1220079993646211072
1220079980366962694
1220079969235161088
1220079954546704384
1220079947202449408
1220079932522496001
1220079901014921216
1220079899123171328
1220079876557955079
1220079867485728769
1220079852231053313
1220079840273076225
1220079826960375810
1220079803979763712
1220079794856943616
1220079767556362240
1220079753744605184
1220079744672075776
1220079743703420929
1220079736598253568
1220079715693858817
1220079711981854722
1220079707112140801
1220079685159096321
1220079681522847744
1220079681002713091
1220079678905602049
1220079678406348800
1220079677475303425
1220079672421224449
1220079670533804033
1220079646869319682
1220079646018015233
1220079643849420801
1220079636371001345
1220079624543072256
1220079611876261888
1220079609602949120
1220079609166942209
1220079604477710337
1220079592897052672
1220079581878579200
1220079549976805376
1220079542733352960
1220079541156057088
1220079508964945921
1220079502941990913
1220079486558851072
1220079469303496704
1220079463016255489
1220079456691216384
1220079456246738944
1220079436768468995
1220079436021760001
1220079429432594433
1220079412575531009
1220079411854282754
1220079411258712065
1220079401838239744
1220079374373965831
1220079367109390337
1220079352169107456
1220079352098033664
1220079334192381954
1220079321655595008
1220079315955724288
1220079311820148736
1220079305323139077
1220079287283388416
1220079281990139909
1220079269696589825
1220079263212298240
1220079258908987396
1220079255608086530
1220079234309210112
1220079223307632640
1220079195327488005
1220079178415915008
1220079160661426176
1220079159080296450
1220079151840759808
1220079149374754817
1220079142978252800
1220079139375288320
1220079105133043712
1220079088653590529
1220079088372613120
1220079066889510913
1220079061516472320
1220079059310272512
1220079043476967424
1220079028243034113
1220079006592028673
1220078999906340865
1220078978347741185
1220078976594403328
1220078974694576128
1220078971590590464
1220078968906358787
1220078954226364417
1220078944625491970
1220078938161967104
1220078934911520769
1220078898651656192
1220078889071865856
1220078884093227008
1220078856973029377
1220078854796001280
1220078853772607489
1220078829974122496
1220078813716959232
1220078796646125569
1220078790031937536
1220078776677208065
1220078775209275392
1220078755177086977
1220078729067683840
1220078709694136325
1220078705269067776
1220078699665678340
1220078693881696263
1220078692602220544
1220078682372497411
1220078681357291520
1220078663338610688
1220078650806226952
1220078623308251137
1220078619055161344
1220078601061535744
1220078547110453248
1220078529192374272
1220078528365883392
1220078500041936896
1220078471025573888
1220078462536470528
1220078460791508997
1220078450859528194
1220078447038541825
1220078434526867456
1220078401739902981
1220078369762693120
1220078348862398464
1220078335734222849
1220078334152990725
1220078306617384962
1220078292318871552
1220078287592005632
1220078237235195904
1220078196583993345
1220078183963295745
1220078178770644992
1220078175692001281
1220078168427511809
1220078165831213057
1220078159409840129
1220078154653392896
1220078153684537344
1220078139717623808
1220078129093451781
1220078124534157312
1220078123020161024
1220078112786075648
1220078108272775169
1220078097602531329
1220078079026003968
1220078065209860096
1220078062215356419
1220078046285385734
1220078014127493120
1220077980187267081
1220077980078219266
1220077967771979777
1220077959366750209
1220077925430628352
1220077903842619394
1220077897500839937
1220077896724774913
1220077869407358976
1220077865779302401
1220077850033819649
1220077836490432514
1220077827971784704
1220077827762085890
1220077773567471617
1220077763329167360
1220077743645384709
1220077743234265088
1220077721335799809
1220077721096785920
1220077712330485760
1220077697457586180
1220077684627136513
1220077684090396673
1220077682441908224
1220077665941630976
1220077638716399617
1220077629224706049
1220077607531638784
1220077595129049089
1220077591429812230
1220077586459570179
1220077554867920901
1220077554599481344
1220077552724631552
1220077549067427844
1220077536190894086
1220077534244524032
1220077532893986816
1220077532772491265
1220077528884424705
1220077491747946504
1220077489764151297
1220077487667011584
1220077476044509184
1220077471422468097
1220077466477309953
1220077465659478016
1220077464925458435
1220077451461713922
1220077450992017409
1220077443320631296
1220077436626444288
1220077436030935041
1220077429596860422
1220077423418626048
1220077405345386496
1220077389914439683
1220077386177417216
1220077375393878016
1220077370020913158
1220077356192190464
1220077343605215239
1220077334536916992
1220077328052690945
1220077285241507840
1220077269248618496
1220077268355223556
1220077247643545600
1220077244321648640
1220077239062147072
1220077235274539008
1220077228794486796
1220077227280224258
1220077222398242817
1220077186734075921
1220077186520055811
1220077178785804290
1220077173064785921
1220077173039685634
1220077155251474432
1220077145814458372
1220077143633408001
1220077107189075970
1220077105519779841
1220077054282096640
1220077023692853248
1220077023185514501
1220077011835719682
1220077002776031234
1220076989853372417
1220076986753863680
1220076977383780352
1220076971964731394
1220076970349719552
1220076969301303298
1220076960275222531
1220076957385269251
1220076952041730048
1220076948761780224
1220076935675555846
1220076925022101506
1220076922119557120
1220076920647217152
1220076917434404864
1220076916281151495
1220076915781926913
1220076902418960384
1220076899902291968
1220076890817486849
1220076872031059974
1220076867572654085
1220076863407697922
1220076861230854145
1220076857707466752
1220076801474494464
1220076790938587142
1220076778577973248
1220076758868738048
1220076739277336582
1220076718687510528
1220076706142224388
1220076700412862469
1220076696231006208
1220076693605449729
1220076684365291521
1220076679214727168
1220076644943171584
1220076616497475585
1220076611585921025
1220076607047634951
1220076604883374080
1220076592057196545
1220076567973580801
1220076565129826304
1220076564085342210
1220076524105281536
1220076517285224448
1220076511706914819
1220076476629782529
1220076453426892800
1220076394836910082
1220076394295611394
1220076350607896579
1220076322959110146
1220076319872032768
1220076307142205442
1220076293577826304
1220076279740891136
1220076272547557377
1220076265824247808
1220076263051841540
1220076253191065600
1220076235126181889
1220076228289404928
1220076207452061696
1220076193157791744
1220076173788663808
1220076163650945026
1220076158479491072
1220076146165002242
1220076143954423808
1220076107166363648
1220076101331902465
1220076088384278529
1220076076241686534
1220076074199064576
1220076072491999234
1220076060349353984
1220076031081635851
1220076017546604544
1220076016997163009
1220076012689657857
1220075955332448258
1220075939633225731
1220075918779125760
1220075899749457920
1220075873048678400
1220075859681456128
1220075852953767936
1220075851812941825
1220075822704472064
1220075806514348034
1220075785874219008
1220075780635529216
1220075768241410048
1220075749694148608
1220075748599435264
1220075745814421505
1220075733806145536
1220075726428426240
1220075726193549314
1220075708594163713
1220075703749750784
1220075703393226758
1220075685492002819
1220075619372949506
1220075611013754892
1220075605649166336
1220075586892247041
1220075545188282370
1220075543208419328
1220075543015645186
1220075536816332801
1220075535256166400
1220075534064984068
1220075530424410118
1220075528742412288
1220075514662211584
1220075502532100096
1220075492839247875
1220075492759494661
1220075461046341633
1220075455467814912
1220075449524662278
1220075431031865345
1220075413306822656
1220075379869663232
1220075364640272399
1220075358755741696
1220075348395798528
1220075307501158400
1220075284671750146
1220075253088559107
1220075247950417920
1220075219412496389
1220075191520387077
1220075181659607042
1220075120493912064
1220075103486124034
1220075098285068288
1220075068136611841
1220075066614059009
1220075058330206208
1220075030727536640
1220074984053395461
1220074981742256128
1220074965434761216
1220074956458991616
1220074948313542656
1220074946317234180
1220074914855686144
1220074910875373570
1220074878310715394
1220074861256695808
1220074857179693056
1220074801395589122
1220074794529345537
1220074789550862338
1220074757921570823
1220074748752711680
1220074740775145472
1220074732059529216
1220074714791628801
1220074695791382528
1220074676619239431
1220074640309194754
1220074626396631043
1220074584549933056
1220074565101072386
1220074553445158912
1220074549229838337
1220074541893873664
1220074474445443072
1220074445567479808
1220074438705733634
1220074420720537601
1220074348045795337
1220074334011588608
1220074333000761344
1220074303884079104
1220074240033996800
1220074219276423168
1220074170731651073
1220074159541301248
1220074151676788738
1220074126368542727
1220074117174583296
1220074105984122885
1220074101223632897
1220074099927441408
1220074066616504321
1220074064359776257
1220074049239425031
1220074035712790533
1220074016020598785
1220074010203107330
1220073995527237639
1220073969702883328
1220073944805519362
1220073928581758976
1220073883904200712
1220073857496711168
1220073817617375234
1220073814840741890
1220073784641753088
1220073724248018944
1220073709488218112
1220073681961062402
1220073653653721093
1220088733803798528
1220088719232782337
1220088688626917376
1220088644620509184
1220088639385829377
1220088630401732609
1220088600269750277
1220088467771682816
1220088429943324673
1220088403783561216
1220088183070785539
1220088130734178304
1220088090812801024
1220088080859721729
1220087987498897410
1220087959501836291
1220087913121308678
1220087894653784064
1220087801665880064
1220087743683923968
1220087732699107329
1220087702374223873
1220087701392674816
1220087681046151168
1220087617871544321
1220087551177789440
1220087526028759040
1220087503216091136
1220087468030070787
1220087189716914176
1220087183111065606
1220087174441459719
1220086981553684481
1220086949081382915
1220086895226642433
1220086775235743744
1220086775152087040
1220086722505166852
1220086713349033984
1220086591470948352
1220086460172292096
1220086434817703936
1220086408691568645
1220086382145810434
1220086313765888000
1220086276189122560
1220086267980939264
1220086218286825472
1220086162267590656
1220086117766180865
1220085957883498497
1220085939520692224
1220085931778113537
1220085796335767552
1220085719751786501
1220085714236379142
1220085704849600513
1220085657252564993
1220085586477965315
1220085551325499392
1220085551166054401
1220085536146305024
1220085479233785857
1220085472275333122
1220085463211368448
1220085416000401411
1220085374543966214
1220085240066125825
1220085185741557760
1220085068561027072
1220085058607804416
1220085038571761665
1220084890185732096
1220084829355560960
1220084744454639616
1220084740897808385
1220084719011844096
1220084677416976384
1220084544700698626
1220084544281436161
1220084521137295363
1220084401264087042
1220084395043934208
1220084206690324481
1220084186016616450
1220084129460436992
1220084128051126273
1220084040809644032
1220083992390750215
1220083976271880197
1220083901244280833
1220083830373130240
1220083782167871488
1220083735967625216
1220083669605416961
1220083646138208256
1220083602756710407
1220083537560268800
1220083458472599561
1220083448259330049
1220083447873409024
1220083432287375360
1220083384723984384
1220083173058433024
1220083164569329665
1220083144117772288
1220083010810384384
1220082702638030848
1220082539865497601
1220082527014027264
1220082466976718849
1220082316145459208
1220082313641517062
1220082237644951552
1220082197354381312
1220082128165142538
1220082123064758272
1220082116777529344
1220082042026778625
1220081814397566976
1220081771959607296
1220081752305213441
1220081701751312384
1220081646185189378
1220081642464632832
1220081586672226304
1220081562244435968
1220081555181146113
1220081542866837505
1220081533136068609
1220081449790914560
1220081414059593729
1220081321663332352
1220081261710053378
1220081247109767168
1220081232572272640
1220081177324871681
1220081155694899202
1220080983988482052
1220080876345794566
1220080833131712513
1220080788475125768
1220080782670094337
1220080747526017024
1220080715699605505
1220080673584795648
1220080671173042176
1220080631574491136
1220080600410939398
1220080394072141824
1220080343484633088
1220080274526130177
1220080233229045760
1220080161669992450
1220080132007714816
1220080105826832385
1220080101322260481
1220080058217500681
1220080056275390465
1220080055260524544
1220080027422875648
1220080026520936449
1220079993851645952
1220079942047846400
1220079927006908417
1220079921072001024
1220079910494097408
1220079908283723777
1220079875358253057
1220079841959010304
1220079804042612736
1220079770043584513
1220079741635571712
1220079724967473152
1220079578871468032
1220079530318204931
1220079514841014272
1220079509120135169
1220079473585946629
1220079389972426752
1220079375384829955
1220079338588114944
1220079308334686208
1220079289275568128
1220079266253234176
1220079265485639682
1220079251510067200
1220079212066795520
1220079203556544512
1220079178088759296
1220079151496998913
1220079094269972482
1220079063278088192
1220079029841289219
1220079015463018496
1220078971695403008
1220078926590029829
1220078905584865280
1220078894583169025
1220078850564030467
1220078757677019143
1220078701762625536
1220078584292921346
1220078499353903106
1220078497865048064
1220078357208952832
1220078341027438598
1220078308903153664
1220078301575647232
1220078297721208832
1220078233053466629
1220078216460808193
1220078018158305280
1220077985220288512
1220077947358470150
1220077944669966337
1220077922469335040
1220077877502390279
1220077844853940225
1220077816965763073
1220077813715197952
1220077802059374592
1220077782538997760
1220077755238359042
1220077738863755266
1220077582571335680
1220077523532279810
1220077506314805250
1220077474505097216
1220077453797969921
1220077440992759809
1220077400744243200
1220077373552332800
1220077313187962880
1220077249551929344
1220077244539985921
1220077236482650112
1220077223668932609
1220077219214778372
1220077208418574336
1220077181034024960
1220077089346506756
1220077044660391936
1220077010636197888
1220077009340112896
1220077005678317568
1220077002721505280
1220076970060414976
1220076881766121476
1220076846039150592
1220076828213288966
1220076762219958273
1220076723435425792
1220076717643124741
1220076683560132609
1220076553125728259
1220076494019416064
1220076338129838080
1220076316080398338
1220076312452325381
1220076291048771585
1220076288674881536
1220076265576783876
1220076217145098240
1220076214716719105
1220076204293808130
1220076177005608967
1220076161344163846
1220076080268226561
1220076077084704774
1220076054330728449
1220076043513614342
1220075985049214977
1220075888898953217
1220075844808278016
1220075842488823808
1220075783680598016
1220075731113390082
1220075681985581060
1220075604080578560
1220075510136479745
1220075487457939456
1220075474807902214
1220075434307739648
1220075348504784896
1220075283174305792
1220075274479591424
1220075254233620480
1220075234939883521
1220075234709118982
1220075163275759616
1220075162722275333
1220075134742093825
1220075081654652930
1220075079855484929
1220075019751084034
1220074977476710408
1220074933906288642
1220074897147215872
1220074845758611456
1220074810929139712
1220074804444835843
1220074778154950656
1220074466996174849
1220074443306950657
1220074385324769282
1220074311735742464
1220074215556046848
1220074167883771906
1220074144584413184
1220074113038942208
1220074065202831361
1220074038241955842
1220073996244471810
1220073921149652994
1220073880108187649
1220073871665090560
1220073859820544000
1220073854329970688
1220073853663137792
1220073842304897025
1220073840983838733
1220073819882176512
1220073722591293442
1220073695869390855
1220073654509297665
1220088744495255552
1220088718259654657
1220088697795883011
1220088663771475968
1220088636407857152
1220088628573081601
1220088389598203904
1220088383126622209
1220088375639728129
1220088357323186179
1220088326096588800
1220088295733903360
1220088279103627265
1220088125906538496
1220088099511963648
1220088096198316032
1220088090997317632
1220088087293775872
1220088084194320387
1220088072068587520
1220088071477133313
1220088070441181185
1220088019329388546
1220087997061914629
1220087992758546440
1220087971719806977
1220087939851542531
1220087935422410754
1220087907698008064
1220087885849747456
1220087844636590080
1220087819768451072
1220087817579245569
1220087806539649024
1220087793512341506
1220087788357337088
1220087743696470017
1220087686070927360
1220087675794927618
1220087661479677952
1220087647118299136
1220087519980683264
1220087498732462080
1220087450837536769
1220087428083519488
1220087395766411270
1220087359733022721
1220087321867046913
1220087258470133765
1220087253537566725
1220087241126633472
1220087185719939072
1220087159778172928
1220087154367324160
1220087132028571648
1220087128295526400
1220087115830030336
1220087113443491840
1220087037941948419
1220086989522903042
1220086987052503041
1220086968815620097
1220086938893348864
1220086936393699330
1220086932211818496
1220086892693032960
1220086842516819968
1220086834329460737
1220086818084925440
1220086803513802752
1220086790897328128
1220086785008701442
1220086779262504960
1220086698694127619
1220086686211768322
1220086631677472775
1220086620080263168
1220086599850971136
1220086594998136832
1220086591638523904
1220086523430703104
1220086500525772805
1220086497052909573
1220086437938368512
1220086421932986369
1220086413611290624
1220086387405275138
1220086368170278912
1220086347190267904
1220086288201736192
1220086278068240386
1220086253330358272
1220086234393071617
1220086231247114240
1220086163106607104
1220086135990427648
1220086119804485632
1220086085922979840
1220085968595714048
1220085952745480200
1220085890338447361
1220085875654217730
1220085874026672128
1220085869425713153
1220085867932372992
1220085847929782273
1220085826169659393
1220085811846230022
1220085807811366914
1220085756078673921
1220085752488480769
1220085717381996544
1220085709005938688
1220085689754226689
1220085670645043200
1220085669743054849
1220085653855186945
1220085600738586625
1220085592966303744
1220085583688552448
1220085571395211264
1220085558191558656
1220085518232322048
1220085460392980480
1220085456798396418
1220085439236919297
1220085427836600320
1220085393770655744
1220085343824809984
1220085334479781888
1220085322157109248
1220085314670211077
1220085297737797644
1220085251478654976
1220085220713488385
1220085197930139648
1220085191441637381
1220085173599064065
1220085171820601347
1220085141751488512
1220085118875860997
1220085098512556033
1220085056288382977
1220085012684558338
1220084972645519360
1220084958099857408
1220084940819161088
1220084939372150785
1220084928450351106
1220084909299073026
1220084904555401216
1220084904450347008
1220084900075753477
1220084889049083904
1220084881306374145
1220084865619648513
1220084862041890824
1220084819436154880
1220084787735597057
1220084782639538176
1220084773625815041
1220084743930306566
1220084740814000129
1220084722904240128
1220084701572083717
1220084697868439552
1220084678042046464
1220084661671559173
1220084654176374786
1220084629518147592
1220084603395956737
1220084562107170823
1220084545543864322
1220084511414898689
1220084508856287232
1220084492569759744
1220084451473907712
1220084445908258818
1220084424034770945
1220084420629024768
1220084417517015041
1220084409623293957
1220084346494701569
1220084332586577923
1220084330493566978
1220084318359511040
1220084312973828096
1220084290932944896
1220084217062797314
1220084213585784832
1220084210549055493
1220084190240075776
1220084171168550912
1220084140864917504
1220084133407395841
1220084125262020608
1220084110120517632
1220084026414968834
1220084025953529857
1220084005111988224
1220083996933136385
1220083979816185858
1220083978864033793
1220083950540021761
1220083873478074373
1220083848450658307
1220083844675788800
1220083838396903426
1220083760843984896
1220083729579667457
1220083713792454657
1220083712764805121
1220083703285571584
1220083702144745472
1220083631667978241
1220083623992463361
1220083615893282816
1220083572842942473
1220083565892919298
1220083501049032706
1220083493230637056
1220083476063494147
1220083445621116933
1220083393947492353
1220083372946415617
1220083333582843905
1220083330869129216
1220083320215744513
1220083274447409152
1220083253727649792
1220083193493315588
1220083159947186178
1220083132520636417
1220083105307992067
1220083009375952901
1220083008574836738
1220083007307911168
1220082988366561281
1220082948780756997
1220082931714199553
1220082915176067072
1220082887254372352
1220082858527612928
1220082812080001026
1220082798087876608
1220082761777606657
1220082757860118528
1220082673630076928
1220082491781857280
1220082488963366912
1220082473293484036
1220082467614404614
1220082439256772608
1220082367391502338
1220082290996469763
1220082284205834240
1220082273690755072
1220082271476158468
1220082262756286468
1220082249254817795
1220082237380661248
1220082222927138816
1220082214823583745
1220082151200296961
1220082149606465536
1220082144418193409
1220082131868831746
1220082122540683264
1220082063493169152
1220082045537398784
1220082023865430017
1220082015913095168
1220082013362950144
1220082009055170560
1220081981733601280
1220081910707314691
1220081893842046976
1220081868294344704
1220081866654523394
1220081856659456001
1220081839932628993
1220081803429654530
1220081723662393352
1220081718738046976
1220081640849973248
1220081579864862727
1220081546960482310
1220081530170560514
1220081527788310529
1220081526601342976
1220081519533985793
1220081513766838272
1220081508968361985
1220081465909604352
1220081465465110529
1220081445747585024
1220081405792849920
1220081389825032192
1220081350595809280
1220081329892708352
1220081315367804929
1220081313589362689
1220081298615754754
1220081277342142464
1220081197805535233
1220081193514827776
1220081134685630464
1220081110505287680
1220081098081759232
1220081094940381184
1220081077185851392
1220081057577324544
1220081000010657798
1220080998555107328
1220080977155772416
1220080941311225856
1220080928678187008
1220080890270842880
1220080883752935424
1220080882653921280
1220080871228628992
1220080870318661633
1220080825137426433
1220080814026870785
1220080811564728320
1220080802660151296
1220080775560925185
1220080750340472832
1220080747354173442
1220080695873167360
1220080681725972480
1220080678206877696
1220080675287715843
1220080569113104387
1220080538809184259
1220080529791504385
1220080524875706371
1220080520660488193
1220080487890391043
1220080428276535296
1220080370336587776
1220080300891439105
1220080278930100225
1220080220650127360
1220080204774854658
1220080176131907584
1220080145177948162
1220080105730371584
1220080084645826561
1220080074654801920
1220080046196568065
1220080044116267008
1220080043252240384
1220080003016204288
1220079980345991181
1220079979016392704
1220079940529545217
1220079886053728262
1220079850238726147
1220079844576329730
1220079773776478210
1220079736879271936
1220079723793068032
1220079723130368003
1220079686648246277
1220079677303377921
1220079635003793408
1220079633665708032
1220079562748583936
1220079544968736769
1220079459967078400
1220079448013312001
1220079422126088197
1220079410340122633
1220079379436462080
1220079318929485827
1220079297395904512
1220079293771984900
1220079289602842629
1220079271236055042
1220079254764969987
1220079237924884482
1220079232757293057
1220079194584969216
1220079186397712384
1220079184279633921
1220079181691682816
1220079171784802304
1220079142055530497
1220079134732406786
1220079119393861633
1220079091740827649
1220079087638593536
1220079061076234240
1220079016801193984
1220079013789683712
1220079007619743744
1220079007175069696
1220078982760034304
1220078969547976704
1220078879936782336
1220078875687809025
1220078852929728514
1220078807278923783
1220078765516185601
1220078741558366212
1220078673132318720
1220078564420259842
1220078536318431233
1220078510292840448
1220078495667249152
1220078450049982464
1220078443402006528
1220078432945467392
1220078426511618049
1220078415509934083
1220078410082340864
1220078403123961856
1220078394387451913
1220078385763733504
1220078363370455040
1220078358916190209
1220078347172052993
1220078338062069765
1220078301076709376
1220078258793910272
1220078253995634688
1220078249826406400
1220078239147855877
1220078221309296640
1220078214430593025
1220078205232545792
1220078201805950977
1220078150656385025
1220078147841871872
1220078110324002818
1220078101931139072
1220078078346612737
1220078070436024321
1220078056146198528
1220078047845634048
1220078025640800256
1220077991226740739
1220077988437483526
1220077922545033218
1220077855192895491
1220077823613784064
1220077802088816640
1220077778877452288
1220077723172786176
1220077687626240000
1220077686808305664
1220077669041295360
1220077660476518401
1220077620273893377
1220077604931239946
1220077587076009984
1220077556143153153
1220077543669235715
1220077543254102016
1220077520223195141
1220077510509109248
1220077497880076292
1220077449809223688
1220077435775045633
1220077383018934273
1220077364949868544
1220077362626400258
1220077353570897922
1220077338391666690
1220077336588103681
1220077335476604929
1220077297690202115
1220077266668933120
1220077231726182400
1220077192253710337
1220077191096082433
1220077190408065025
1220077172381179904
1220077169835171841
1220077164130983936
1220077151321567232
1220077117901352970
1220077117611945984
1220077106794766336
1220077091670151170
1220077022963064832
1220077021008711682
1220077007905619973
1220076989882695690
1220076974518882304
1220076936933736448
1220076928943710210
1220076915794567171
1220076915480055808
1220076914804756481
1220076912447492098
1220076898119815174
1220076810743894016
1220076801814171649
1220076792809213953
1220076774819794945
1220076769363054601
1220076754016112640
1220076689360936960
1220076665491066880
1220076587640655875
1220076483194032134
1220076459487678465
1220076458749632512
1220076449438273538
1220076429125345281
1220076426281418752
1220076402273181698
1220076375954116610
1220076356102430720
1220076318810877953
1220076307977031683
1220076285017362432
1220076217883398146
1220076110253260800
1220076088791007243
1220076062702493696
1220076051201765378
1220076050207645696
1220076023729020928
1220075969815482375
1220075956456607751
1220075947228942336
1220075933203341315
1220075931290755072
1220075924949032963
1220075923896139777
1220075918556831744
1220075916560424962
1220075875598815235
1220075854132326408
1220075767905824768
1220075759508840448
1220075639564308480
1220075557267943424
1220075536376004614
1220075531426643968
1220075500384681985
1220075498073722883
1220075464120655872
1220075377315532802
1220075365885976576
1220075364044591105
1220075296810053633
1220075284365484032
1220075266690756610
1220075157513031682
1220075149673816065
1220075148184780801
1220075136579178497
1220075109270085632
1220075077875699712
1220075052068003840
1220075049786466305
1220075038361079808
1220075023588786176
1220075022737383424
1220074975043805184
1220074972284104704
1220074876909891584
1220074807594831874
1220074803287056384
1220074790242934785
1220074774807949313
1220074730633465856
1220074725562634240
1220074719753277440
1220074691840233472
1220074673901191168
1220074667567960065
1220074626153426944
1220074614849769474
1220074558717231104
1220074545400492033
1220074539041861639
1220074441197019136
1220074430203908099
1220074382699069441
1220074376126660610
1220074301656682496
1220074265774444545
1220074264738631685
1220074260343001092
1220074254399688705
1220074242362028032
1220074218437709830
1220074207360344064
1220074124631871489
1220074103400517633
1220074089265745929
1220074087206268928
1220074086367404032
1220074060568244224
1220074049952473088
1220073996240269314
1220073978544345088
1220073965705711616
1220073907409096704
1220073881941135360
1220073876065001473
1220073852493094917
1220073851943415808
1220073850207121408
1220073848462356480
1220073832897286145
1220073812835782662
1220073810096844800
1220073809644064771
1220073786797481984
1220073746461007873
1220073724076068865
1220073683156258816
1220073679817781248
1220073679251496960
1220073666618314752
1220088743685709824
1220088654246436869
1220087757374029824
1220086476978868224
1220085867915698176
1220084406418800642
1220083990339706884
1220083454794240006
1220083165651488768
1220082427307184128
1220082045772271618
1220081977350447104
1220081169045184512
1220078951554539526
1220078495474126848
1220076761981116416
1220076512134803456
1220076127978323968
1220074729194819589
1220074035935051781
1220073781235998720
1220088714732294145
1220088681823899649
1220088678648700928
1220088659631902720
1220088656104431617
1220088652212133888
1220088638261944320
1220088602488639488
1220088600064417792
1220088535841042432
1220088519596507136
1220088467499208705
1220088465968324608
1220088428928344064
1220088425413431296
1220088421454155782
1220088418299863042
1220088401971400704
1220088379649466369
1220088343440044035
1220088338532593664
1220088290361139200
1220088288146546689
1220088284979662848
1220088260946468869
1220088246572478464
1220088196589064202
1220088169690853376
1220088162845962251
1220088141379461120
1220088138997096461
1220088090527662081
1220088023519383552
1220087989969309696
1220087949322223616
1220087916963270656
1220087911871156224
1220087894729248768
1220087822939500544
1220087802492264450
1220087800755822592
1220087775288090625
1220087762306637824
1220087751632203781
1220087713447251968
1220087684078555136
1220087648716578816
1220087647906877441
1220087629053661184
1220087613006262272
1220087601836761090
1220087554101276672
1220087518672162817
1220087509721415680
1220087472836825090
1220087467535228929
1220087432235945984
1220087423511646208
1220087420953120768
1220087401198080004
1220087383569268736
1220087351394869252
1220087338883219457
1220087324769427456
1220087318280900610
1220087290871062529
1220087278900412416
1220087268985188353
1220087268293083139
1220087263792713729
1220087262861545473
1220087248886038528
1220087245820112898
1220087234642112512
1220087216417976320
1220087182427332609
1220087178987896832
1220087141302185987
1220087117398888449
1220087098084134913
1220087086885285888
1220087021651152896
1220086989392711680
1220086988868550656
1220086948062167042
1220086895989940224
1220086862162743296
1220086819146149888
1220086767744765952
1220086765937029120
1220086757527519237
1220086752251002880
1220086749436829696
1220086747218042881
1220086735826276353
1220086725822775304
1220086683174981632
1220086674228752392
1220086671342891008
1220086636635152386
1220086635901136897
1220086618725371905
1220086604741664769
1220086536688914432
1220086533669048320
1220086532528332805
1220086508369170433
1220086502031527936
1220086499099774981
1220086483740241925
1220086478560206849
1220086454946234371
1220086438240407552
1220086431273472000
1220086427632820224
1220086406476967938
1220086400592367616
1220086381390782465
1220086380681887745
1220086344464072707
1220086343071600641
1220086309882081282
1220086301149425664
1220086282312962048
1220086271827161089
1220086266848477184
1220086263677628417
1220086262687764482
1220086244132016129
1220086236691542018
1220086221642379266
1220086135227060224
1220086105468477440
1220086104273117185
1220086098560540679
1220086051303313410
1220086041077604352
1220085997565771779
1220085991815438338
1220085956998520833
1220085939403358215
1220085931547467776
1220085900631105536
1220085885624049664
1220085875683528704
1220085843945295873
1220085843400044550
1220085839264387072
1220085825628704769
1220085797308813312
1220085768665866240
1220085754925395969
1220085717050642432
1220085701582249984
1220085694003019777
1220085663879565312
1220085635886743552
1220085629041565697
1220085624151080962
1220085619981987840
1220085619512107008
1220085604865781770
1220085599299870725
1220085592458977281
1220085582715506688
1220085582488993792
1220085577955135489
1220085565317623809
1220085564415840256
1220085559688933378
1220085520291782663
1220085512909807617
1220085442399391745
1220085441564569600
1220085434010697728
1220085431309438976
1220085429464174592
1220085418034487296
1220085394076839937
1220085386506133504
1220085383683117056
1220085381137223680
1220085380046819334
1220085379685961728
1220085368764141570
1220085368604839937
1220085366796849152
1220085366687817730
1220085335666909184
1220085329505456128
1220085322819801088
1220085303320420353
1220085298585112576
1220085277110231041
1220085265277915136
1220085259993255937
1220085256859947008
1220085255849349120
1220085253169127432
1220085243970977793
1220085240795889664
1220085236085809152
1220085234965729280
1220085231274930176
1220085215332388870
1220085201486929922
1220085186177748992
1220085164027478016
1220085157052526600
1220085145639645184
1220085126681563138
1220085123258839040
1220085110890008577
1220085088089788416
1220085087603253250
1220085086353264648
1220085081706024960
1220085071677247488
1220085062353461249
1220085005872795648
1220084975258783744
1220084946271862786
1220084921412112384
1220084892446470151
1220084881084108801
1220084876575236104
1220084853854486528
1220084836225945600
1220084827652874241
1220084824846651392
1220084811957600256
1220084810309341185
1220084797063733249
1220084770006323200
1220084746920685568
1220084735008854016
1220084731108155392
1220084722052882432
1220084706806587393
1220084673264513024
1220084608395620358
1220084602401746944
1220084588103585792
1220084565081051137
1220084560404320263
1220084547582398464
1220084538896015360
1220084515583995905
1220084497078784000
1220084487515770880
1220084478158049280
1220084433639919617
1220084419425456129
1220084415856041986
1220084414602006531
1220084382209318913
1220084375993364480
1220084364291084288
1220084348994670593
1220084337321881600
1220084319693262850
1220084285274611713
1220084277683150848
1220084252697661440
1220084247421181953
1220084246850621440
1220084158027960320
1220084143763197954
1220084097445507073
1220084091313410049
1220084083444764672
1220083899692392453
1220083895183593476
1220083876757934080
1220083830146551809
1220083772139372547
1220083730016096257
1220083708612444161
1220083694150524929
1220083627750559745
1220083609639575552
1220083600386691072
1220083553024794630
1220083536742383616
1220083520338526208
1220083500738600960
1220083487291727874
1220083464310939648
1220083419025231873
1220083407528570880
1220083392147886080
1220083376188788736
1220083362045366272
1220083333675323394
1220083320194830337
1220083293892358146
1220083291388350465
1220083289513504769
1220083288582258688
1220083282244784128
1220083276888461313
1220083254063181825
1220083216851312642
1220083181644386304
1220083156096823296
1220083124962578432
1220083124190642176
1220083118993854464
1220083102824853505
1220083084827201537
1220083074983006208
1220083067966148610
1220083062966497284
1220082994569977856
1220082991667396608
1220082902668599301
1220082889121042433
1220082866177970176
1220082809978552322
1220082791724941312
1220082785848827905
1220082767268143105
1220082754521575427
1220082727736741890
1220082722728828934
1220082718752616450
1220082693171548161
1220082672791322626
1220082656966131714
1220082622975631362
1220082618047193088
1220082618038919168
1220082603539062784
1220082576045547521
1220082575579975685
1220082574640525313
1220082571238936578
1220082567602327554
1220082557716291584
1220082544449933312
1220082523188928515
1220082520189890560
1220082507929927680
1220082503932895233
1220082480725811200
1220082459464867840
1220082415693115393
1220082408248283146
1220082345304182784
1220082335388971009
1220082303583559687
1220082299863064577
1220082298386812928
1220082272415571969
1220082240287313920
1220082210201579520
1220082203419385857
1220082192451358721
1220082148692176896
1220082124927197187
1220082096645070849
1220082096464695297
1220082094560309248
1220082093922734081
1220082092371038211
1220082064726351873
1220082058527199234
1220082053850587137
1220082010665955328
1220082005712474112
1220081996824817665
1220081970115436545
1220081948393164802
1220081932408627201
1220081902712840192
1220081901819584515
1220081886782836736
1220081881607262209
1220081854272819200
1220081832399642624
1220081809788227584
1220081789546442752
1220081786522202113
1220081772706308098
1220081766993711105
1220081765764739072
1220081758139551747
1220081656461004805
1220081652753289216
1220081648634605571
1220081643999752192
1220081638249500673
1220081625075085312
1220081612869853185
1220081588861571072
1220081587511078912
1220081577327153152
1220081558561918978
1220081535186956289
1220081469336379392
1220081442442620928
1220081418275037186
1220081407181148160
1220081380253667328
1220081362687885315
1220081350855675904
1220081327141093376
1220081306589069313
1220081306022768640
1220081301371310080
1220081298066288644
1220081286913589248
1220081283218444288
1220081282891374594
1220081279141601280
1220081186975993863
1220081170626383872
1220081132731097088
1220081108236341249
1220081107653341184
1220081103362568192
1220081101332348928
1220081067689988096
1220081020826943493
1220081017257488384
1220081012874588161
1220080970998730752
1220080965797720064
1220080961146085376
1220080945694478337
1220080883190755328
1220080875188043776
1220080871518232582
1220080866686193664
1220080863955865601
1220080819974344704
1220080818866933760
1220080782653501440
1220080766832476160
1220080749623349248
1220080747979079680
1220080703741796355
1220080703263526912
1220080701191704577
1220080694526988292
1220080663837265920
1220080616714014720
1220080568706195456
1220080568446132224
1220080523260899328
1220080512166961154
1220080482324570112
1220080453220216837
1220080451567616001
1220080444307386368
1220080439400042496
1220080434597380096
1220080422488403968
1220080401768747008
1220080399633862657
1220080389211017217
1220080388535508993
1220080385255792649
1220080362426007552
1220080353152507904
1220080348463165440
1220080342293344256
1220080334189916160
1220080324664754176
1220080289931653120
1220080286089863169
1220080277055246337
1220080270726127618
1220080258184925185
1220080258042474497
1220080257635618816
1220080251075747842
1220080200165285890
1220080194263900165
1220080193597050882
1220080191722151937
1220080185212645376
1220080182532374532
1220080179172847617
1220080176601739271
1220080163502706688
1220080160994668550
1220080157878374402
1220080148587794433
1220080141654724608
1220080117952798722
1220080078387916807
1220080074831159296
1220080074583629825
1220080071748325376
1220080054119563264
1220080046674714627
1220080025438949377
1220080023979352065
1220079977502257153
1220079972456550400
1220079966660038656
1220079964327989252
1220079945294237698
1220079943075409926
1220079940680310784
1220079929406046208
1220079916160634885
1220079901471952896
1220079874397876224
1220079854567051264
1220079800464723968
1220079798350905344
1220079798321631233
1220079757959630848
1220079747679391745
1220079742696771586
1220079734664593408
1220079724510224388
1220079721553317890
1220079712216723458
1220079699499503616
1220079684706275334
1220079629693804544
1220079611884769282
1220079560269746176
1220079555840364544
1220079548890566660
1220079539495129088
1220079535581851648
1220079522067951623
1220079480536031237
1220079458918395909
1220079454548045825
1220079430770536449
1220079419529756673
1220079418275762177
1220079379537186819
1220079366320873472
1220079345680564224
1220079336805388288
1220079334150606848
1220079330367361025
1220079322934976512
1220079295667851269
1220079282791309312
1220079255465361411
1220079245650776069
1220079238390407169
1220079233944473600
1220079231260151813
1220079226013077506
1220079195981844480
1220079190281555968
1220079169134104576
1220079164394311680
1220079159394873344
1220079150167478272
1220079148305006593
1220079109264461824
1220079091417677825
1220079087986913280
1220079076540592135
1220079067321585676
1220079040318574593
1220079036472446976
1220079017421873153
1220078999654760450
1220078987717857286
1220078987260485634
1220078980218245120
1220078971758485504
1220078970563104768
1220078953500639233
1220078952536035329
1220078942146781189
1220078936400396288
1220078931841298435
1220078918314745856
1220078898026668032
1220078851746934784
1220078809682046976
1220078807660417024
1220078800123330561
1220078789994143744
1220078789666988032
1220078778216517632
1220078742720086017
1220078739213750272
1220078706841907200
1220078693026009094
1220078677616185344
1220078672712892416
1220078658041393156
1220078639808643076
1220078523341209608
1220078516416524289
1220078493142339584
1220078492118896644
1220078491644727296
1220078482081882113
1220078470438576131
1220078459084558337
1220078456681029632
1220078446828716035
1220078416365412353
1220078411944792064
1220078403119747072
1220078400473309185
1220078362179391489
1220078356676431873
1220078342751154176
1220078339014217728
1220078308521627650
1220078306021847040
1220078302674616320
1220078296635002881
1220078283611627520
1220078275264991232
1220078273524379653
1220078245170774016
1220078238451609603
1220078219682029569
1220078210974531584
1220078179211235328
1220078157195370501
1220078150425698305
1220078144658583552
1220078127847788546
1220078127306682370
1220078112786014209
1220078102119952385
1220078095459221504
1220078090413457408
1220078088488476674
1220078070671052801
1220078061154185217
1220078055949053952
1220078054481059840
1220078052111192069
1220078051310166021
1220078034629337093
1220078019282395136
1220077984826232832
1220077974378237952
1220077966249668608
1220077952278388737
1220077945156440065
1220077944460271617
1220077942727987200
1220077928349782016
1220077928043745282
1220077910461161472
1220077890047483904
1220077888650850305
1220077864344858625
1220077841381036033
1220077840844181504
1220077839678001153
1220077810838011904
1220077779116531713
1220077767632408576
1220077759457832960
1220077739006406656
1220077713404432384
1220077704180973568
1220077691501776897
1220077674443485192
1220077669179645953
1220077655065645056
1220077652113068033
1220077650837934080
1220077642356887557
1220077622211690497
1220077621347700736
1220077596135718912
1220077594328076288
1220077593027723265
1220077577664106499
1220077571049582592
1220077542817832961
1220077515739291648
1220077515013869573
1220077513516429321
1220077508500033542
1220077504624570368
1220077502799810560
1220077499524308994
1220077499025182727
1220077497825386498
1220077492125368320
1220077480473587712
1220077468847091712
1220077460638838784
1220077459615420417
1220077421552193537
1220077401897689088
1220077398269595649
1220077396927418368
1220077395870470146
1220077377960718337
1220077374647095296
1220077344410558466
1220077323522904066
1220077316585316353
1220077313225719808
1220077309681598465
1220077292438937600
1220077290996011012
1220077284104851461
1220077283555315719
1220077281386758145
1220077277821583360
1220077247781994496
1220077246771318784
1220077243235520513
1220077236524584960
1220077226164662283
1220077197739937792
1220077193939836930
1220077190584446988
1220077180153225216
1220077173073203201
1220077167012241408
1220077140160454660
1220077137249603584
1220077135181697024
1220077127761940480
1220077117670666241
1220077103053492225
1220077095553925120
1220077076687900672
1220077074892767232
1220077065053052928
1220077057461379072
1220077053254389760
1220077049366315010
1220077032219889664
1220077028927344640
1220077007578398720
1220076983805186054
1220076964322729984
1220076947109269504
1220076896337178624
1220076880084262914
1220076862967287811
1220076854817841160
1220076834949173248
1220076832130785285
1220076822655832065
1220076817274621973
1220076802439204864
1220076773234421760
1220076728082554880
1220076728057499649
1220076722177150976
1220076715113771009
1220076711888461824
1220076709216768000
1220076680431259649
1220076664656281605
1220076633534746626
1220076631630450693
1220076629017362433
1220076626769301504
1220076620247175168
1220076613875965952
1220076573887471616
1220076558955642880
1220076544028237832
1220076533089492995
1220076522523938816
1220076521286721539
1220076516257587200
1220076499031797761
1220076488692838401
1220076486251597824
1220076482002870272
1220076455691898880
1220076452416315392
1220076432547647489
1220076428689072128
1220076421273530375
1220076419117731840
1220076409516851200
1220076392248946689
1220076381431791617
1220076381188558848
1220076379204702208
1220076371491401728
1220076370547499008
1220076357331406853
1220076353086771200
1220076315384123394
1220076309466034179
1220076305154265091
1220076285193605120
1220076282404311042
1220076270593216513
1220076259138363392
1220076245104414721
1220076232366284801
1220076230629740545
1220076216784388097
1220076214574030848
1220076210442637313
1220076205245960201
1220076199193513984
1220076179371298816
1220076177886515202
1220076175709569025
1220076162442985473
1220076149067436033
1220076141505019910
1220076114267267073
1220076109267709957
1220076107841654784
1220076053047193600
1220076047401656328
1220076015306846208
1220076011091570688
1220076006255538177
1220076001666924544
1220076001004310535
1220075998290509826
1220075983216304128
1220075979156131841
1220075972294332425
1220075952258109440
1220075947044433920
1220075928635813889
1220075926773469185
1220075925175439360
1220075916480540672
1220075913217564672
1220075911107751936
1220075896209661957
1220075886243807232
1220075886202015745
1220075878182338560
1220075874235625473
1220075864412631048
1220075861174444032
1220075844502269954
1220075834351980544
1220075829474004993
1220075826861027328
1220075805730123776
1220075798150795264
1220075786805350400
1220075775417815041
1220075755599736833
1220075754953879552
1220075748192673794
1220075743058833414
1220075741905215488
1220075731784552450
1220075726038171648
1220075721588117507
1220075706693980160
1220075687580536832
1220075679154352128
1220075670199504896
1220075667410366466
1220075657440432134
1220075650905714688
1220075644064681985
1220075635235872770
1220075630626295812
1220075628524965889
1220075613844885504
1220075611114409985
1220075608866201600
1220075608748593152
1220075597222895618
1220075578331500544
1220075577601855488
1220075549869199362
1220075533947420672
1220075517526732800
1220075507712024576
1220075505421959168
1220075455602143233
1220075437981749248
1220075421200519175
1220075413491322891
1220075403118727168
1220075397548781568
1220075384596656129
1220075377655238658
1220075375817969665
1220075373976858625
1220075372282372101
1220075355299614720
1220075324672815110
1220075323636609024
1220075314136510464
1220075284105396232
1220075278837460992
1220075271027658753
1220075258503286790
1220075241650774016
1220075238798569472
1220075227771596802
1220075220301516801
1220075218368172034
1220075192560640000
1220075176483852290
1220075169714188292
1220075163011731456
1220075153759010817
1220075153415188493
1220075152412762112
1220075134972612608
1220075124604440576
1220075119189598208
1220075114538008576
1220075114097713156
1220075095575580673
1220075081994510337
1220075068425940997
1220075064076447745
1220075039099359238
1220075038503768064
1220075035479683078
1220075028198449152
1220075024020725761
1220075018136248324
1220075007562391552
1220075000830578694
1220074996883587072
1220074995633750021
1220074991099809792
1220074988121624577
1220074987421343748
1220074967171239937
1220074955557298181
1220074951425888265
1220074930060120065
1220074902453211137
1220074900074795008
1220074898439180289
1220074897193558016
1220074890788843524
1220074886246412289
1220074876838600721
1220074873269018624
1220074848430501888
1220074848032116736
1220074847834976256
1220074844752109573
1220074841434402817
1220074839580372992
1220074834778034177
1220074832508805120
1220074830579417089
1220074825311510532
1220074821465395200
1220074808156643328
1220074806848167936
1220074789290696704
1220074785335463936
1220074783326392325
1220074737088389120
1220074736371322885
1220074713705320448
1220074674614390786
1220074662484377601
1220074650547429377
1220074622646980609
1220074614887288832
1220074600085762048
1220074583904133121
1220074579638521856
1220074569001775107
1220074565319024640
1220074563440185348
1220074557840580608
1220074546465734661
1220074542145646592
1220074511384510464
1220074505114177536
1220074496276733953
1220074492711657474
1220074463603101698
1220074450558697472
1220074445487906817
1220074444715986945
1220074443038429184
1220074435572457472
1220074427653808132
1220074413539786753
1220074403221909504
1220074397442215942
1220074392144826369
1220074385693990913
1220074384414715906
1220074375325671431
1220074370439286786
1220074357860552711
1220074355411111938
1220074354555392000
1220074347605323776
1220074335118995456
1220074325950242816
1220074323907448832
1220074308753678337
1220074307977711617
1220074297072291840
1220074245205590016
1220074234778726401
1220074224842350592
1220074222073999360
1220074218613805056
1220074217749843970
1220074196182732800
1220074196132417536
1220074181251010561
1220074159658741760
1220074115836628994
1220074112644718593
1220074103962513411
1220074087344525312
1220074081413890051
1220074079480246273
1220074068776497158
1220074064326230016
1220074055119908865
1220074015563436037
1220074011620712448
1220074000233254914
1220073995745185792
1220073984001290240
1220073971535765504
1220073958944464904
1220073951373774851
1220073944474095616
1220073927101374470
1220073911506915329
1220073891877572608
1220073891239849984
1220073867101843458
1220073844339355651
1220073834331561984
1220073829667487745
1220073827528511491
1220073827113349122
1220073817999073280
1220073809430052867
1220073792560599041
1220073786252259328
1220073780137144320
1220073778761302017
1220073760872595458
1220073746725330944
1220073728152866816
1220073718937989122
1220073709442039810
1220073699048677376
1220073693386366983
1220073688919232513
1220073677124972544
1220073675715760128
1220073668786708481
1220073667310297088
1220073652625997824
