1220073624725377024
1220073596422221824
1220073591896788993
1220073521549905923
1220073519473512448
1220073494530207744
1220073488054009856
1220073472421957636
1220073468248625153
1220073423008751616
1220073411378143234
1220073384102502406
1220073357103652864
1220073266854760448
1220073244214153216
1220073224924540929
1220073175196884993
1220073170193043456
1220073165650612227
1220073161213038599
1220073105214910466
1220073069580038144
1220073017704730624
1220073016564047874
1220073004996202497
1220072983408119815
1220072966161039362
1220072958787497984
1220072958716272641
1220072904458670081
1220072896451792896
1220072893125517312
1220072887484284928
1220072866055704576
1220072836540325888
1220072821096943628
1220072810200150016
1220072780487712776
1220072726796238848
1220072716306452481
1220072700594528261
1220072688628240385
1220072668285763585
1220072649948266496
1220072630163771392
1220072622458834944
1220072590099779584
1220072581941821442
1220072480385249286
1220072476358725639
1220072473841946624
1220072445547360256
1220072432935096326
1220072430934339584
1220072429101441030
1220072383018565635
1220072343013212160
1220072333425115139
1220072327129522178
1220072284431368192
1220072259924172800
1220072175102767110
1220072169285279744
1220072130009690112
1220072129548423174
1220072124779581440
1220072093703819264
1220072081850654721
1220072057427447808
1220072006156156928
1220071988561170432
1220071977886670848
1220071976691294211
1220071968554258432
1220071965437956097
1220071956235476992
1220071935419322368
1220071929614340096
1220071924094636032
1220071896659742721
1220071864904511488
1220071831807217664
1220071796856303617
1220071757048053761
1220071727797014530
1220071719911796744
1220071700223725570
1220071677213708288
1220071670024736768
1220071659694104576
1220071653910016000
1220071635069239296
1220071624495501312
1220071616635379719
1220071562952564738
1220071506832691201
1220071495931584512
1220071468693958656
1220071467251109893
1220071451639808000
1220071451174342657
1220071424901120002
1220071416919404552
1220071371041988608
1220071338272022531
1220071327920463873
1220071295309746187
1220071293288165376
1220071286673592320
1220071279979528200
1220071256210333696
1220071226468528128
1220071158264975361
1220071141458546688
1220071127755653121
1220071126597980160
1220071117349687296
1220071095472029696
1220070993500213248
1220070975774920704
1220070966690287616
1220070942954618880
1220070927217520640
1220070911044476929
1220070881411596288
1220070875711623168
1220070847232253953
1220070846523310080
1220070841062510592
1220070799182192640
1220070784540053505
1220070779079077890
1220070777967599617
1220070750398418947
1220070737144250368
1220070725408772096
1220070676440211457
1220070668739342336
1220070646664720384
1220070629468184576
1220070592193482753
1220070583649607683
1220070557598863361
1220070535742271489
1220070500568879104
1220070496680710145
1220070484420722688
1220070460479737856
1220070433413914629
1220070430968512514
1220070420432531456
1220070412517810176
1220070410722729984
1220070380498563074
1220070339931201539
1220070339281149952
1220070298982154240
1220070296134266880
1220070293495898113
1220070272562335744
1220070258083618816
1220070228366954496
1220070210582921216
1220070184938901504
1220070182045069313
1220070169881522176
1220070167897608192
1220070122070503424
1220070108468523011
1220070099928961025
1220070077690785797
1220070077468434433
1220070068790284288
1220070068043812864
1220070061932732418
1220070060187734016
1220070034938236928
1220070010233683968
1220069961907036160
1220069949638631425
1220069949433139205
1220069949407924229
1220069921989832704
1220069895687364610
1220069875974049798
1220069852989345792
1220069829341777920
1220069825243951105
1220069755861766145
1220069754104356865
1220069752443408387
1220069747053813760
1220069728145870849
1220069719732117505
1220069712773681160
1220069694188720129
1220069627285340161
1220069625767047168
1220069607760896004
1220069607005880320
1220069589192781825
1220069544632471556
1220069536944226308
1220069483496267777
1220069481973735424
1220069396594380800
1220069372926078981
1220069332375556102
1220069329561182210
1220069293305532416
1220069292714053632
1220069247726116864
1220069225672400901
1220069198057156608
1220069184396070912
1220069161193308161
1220069142918844417
1220069130105249792
1220069118549929984
1220069110987575296
1220069087264563200
1220069065353506823
1220069065252835328
1220069054985142275
1220069028380712965
1220069025901961217
1220069025666957313
1220069008491200512
1220068966019678208
1220068953122316288
1220068934088626176
1220068922357112837
1220068910894125056
1220068908213981184
1220068896465719296
1220068869399830529
1220068858373058560
1220068849619537920
1220068834830364674
1220068833920258048
1220068823895810048
1220068818220793856
1220068814341189633
1220068808922189825
1220068758628306946
1220068675396366337
1220068669276991490
1220068623387066373
1220068615606550528
1220068594568044545
1220068593964081153
1220068586670247936
1220068563844763648
1220068556907433986
1220068542739046401
1220068538519449602
1220068534031659008
1220068533649887232
1220068496694038534
1220068450284032005
1220068420839968769
1220068409569894400
1220068384500600832
1220068341395660800
1220068304506818560
1220068293790326785
1220068291085029377
1220068277206048768
1220068267198423040
1220068212156649473
1220068176232402945
1220068163594936326
1220068130921181184
1220068036453052417
1220068013891891200
1220067997542486019
1220067991871741953
1220067981817995264
1220067970698711040
1220067969222316032
1220067939606581254
1220067923521425408
1220067860648792064
1220067832257531912
1220067817216569345
1220067796903702528
1220067790654144513
1220067789408473089
1220067742830800897
1220067739219496961
1220067738015748103
1220067704574554114
1220067691471437825
1220067681879109634
1220067665538097152
1220067644197523457
1220067641198596096
1220067636027035649
1220067601025466368
1220067591990824960
1220067583891845122
1220067572869140482
1220067566363848704
1220067560764452866
1220067552103161857
1220067541957201920
1220067539109273602
1220067473854169094
1220067463947177986
1220067451292938240
1220067450299002882
1220067434297810945
1220067422025211906
1220067418070028292
1220067415117062144
1220067400089047043
1220067379541049354
1220067370305314817
1220067338801893380
1220067282119876608
1220067273534267392
1220067258413867010
1220067251681972237
1220067223240396802
1220067195398623233
1220067171155480576
1220067164234878976
1220067160313212928
1220067144756428800
1220067134870417408
1220067131351601157
1220067114968436736
1220067105791528960
1220067039764721664
1220067014225514496
1220067006046666759
1220067000778665984
1220066983795994630
1220066955899441153
1220066954603614213
1220066942951837697
1220066940661596161
1220066935150387202
1220066912861859842
1220066911846838273
1220066849339011072
1220066841231593472
1220066824878002178
1220066816757727232
1220066796709076992
1220066781261369344
1220066778224758784
1220066768187805697
1220066703670939651
1220066684758712320
1220066675061596160
1220066626785013761
1220066609848635393
1220066601833201669
1220066580383633410
1220066558506078208
1220066543918297095
1220066445838766086
1220066421914292224
1220066392008994816
1220066354667171840
1220066353467576321
1220066350367899648
1220066338720354304
1220066325436956672
1220066324753387521
1220066308110241792
1220066291148644353
1220066276720234496
1220066268100923393
1220066194738352128
1220066182981656584
1220066128086687744
1220066007659749376
1220065999069814784
1220065997903880193
1220065996142206977
1220065961958674432
1220065905297649664
1220065874066866177
1220065863447064577
1220065850796851200
1220065810527506432
1220065802378006529
1220065789467865094
1220065769578430472
1220065689098170368
1220065685692276736
1220065675135332353
1220065645850554368
1220065576426647559
1220065536068841472
1220065504427012096
1220065463280992256
1220065393219375105
1220065383786385408
1220065380024180736
1220065362256986116
1220065296461025285
1220065243122085888
1220065240676614144
1220065234569687040
1220065191884468224
1220065177007206401
1220065164357226496
1220065160917929984
1220065153342898176
1220065152235601924
1220065127363502082
1220065105347600386
1220065101954322433
1220065096195547139
1220065029392867330
1220065028805681155
1220064994844385285
1220064983360229376
1220064974350893056
1220064944554758145
1220064935553552384
1220064915672748032
1220064894621450241
1220064859339075586
1220064781148622848
1220064700060311552
1220064699821195267
1220064690648178688
1220064686743392256
1220064674386976770
1220064666006835200
1220064664698130432
1220064655315558400
1220064631118598146
1220064595752243201
1220064590693904386
1220064548348157952
1220064548125696001
1220064501770354688
1220064490047201280
1220064476474609664
1220064418735718401
1220064412972855297
1220064407851417600
1220064383566405632
1220064353392766978
1220064349810839552
1220064320744312833
1220064280701214722
1220064266247475201
1220064256114085890
1220064235788668929
1220064223981686785
1220064205241561088
1220064200342560770
1220064188116209664
1220064165357813762
1220064152548495360
1220064137180479488
1220064125197398020
1220064072701485056
1220064026522202112
1220064019505020928
1220064007509499905
1220063966052921345
1220063965172183041
1220063946553593858
1220063893222879232
1220063870263406592
1220063863531614208
1220063855616770049
1220063823845036033
1220063814202331137
1220063802722607107
1220063797853016065
1220063785936814080
1220063771764252672
1220063730496503808
1220063684778758144
1220063674506805255
1220063673361653760
1220063666760044544
1220063661974335489
1220063649068474368
1220063648103780353
1220063626914123777
1220063605405704193
1220063558198710272
1220063547805310977
1220063544802193416
1220063538426916864
1220063531397255169
1220063514791776257
1220063488372019201
1220063455035547653
1220063446697299969
1220063396931895297
1220063377277452288
1220063376639918080
1220063339147091970
1220063325976817664
1220063315247931393
1220063302631546880
1220063296327430144
1220063279470600197
1220063268472946688
1220063268359876608
1220063262055813120
1220063250009640961
1220063244884332545
1220063243252707328
1220063235606339584
1220063219647164417
1220063216136359936
1220063214177783809
1220063196687429632
1220063170364149774
1220063145579831296
1220063142887219201
1220063134729363457
1220063129503240192
1220063043259904000
1220063036225966080
1220063022057762822
1220062892671717376
1220062884639707136
1220062858374938625
1220062827311968258
1220062826837897216
1220062799772233732
1220062752234000385
1220062751533355009
1220062726581448705
1220062686639202306
1220062667869573120
1220062666946834432
1220062666225594371
1220062657610469376
1220062635506503683
1220062621778337792
1220062595325091846
1220062580640710659
1220062576257765377
1220062562806587395
1220062520238575620
1220062510998532097
1220062510751068160
1220062498013032454
1220062438311239683
1220062434297294848
1220062417989713922
1220062405905960961
1220062354961989632
1220062342945366016
1220062314017067009
1220062303732871170
1220062256043421696
1220062254449729537
1220062206907293698
1220062205976219648
1220062200758333440
1220062147348176896
1220062134157160449
1220062108387356673
1220062091463331847
1220062083502542851
1220062029962272768
1220062001969410048
1220061954309525505
1220061941558906882
1220061938513858561
1220061915235471361
1220061895971024898
1220061871799177216
1220061861179084800
1220061852375441413
1220061822662991879
1220061730849472515
1220061704744103936
1220061700092760064
1220061639724163074
1220061634045054978
1220061612930994177
1220061606224310277
1220061592571863040
1220061575840747520
1220061573344944128
1220061568551002117
1220061568550854656
1220061568542507010
1220061563220103174
1220061546283487233
1220061524540129283
1220061516696821768
1220061481280122881
1220061480789430273
1220061455615168513
1220061437957230594
1220061415437815808
1220061415073075200
1220061414087249920
1220061394709766144
1220061378918199296
1220061363265064961
1220061352804352000
1220061330553626624
1220061328800436224
1220061313289854976
1220061261670572033
1220061253248278528
1220061238270611457
1220061215948451841
1220061205798301697
1220061190182834178
1220061182033305600
1220061177507713025
1220061155949010944
1220061143126937604
1220061114911903744
1220061112659578880
1220061092375945216
1220061092103249920
1220061084859752448
1220061077238579202
1220061074436702208
1220061069131034625
1220061065154678784
1220061041628975105
1220060993331425280
1220060971328139269
1220060962801246210
1220060914210222080
1220060903795806209
1220060828461826051
1220060803161829377
1220060799072395264
1220060731166474240
1220060727425273856
1220060716776017923
1220060707724709889
1220060704243240960
1220060677752131586
1220060627189657600
1220060611746455554
1220060587473997824
1220060571875205121
1220060515969437696
1220060462764699649
1220060462710173703
1220060438643146754
1220060427393982466
1220060422289707008
1220060372226494464
1220060348079800322
1220060340324429825
1220060324264476672
1220060310360350721
1220060295562964993
1220060290592714752
1220060275447160835
1220060263765827584
1220060250931388417
1220060179032608770
1220060154101547008
1220060151690006528
1220060087613632512
1220060078922858497
1220060050556846080
1220060046027055104
1220060029895634946
1220060011461849088
1220060005111484416
1220059942612111360
1220059936962555905
1220059908860710913
1220059895329894405
1220059889617252352
1220059887826280448
1220059852174553089
1220059850773860358
1220059849641381888
1220059837179908096
1220059831807152129
1220059821585526784
1220059805957705729
1220059800312188928
1220059796046372864
1220059769613975553
1220059754984366081
1220059748302753792
1220059737632333824
1220059726244982785
1220059719286579202
1220059698847780864
1220059691331420160
1220059672826335232
1220059640299282432
1220059632938274816
1220059617893416963
1220059583537766401
1220059578714460161
1220059574109196289
1220059514608721920
1220059498292711424
1220059474997776384
1220059474171518978
1220059473626173441
1220059451195109377
1220059422858153985
1220059400888619008
1220059308131606530
1220059273583124480
1220059233934368769
1220059178716356608
1220059120641822720
1220059107576680449
1220059107501080576
1220059102002499584
1220059046067216384
1220059028321161217
1220059018393214978
1220059017621508096
1220059016635699200
1220059010344333312
1220058941553463297
1220058930660900865
1220058903490236416
1220058895311392768
1220058870908739584
1220058868924981254
1220058854593122305
1220058851850031104
1220058825794953217
1220058786771230731
1220058748464586758
1220058721184886788
1220058717959290880
1220058710417952768
1220058668483432448
1220058660891779072
1220058642340352000
1220058637747417088
1220058631116410883
1220058617916735489
1220058608697782273
1220058593430573065
1220058575965425664
1220058561096699906
1220058551776731136
1220058550686429186
1220073644086439938
1220073637945933824
1220073533390323713
1220073531037442049
1220073530504572928
1220073514130014209
1220073467300712448
1220073422564352000
1220073410375639041
1220073380197687296
1220073357040914433
1220073329660506113
1220073289697001473
1220073239101263875
1220073210370195458
1220073203164299264
1220073199897055232
1220073183157608449
1220073107341430788
1220073025036406786
1220073021924245504
1220073017721540608
1220073004660596737
1220072994137149440
1220072993042452481
1220072974524526592
1220072943989985283
1220072867569831936
1220072865837592578
1220072864600088576
1220072851673362433
1220072791665344512
1220072785864790016
1220072637243838480
1220072631862427648
1220072591362150400
1220072561645694976
1220072540380397570
1220072479709753345
1220072374529212417
1220072306908827648
1220072276697194496
1220072272808906753
1220072264575725569
1220072238419857408
1220072211467448321
1220072199614189568
1220072172711899136
1220072092009410561
1220072070912139275
1220071951756091394
1220071950950682624
1220071924119851008
1220071916033204224
1220071862530691079
1220071831186497536
1220071776564187136
1220071751952084999
1220071717592358913
1220071691553869824
1220071658247086083
1220071655080247296
1220071637820854272
1220071618652692480
1220071586453237760
1220071530278768640
1220071487551557632
1220071419419222017
1220071403019436032
1220071395717079041
1220071299453804545
1220071295087300609
1220071287692939265
1220071286023606273
1220071258852859909
1220071251655348224
1220071248362790912
1220071220424478720
1220071218805690368
1220071208617558016
1220071207514537984
1220071181782528000
1220071170621558796
1220071156243238913
1220071125465600000
1220071116355645441
1220071108302594049
1220071084873134080
1220071066900615168
1220071043034992641
1220071025880244229
1220071012689235968
1220071004518723584
1220070925921484800
1220070886826561537
1220070841901174784
1220070826386477056
1220070824624951298
1220070779586412544
1220070774897283072
1220070774096134144
1220070744626872321
1220070722439208961
1220070591224537089
1220070564267798533
1220070542289534976
1220070418356342785
1220070381094043650
1220070326224244736
1220070320968753153
1220070312664076292
1220070296268312576
1220070287137562631
1220070283505209350
1220070262949007365
1220070217973469194
1220070169948479488
1220070151233687553
1220070142173945862
1220070110657961984
1220070091410362369
1220070045117632512
1220070043616260097
1220070013702475776
1220069955032506368
1220069946597814277
1220069932022538249
1220069927228407808
1220069908752584704
1220069895636955138
1220069857141510144
1220069854071283713
1220069852339212288
1220069820592320512
1220069787453329408
1220069770940289024
1220069749519867904
1220069739126542336
1220069706662588417
1220069604866871297
1220069526353645568
1220069448910036992
1220069418345959424
1220069410297143296
1220069392035336193
1220069333344366592
1220069333294047233
1220069320593678337
1220069304336437248
1220069302352666629
1220069295075536896
1220069282224230401
1220069278122201093
1220069209478254592
1220069131548024833
1220069114695372800
1220069046235947008
1220069044226752513
1220069028909264902
1220069003839918080
1220069003282001921
1220068991911284738
1220068950224068609
1220068906322120704
1220068888165126146
1220068880502153216
1220068833765089281
1220068794426646528
1220068720116150272
1220068684510781441
1220068674444365827
1220068649886781441
1220068628340469760
1220068615204024324
1220068567858630656
1220068533180170240
1220068508681351168
1220068473306398720
1220068467988140037
1220068393740656640
1220068392532676608
1220068374841036800
1220068301012918279
1220068276203638784
1220068263473766400
1220068261997445132
1220068209568755712
1220068198244024320
1220068182087675905
1220068131542118400
1220068113372323845
1220068089498349568
1220068080417755137
1220068079025025025
1220068055927136256
1220068014919282688
1220068014680350722
1220068000981815301
1220067940772519936
1220067940638347264
1220067927141048320
1220067923487674370
1220067889740279808
1220067854684307457
1220067804541526018
1220067789307895808
1220067757355438080
1220067744625889280
1220067739043344384
1220067681275195398
1220067677424644096
1220067675151323137
1220067672236290048
1220067660353789952
1220067619862003712
1220067617035079680
1220067566296547328
1220067500089663490
1220067450974285824
1220067409224011776
1220067406841704448
1220067382170808320
1220067366618333184
1220067270795386881
1220067210707623936
1220067205825560576
1220067142453776384
1220067138108452865
1220067135550099457
1220067117631971328
1220067104197632000
1220067006965276672
1220067006877093888
1220066972739596288
1220066879299104768
1220066851243417601
1220066846252118016
1220066803419770881
1220066731080802310
1220066711111639047
1220066696028999683
1220066667478175744
1220066634942967809
1220066633223430144
1220066571873390592
1220066557864431617
1220066539279282176
1220066477652443138
1220066439744196608
1220066343375994881
1220066331439005696
1220066321397714944
1220066317199446016
1220066315202965511
1220066314229899264
1220066200702668806
1220066174500790273
1220066152459788290
1220066129449758720
1220066019672129536
1220065993197674496
1220065840504221697
1220065789643935749
1220065695473577984
1220065671830102017
1220065649927622658
1220065638112223233
1220065596462727169
1220065571984855041
1220065542968676352
1220065510794178560
1220065506918649856
1220065489424125953
1220065464564559872
1220065428304793604
1220065363800547329
1220065332460548096
1220065329075892224
1220065328736145412
1220065282317791233
1220065260964630529
1220065221202665472
1220065217658228736
1220065129447878657
1220065129187790848
1220065120715341825
1220065084023558144
1220065083344080896
1220065082148708352
1220065010778591233
1220064808214593537
1220064789306707968
1220064751692152832
1220064511845117952
1220064409894162432
1220064391393091584
1220064382828392450
1220064345696227328
1220064294441586688
1220064279329759232
1220064257691267073
1220064243053035520
1220064232605175808
1220064201923792902
1220064185586831362
1220064107610755079
1220064098886541314
1220064095291858944
1220064057035591685
1220063999846281216
1220063996679802880
1220063937242124289
1220063908687335424
1220063878672986115
1220063818245558272
1220063809576095744
1220063797001555969
1220063784301137923
1220063772745682944
1220063693737586688
1220063651530280961
1220063594416615424
1220063559046004738
1220063531237691392
1220063531002929162
1220063518692663297
1220063445812314112
1220063384500166658
1220063373108269056
1220063369723547660
1220063348315893763
1220063315604525058
1220063304648781824
1220063286273757186
1220063284453347329
1220063242703265795
1220063223426121728
1220063163732746240
1220063144233590785
1220063133060030466
1220063035500294145
1220063028365942785
1220063022997233667
1220063004345151488
1220062994089955328
1220062921260249088
1220062913655799809
1220062910254370816
1220062908144607238
1220062866222370817
1220062796680978434
1220062789227745282
1220062756730298369
1220062751034396672
1220062750803623940
1220062735725137920
1220062701034053633
1220062698743980044
1220062667387424768
1220062652048777216
1220062647103762432
1220062621472382976
1220062581467045892
1220062539574321153
1220062535975501824
1220062530476953600
1220062463372288000
1220062412101103621
1220062407076327425
1220062396624052224
1220062378496102400
1220062371399585792
1220062335458521100
1220062332656766983
1220062325551648768
1220062281116946432
1220062255741591554
1220062230181564416
1220062217971826690
1220062214549204993
1220062185151508481
1220062081895940097
1220062056205967360
1220062049054543872
1220062040275832832
1220062029718814721
1220062015298736129
1220062001038270469
1220061849800073217
1220061805008916480
1220061773560197121
1220061725397061632
1220061712478605312
1220061708640759815
1220061624754737153
1220061576289325057
1220061506051694594
1220061431837552640
1220061399919013891
1220061380025487362
1220061359305641985
1220061334030520321
1220061218070642688
1220061183115436032
1220061123396935683
1220061079566520320
1220061067272802305
1220061030577057795
1220061029616406528
1220061003083202560
1220060993184845825
1220060913862168578
1220060893041643522
1220060882601832448
1220060830521286656
1220060812129161217
1220060785516449796
1220060756454125568
1220060662581190657
1220060632852070402
1220060621393354758
1220060573833940992
1220060550362611712
1220060503550001152
1220060454082318336
1220060421488566272
1220060400219123712
1220060352349704194
1220060330686140417
1220060320410099714
1220060300377870338
1220060294229176320
1220060289955065856
1220060191321800704
1220060155125161989
1220060135646814211
1220060112217366528
1220060046844923904
1220060038900830209
1220060036958810112
1220060021482049537
1220059961830576129
1220059949482627072
1220059940917661696
1220059932533248000
1220059921129136133
1220059919954608129
1220059892356009985
1220059808109383686
1220059752673226753
1220059726844579840
1220059647555657728
1220059579129704449
1220059565611307008
1220059543381606400
1220059458979524609
1220059445247397888
1220059440465969158
1220059361667624962
1220059307800064000
1220059258919755776
1220059255287336960
1220059252825391104
1220059231073628160
1220059203781267456
1220059201105539083
1220059185876033536
1220059185036943361
1220059162085707776
1220059153672167426
1220059087720763392
1220059082268110848
1220059074152280064
1220059062466834433
1220058987946741762
1220058895281983496
1220058889221214215
1220058877800087555
1220058852932096005
1220058813002395651
1220058810003288064
1220058792466927616
1220058769247232000
1220058734539333632
1220058729543917569
1220058603274457088
1220058602582560771
1220073645353193479
1220073596355260418
1220073595512262657
1220073583952580608
1220073569843056640
1220073543397863424
1220073514901876736
1220073514172080128
1220073474515001344
1220073451639201792
1220073440004182017
1220073407641018369
1220073392419807232
1220073359247134720
1220073354083725312
1220073325382205446
1220073304817573888
1220073295174873090
1220073280637427714
1220073254339129346
1220073225218031616
1220073154531299328
1220073140035948546
1220073137703809024
1220073135917207554
1220073103767719936
1220073099669856256
1220073099120533505
1220073041134112768
1220072959257272320
1220072951376162816
1220072929582551041
1220072929460772864
1220072919864209408
1220072918714990592
1220072918538838016
1220072911916060672
1220072878835523585
1220072876138729473
1220072874779779073
1220072855989297152
1220072818597072897
1220072817833791489
1220072809428389888
1220072799169064961
1220072774531715078
1220072765912420353
1220072730537709568
1220072689475444737
1220072687848108032
1220072675294486528
1220072633573814272
1220072613927456768
1220072594021462017
1220072591504879616
1220072586840870912
1220072568725487616
1220072544906153985
1220072538753073152
1220072502065532928
1220072501558071302
1220072501285396481
1220072430162583552
1220072416635834368
1220072371328970752
1220072365478109184
1220072362105806854
1220072352542789634
1220072346654035969
1220072326999552002
1220072317805416448
1220072291322814465
1220072285643714562
1220072283449913344
1220072277284282368
1220072222347419648
1220072217654038529
1220072181050142720
1220072178059816961
1220072167498559488
1220072140910800896
1220072136552914944
1220072133679673345
1220072130668384258
1220072113995993095
1220072110070095877
1220072091267010560
1220072084900020233
1220072079208460293
1220072072296062976
1220072063223791616
1220072020697808897
1220072018101575680
1220072006785359872
1220071991895625728
1220071989328654337
1220071979891351553
1220071971326578688
1220071947691855872
1220071906197561346
1220071902670139393
1220071895187558403
1220071878762680322
1220071868977287169
1220071843606024192
1220071829752156160
1220071818532401152
1220071816607215623
1220071787192471552
1220071783941967872
1220071781018611717
1220071774194266112
1220071757161336833
1220071727155286016
1220071722004729857
1220071701846921217
1220071695978942465
1220071676412678145
1220071674550398977
1220071657210957824
1220071646461153280
1220071645429338112
1220071642082054144
1220071640463110144
1220071636713472002
1220071628282818560
1220071618837303296
1220071610477973505
1220071602664222721
1220071596360110080
1220071582137229312
1220071548587008003
1220071538403180544
1220071525736501250
1220071521227550720
1220071497387184128
1220071457600032771
1220071441225388034
1220071431838601217
1220071424523718666
1220071401010487298
1220071394786017281
1220071367258734592
1220071350179704832
1220071326066429952
1220071305069973506
1220071210995765248
1220071207397097472
1220071205937520642
1220071205413277696
1220071202959564807
1220071179379249159
1220071146680463360
1220071145657061378
1220071123078922240
1220071120398880771
1220071082151043075
1220071080880148481
1220071062786002944
1220071059401166850
1220071045673246721
1220071022562553857
1220071016115781632
1220071002232827904
1220070994343350272
1220070977486409729
1220070933546831872
1220070931751751685
1220070928190599168
1220070915372994560
1220070896288686080
1220070876688732160
1220070804290928640
1220070786972520458
1220070776918822913
1220070773391364096
1220070765069926400
1220070763971186689
1220070756333146113
1220070753787424768
1220070725341663236
1220070718672474112
1220070711756238850
1220070700813295618
1220070694345695239
1220070673219031042
1220070665471967232
1220070658228531200
1220070639706525697
1220070583054032897
1220070533250682880
1220070514170814464
1220070494667407360
1220070487671431170
1220070487407190016
1220070474245427201
1220070473267994624
1220070470835265536
1220070464078405634
1220070454574174208
1220070445170470912
1220070438362996736
1220070435372531712
1220070433602654212
1220070399574192131
1220070395195187201
1220070391160373249
1220070390233550853
1220070387909685248
1220070371421978629
1220070302496874497
1220070242233278466
1220070229017079809
1220070214814928896
1220070194137174017
1220070182611062784
1220070144036220934
1220070142777819136
1220070140919844865
1220070114126716928
1220070105553330176
1220070055154552832
1220070045847576576
1220070030362193923
1220069996526809088
1220069981704028161
1220069969754501120
1220069947692503049
1220069939039625218
1220069931229810693
1220069866838863878
1220069847259697152
1220069843342450688
1220069805522288640
1220069792607952896
1220069774270615553
1220069766242754567
1220069747359793153
1220069670893576193
1220069670566465542
1220069643974402048
1220069628870717440
1220069561803911168
1220069549753675776
1220069545114624000
1220069544330514439
1220069525619728384
1220069500072140800
1220069497484251137
1220069490752466945
1220069472658018304
1220069425430155264
1220069413086347264
1220069375757160449
1220069361160982529
1220069341636460545
1220069340659232768
1220069327887572993
1220069322938363904
1220069311051636736
1220069308459438080
1220069304298868736
1220069293561466880
1220069291824840704
1220069282035355649
1220069259654520832
1220069259071643648
1220069200024297472
1220069185755262977
1220069175743467521
1220069171440111616
1220069145586237440
1220069134886531072
1220069130994421760
1220069092809486336
1220069038296125440
1220069030335328262
1220069028401569792
1220069009439281153
1220068963494789121
1220068962710347776
1220068926773743616
1220068908557836293
1220068895643635713
1220068869672321024
1220068811258228736
1220068789737443328
1220068781889736704
1220068773014593541
1220068764491927553
1220068748587077632
1220068742367006721
1220068689724223493
1220068629317857281
1220068597684482051
1220068570190708736
1220068567971852288
1220068564406718465
1220068562104135680
1220068541833060353
1220068529916874752
1220068510220587008
1220068458186072064
1220068456130924549
1220068387507798019
1220068387214282753
1220068373788286976
1220068373041766400
1220068327625592832
1220068281798856707
1220068263633264640
1220068234529005568
1220068211099602944
1220068189507325953
1220068090723151877
1220068068858171399
1220068040559095809
1220067995281653760
1220067988683943936
1220067981969035266
1220067954655735808
1220067950851514368
1220067949848846336
1220067944610324487
1220067930588639232
1220067925433995266
1220067911685021698
1220067874838106112
1220067872640241670
1220067832446275587
1220067830357544961
1220067804474417153
1220067762841825281
1220067759624740866
1220067744118460421
1220067729538863104
1220067720902955008
1220067676061683712
1220067670420271104
1220067667547230215
1220067664246165504
1220067658969878528
1220067648043532288
1220067634621882371
1220067617567846402
1220067566644879360
1220067555861094401
1220067540854091777
1220067504946663425
1220067493827399680
1220067473552216064
1220067449770586112
1220067429189128193
1220067417004466176
1220067389531836416
1220067365364301824
1220067342534742016
1220067339183353857
1220067337535094786
1220067332879339520
1220067288419852291
1220067281163685889
1220067213601755136
1220067194689806336
1220067171260338176
1220067158656503814
1220067156685213697
1220067103107178497
1220067070089551875
1220067050774622210
1220067024455585794
1220067019548233731
1220066993233170433
1220066977454198786
1220066954897186817
1220066941345419266
1220066919530803211
1220066907501531144
1220066897955295233
1220066871313039360
1220066859250339848
1220066840883474432
1220066822009040899
1220066762345058310
1220066761510285312
1220066755848101888
1220066755675967488
1220066753994203142
1220066721433903104
1220066709647908876
1220066689984991239
1220066680577175552
1220066636872527873
1220066602806403073
1220066590722416640
1220066576684154882
1220066570975744005
1220066558564802560
1220066535517118466
1220066523034898433
1220066510770593792
1220066483197415425
1220066477752995840
1220066471855837184
1220066445016489984
1220066443703701504
1220066431439659008
1220066388972167168
1220066372316749826
1220066349931810816
1220066327345238016
1220066308848586753
1220066298878517248
1220066298320715776
1220066295774765056
1220066291899420672
1220066280033701888
1220066276921499649
1220066264430694400
1220066258407821313
1220066254246952961
1220066252560961536
1220066252359639040
1220066225277100035
1220066212958416908
1220066204024483847
1220066188954427398
1220066172197986304
1220066137427365888
1220066130431283200
1220066126849347586
1220066122361270272
1220066099233882112
1220066096948051968
1220066044477345792
1220066042237423617
1220066042078212097
1220066021970567168
1220066018317365248
1220066011988275200
1220066010100793344
1220066009249468416
1220066002202959872
1220066001452261376
1220065997983346689
1220065996561580033
1220065992996507649
1220065966232485888
1220065952181694464
1220065945697341440
1220065940139859969
1220065900872814594
1220065899455164423
1220065897143881728
1220065885223821312
1220065876675829768
1220065866060128256
1220065861286887424
1220065860464848896
1220065847147991040
1220065842706206720
1220065817607516160
1220065810384814082
1220065804886138881
1220065794022707202
1220065789996347393
1220065759965122562
1220065746568536064
1220065737768873984
1220065730898681857
1220065718319964161
1220065704101191683
1220065693439340546
1220065687911030784
1220065675659698176
1220065614905139200
1220065608726994951
1220065608273780737
1220065589110005761
1220065561020895240
1220065553483583488
1220065549415264257
1220065548194611200
1220065533737021442
1220065530209538050
1220065513398816768
1220065503013531648
1220065498148364288
1220065494071300096
1220065490682306560
1220065488690012160
1220065486035210242
1220065468070805504
1220065466279976969
1220065441386614784
1220065440409571329
1220065433321078786
1220065426232623105
1220065424055734272
1220065418943115265
1220065416728535040
1220065413737795584
1220065410814500864
1220065407022829569
1220065388383346690
1220065374642888704
1220065373245935617
1220065364064849922
1220065351142035461
1220065338076868609
1220065328077705216
1220065323363135488
1220065323203747840
1220065323015122952
1220065301422673920
1220065299673817088
1220065292958588928
1220065292836978688
1220065278991618048
1220065242790744067
1220065231717556224
1220065224188932097
1220065204987465729
1220065196154093568
1220065187077619713
1220065175602171907
1220065168115277824
1220065157977645059
1220065155968458752
1220065153636433920
1220065153053532161
1220065148905279488
1220065147844096001
1220065143649980421
1220065139250159617
1220065136108400640
1220065123949260805
1220065112964435969
1220065098951274499
1220065093062397953
1220065091825127431
1220065088738078723
1220065080663928832
1220065065757483008
1220065059432550401
1220065051043868677
1220065029329969154
1220065001786028033
1220064985965047808
1220064978843197440
1220064963076685825
1220064962095149057
1220064962007248896
1220064957141790720
1220064948002414598
1220064945561194498
1220064936585355265
1220064913839648768
1220064889621737472
1220064880465776641
1220064879614271490
1220064845363654656
1220064824513703936
1220064811951804419
1220064806016880640
1220064774395977729
1220064770948321284
1220064770025566215
1220064761657692160
1220064760848441344
1220064751960518656
1220064750026932224
1220064735489486849
1220064716611112961
1220064707333193733
1220064699808501761
1220064698495840256
1220064670419165187
1220064661007142912
1220064660126232576
1220064642447200256
1220064636197855235
1220064624822800390
1220064611862368256
1220064490617786368
1220064487505563653
1220064483726413824
1220064464030048256
1220064414537093120
1220064352339808256
1220064195473035264
1220064176896462855
1220064141613903872
1220064121980358662
1220064108814442498
1220064056423247872
1220064027197480961
1220064017470906368
1220064003465998336
1220063863674007552
1220063859622412289
1220063855109451779
1220063839678386176
1220063835702341632
1220063817394204672
1220063790529540096
1220063777288118272
1220063596270538754
1220063579178618880
1220063555363516417
1220063543602696192
1220063487126384640
1220063366963585024
1220063352174477312
1220063324152516609
1220063322504146944
1220063136092434434
1220063124751110150
1220063088726155267
1220063071756062720
1220063057260490752
1220063035102060545
1220062993796550656
1220062862439108608
1220062812782964738
1220062810731950080
1220062796534120449
1220062754163302401
1220062742004084736
1220062708571103232
1220062702103662595
1220062611405975559
1220062589226561537
1220062476147949568
1220062438193684482
1220062402085117953
1220062384062128128
1220062340898488320
1220062335340929024
1220062334795706368
1220062334770528256
1220062334132994048
1220062333700993026
1220062332828577793
1220062305314131968
1220062257398370304
1220062256672714753
1220062241338351622
1220062216394887168
1220062138288541696
1220062108353736704
1220062021904932864
1220061999213707264
1220061986878189568
1220061980872052737
1220061957824352256
1220061951168012288
1220061917722677248
1220061898017853441
1220061883538997248
1220061839347920897
1220061777494409216
1220061773157421056
1220061728039415814
1220061703846559744
1220061682480734208
1220061677024108546
1220061650599809024
1220061585898659841
1220061563220058114
1220061540730265602
1220061508513734656
1220061490390228992
1220061468969717760
1220061463152214016
1220061391748501504
1220061331342098443
1220061297720512513
1220061291869548545
1220061285288763392
1220061280540745728
1220061233602162688
1220061221929418752
1220061193223667714
1220061190698651648
1220061172550045697
1220061162999410688
1220061139960324101
1220061133761130496
1220061069739249664
1220060894467698690
1220060880320098304
1220060854260908032
1220060852151357441
1220060813215649792
1220060812603097088
1220060710446813187
1220060686744801280
1220060684924395528
1220060677542490112
1220060655073538050
1220060645221130240
1220060606960676864
1220060592943267848
1220060591206752256
1220060525649977344
1220060510403616768
1220060502174445579
1220060449812643842
1220060398075944965
1220060375208644613
1220060357726818306
1220060295697223680
1220060295286022144
1220060245252345857
1220060235038986240
1220060213190909952
1220060164755279873
1220060155099873283
1220060153413652481
1220060147935932417
1220060128973471744
1220060122547965954
1220060120908029953
1220060113333104641
1220060088918007810
1220060077400449026
1220060075357810688
1220060064595283969
1220060030977953792
1220060009213648901
1220059938560413698
1220059856335331329
1220059809694801920
1220059735421939712
1220059715515883520
1220059712567136257
1220059694422790151
1220059632229605376
1220059627490086918
1220059602773069830
1220059596678672384
1220059582745149441
1220059515476901888
1220059455863259141
1220059455267786752
1220059372308570117
1220059315932807168
1220059303693955073
1220059293518565382
1220059225134596098
1220059221187866625
1220059168792612864
1220059167223943170
1220059130330660864
1220059124022550528
1220059053562269702
1220059050567782400
1220059020809117697
1220059008616280065
1220059004430422016
1220059000986750976
1220058962936070150
1220058915972550657
1220058910083702786
1220058892618604544
1220058854945247232
1220058842320556032
1220058837622890497
1220058820409344003
1220058812968628225
1220058811286933505
1220058805876207622
1220058801396748288
1220058706177679360
1220058700343197696
1220058697080147968
1220058696408977408
1220058695360376832
1220058691069710336
1220058658593222656
1220058592239390720
1220058551634350080
1220058549209964547
1220072130995531776
1220071836953825280
1220071529259655169
1220069523694350337
1220068443719757824
1220068386543108097
1220067433144291330
1220067276319182848
1220066327005745152
1220065859642761218
1220064612998975488
1220063979151728643
1220062725432315904
1220062180046819328
1220062078704091136
1220061779126079490
1220060763957547008
1220060275946049536
1220058589336870913
1220073639179116544
1220073632749084672
1220073632736542720
1220073623131762688
1220073614940286986
1220073611916185601
1220073579733307393
1220073576344231937
1220073568349741056
1220073561097932802
1220073559172833280
1220073555280482305
1220073554357772288
1220073545990131713
1220073544002023427
1220073534405447684
1220073477224333313
1220073429350658049
1220073422413271040
1220073416411303936
1220073407028400128
1220073405468286976
1220073397406683136
1220073355103100930
1220073351600734208
1220073346684997632
1220073331560472583
1220073328238628865
1220073327718543367
1220073323389911041
1220073310005923840
1220073307581476864
1220073289105543168
1220073284764622848
1220073276963160066
1220073271133179906
1220073269136523264
1220073265609302017
1220073264950710272
1220073255383568385
1220073198097551360
1220073197451796480
1220073195002322944
1220073192334733318
1220073167802322944
1220073154174947328
1220073142216949761
1220073137674575883
1220073134608379904
1220073119928348672
1220073108956049408
1220073099854520323
1220073072872607744
1220073072201322496
1220073071240855552
1220073067927556103
1220073052974669826
1220073047815835648
1220073041457229825
1220073039867666433
1220073017973395456
1220073016819736576
1220073004874420224
1220072975912898563
1220072967654334467
1220072963086540800
1220072956920942592
1220072951434940416
1220072944824737793
1220072942660456450
1220072938335961088
1220072926428499970
1220072916022366209
1220072910913712131
1220072907973582851
1220072903519064064
1220072886007934977
1220072875740356608
1220072861899030529
1220072843334971392
1220072841862881281
1220072839526699015
1220072818068676608
1220072812540383232
1220072798103711745
1220072795968811009
1220072793611612162
1220072787898925057
1220072765375553543
1220072756504494080
1220072746069053440
1220072741677805571
1220072735935750148
1220072715928907776
1220072694475042819
1220072691945873409
1220072658814914561
1220072649537097728
1220072645481250816
1220072645292646401
1220072634647556098
1220072625323433984
1220072625059221504
1220072616213434368
1220072612900020224
1220072606268870658
1220072593937575943
1220072589474893824
1220072581769744384
1220072578829692930
1220072572345171968
1220072570952847366
1220072558474625024
1220072547808686088
1220072545694756864
1220072543530442759
1220072537612263424
1220072532671389697
1220072531018817536
1220072526451302402
1220072516326240256
1220072477264617474
1220072477021392898
1220072475385651201
1220072465726156801
1220072450974720000
1220072441894113280
1220072431324450816
1220072430443560960
1220072423665688577
1220072392950734850
1220072390220308487
1220072386130780160
1220072382767009799
1220072343286046720
1220072339456643078
1220072339058151424
1220072338944905222
1220072334746357769
1220072333659926528
1220072330690473986
1220072306271125505
1220072306078289921
1220072299342258177
1220072296636985346
1220072296163004419
1220072290257440782
1220072285769433088
1220072283877847045
1220072280664899584
1220072277175345152
1220072273991868418
1220072256958869505
1220072256900124672
1220072254874300416
1220072251694993408
1220072243511943175
1220072243318812672
1220072233504141312
1220072232828964867
1220072231289741313
1220072220141203456
1220072215565258758
1220072208602558464
1220072192802611200
1220072188260151296
1220072188084092928
1220072186188304384
1220072176717647874
1220072175987761156
1220072174599303168
1220072159965519872
1220072152487145472
1220072146963070977
1220072133608509445
1220072133331767296
1220072121172279296
1220072119918186497
1220072118374805504
1220072116630048769
1220072115149340672
1220072106265726977
1220072102855946245
1220072092638556161
1220072090453319681
1220072066054938624
1220072060808024064
1220072049973972992
1220072045834395649
1220072042915078144
1220072041057083393
1220072040767590400
1220072034929004544
1220072024757784581
1220072024107880448
1220072021918408707
1220072002071023619
1220071999189315584
1220071993980014592
1220071990314307586
1220071983519498241
1220071975965675520
1220071975588192257
1220071972828258305
1220071968927625219
1220071946932703237
1220071939688919041
1220071939009667072
1220071931644448773
1220071930868441089
1220071924518309890
1220071907023822855
1220071906914832385
1220071892582748160
1220071889193668608
1220071888346603527
1220071884328488960
1220071882252341248
1220071872982851584
1220071868675182592
1220071862975090688
1220071843165622277
1220071837025153024
1220071833262792705
1220071829663973377
1220071818616242178
1220071815202115585
1220071811200602112
1220071802329657344
1220071795904204801
1220071790174769152
1220071786773020672
1220071785053343744
1220071784353075200
1220071776979427328
1220071773917478912
1220071760617508866
1220071743001329665
1220071731689328640
1220071729407512576
1220071726517837824
1220071725028626432
1220071719152603140
1220071716342419457
1220071713188302850
1220071711346810886
1220071709455343621
1220071703939878912
1220071699548237824
1220071684482510855
1220071677213782017
1220071676009992195
1220071664702107648
1220071663968178176
1220071658817576963
1220071657756213248
1220071642665291777
1220071636226990081
1220071634649919489
1220071620103917568
1220071619525324802
1220071619437170688
1220071613074460672
1220071598968803328
1220071593264721920
1220071592790831105
1220071591708712962
1220071590106411008
1220071571328421889
1220071569134931969
1220071568908464128
1220071565020291074
1220071563334234112
1220071563267117056
1220071561966825473
1220071558376566784
1220071558124687360
1220071556526891009
1220071555847335947
1220071554144514052
1220071552940756992
1220071536968626176
1220071534771023872
1220071527636459520
1220071526772305921
1220071520787206144
1220071510087520261
1220071508208504832
1220071502281957376
1220071501275201544
1220071491271831554
1220071482530902016
1220071472791556096
1220071472422707210
1220071458120007680
1220071451044335618
1220071448028557316
1220071434468368385
1220071431826034688
1220071431255535617
1220071422275379200
1220071419553468422
1220071419037585412
1220071418249056256
1220071416323878918
1220071398095433730
1220071393360076800
1220071392692981760
1220071388142284801
1220071381850820608
1220071374309462016
1220071371960655872
1220071354965340160
1220071346631270401
1220071327597387778
1220071324405514240
1220071224879067136
1220071215991119872
1220071214942760961
1220071180411031553
1220071157354942465
1220071149729734656
1220071082167885826
1220071069383565314
1220070985698770945
1220070905885478919
1220070894321774593
1220070795336126464
1220070739644157953
1220070685311229953
1220070645603667970
1220070635621076993
1220070624015650817
1220070612443500551
1220070577551089671
1220070541282856960
1220070527190040576
1220070513504063488
1220070446290423808
1220070328468008960
1220070178156875781
1220070119721840648
1220070094996307969
1220070089006796800
1220070083650822145
1220069908089753600
1220069878209699840
1220069873700618241
1220069841685504000
1220069830948245506
1220069829228494856
1220069821729198080
1220069795258912771
1220069723255267329
1220069622298353668
1220069620075442176
1220069572172120064
1220069509069004801
1220069497094180864
1220069453494464512
1220069394392416257
1220069360170983424
1220069216801427457
1220069208941375489
1220069206995210240
1220069169527508992
1220069091282767872
1220069087172149248
1220069059926142976
1220069059439448065
1220069043920568321
1220068937406259201
1220068885115764736
1220068839523618816
1220068830640246786
1220068819688968194
1220068799925321728
1220068783450136582
1220068754857582592
1220068710129577986
1220068666282131456
1220068648955432960
1220068623957389312
1220068588482125825
1220068567388786688
1220068548619444225
1220068543221207040
1220068533507411970
1220068514905485313
1220068477936922624
1220068437642436608
1220068402640965636
1220068366813028352
1220068322823364608
1220068320872976384
1220068275075203077
1220068272726515712
1220068260206579713
1220068119391195136
1220068065876094977
1220067995428556802
1220067967276285954
1220067895612530689
1220067861160513544
1220067827530502150
1220067818466697221
1220067809276964866
1220067785675608065
1220067753597591553
1220067735146835968
1220067723906093057
1220067610101981186
1220067574597197826
1220067510839578628
1220067493806473216
1220067455214723072
1220067442782822401
1220067390177849349
1220067371794059269
1220067315972300800
1220067292727386117
1220067285555204096
1220067240931778560
1220067095184138240
1220066988162211843
1220066948161196032
1220066890103644161
1220066841558757376
1220066827855855618
1220066795341647872
1220066718615130112
1220066696385515520
1220066615267602432
1220066554840322049
1220066536863363072
1220066525085872129
1220066440092487681
1220066428235042816
1220066426305728512
1220066422677757952
1220066375613452288
1220066366109163521
1220066358710411270
1220066342008696837
1220066331363434497
1220066184017694724
1220066182377693184
1220066163385884672
1220066140178866176
1220066087347220480
1220066086445637633
1220066042166366210
1220065983563550721
1220065952177381377
1220065950264938497
1220065936633364480
1220065933223514117
1220065915317968898
1220065870799499264
1220065865493774342
1220065841523363844
1220065807251595264
1220065790768156674
1220065750821605378
1220065735927652355
1220065705447579648
1220065693208588289
1220065691065290753
1220065636996603907
1220065616259772417
1220065583506608129
1220065538212151296
1220065485846278144
1220065465449345024
1220065421321211904
1220065420897550336
1220065412580286467
1220065403843510274
1220065330585853954
1220065330569129986
1220065324810280966
1220065314089701377
1220065292941791232
1220065276940582913
1220065226600501248
1220065092320055296
1220065075366694919
1220065069700210688
1220065053866635265
1220064987403706368
1220064971758940161
1220064968558759941
1220064898178342912
1220064896110473216
1220064734470381569
1220064686814715904
1220064679889899521
1220064660076027906
1220064632938934273
1220064613959655425
1220064575187496962
1220064575145566210
1220064539544367104
1220064468715102209
1220064460280340481
1220064452957130755
1220064416630071297
1220064406375141385
1220064389149143040
1220064336623931392
1220064262833311745
1220064247763390469
1220064206340476929
1220064201353367557
1220064144344408069
1220064098487898112
1220064094423863296
1220064079802441728
1220064071539724288
1220064042599047169
1220064037410570242
1220064023728668672
1220063970972897283
1220063969039257600
1220063715879538691
1220063625093795850
1220063608354136064
1220063599995117568
1220063570257502216
1220063561726091264
1220063546089836547
1220063536690483206
1220063442775826432
1220063420608909315
1220063397993119745
1220063384839901185
1220063381773783041
1220063343156891648
1220063331504934912
1220063086025019394
1220063068388052992
1220063022166814723
1220063011630542848
1220063000758906880
1220062930919743488
1220062921696464896
1220062876808794112
1220062873290006528
1220062779866075136
1220062737507606528
1220062715365994497
1220062679798251521
1220062640359251969
1220062579524943872
1220062516107268098
1220062512193974278
1220062490479992838
1220062476919664640
1220062476173303808
1220062474344419328
1220062452638982147
1220062438172823553
1220062437329731584
1220062424285487109
1220062405587349506
1220062391062409216
1220062387149189125
1220062365363986432
1220062311118987264
1220062305121116161
1220062292060049409
1220062287744159746
1220062277442752512
1220062256140029954
1220062179875049472
1220062121322516480
1220062115886780416
1220062098224549888
1220062085239001089
1220062077567557632
1220062028347445250
1220061988149133312
1220061972051431425
1220061928158044168
1220061901607981057
1220061852270571520
1220061801905377282
1220061797140455424
1220061746918019072
1220061741826166785
1220061703506931714
1220061680203255808
1220061676202053632
1220061666257313795
1220061645486972928
1220061637714960384
1220061562037080064
1220061527698481152
1220061505300979713
1220061503417659392
1220061479346589696
1220061459268415488
1220061452838502400
1220061439425073154
1220061438699438080
1220061431065980928
1220061387239628802
1220061386354544640
1220061384668352512
1220061374530883584
1220061340909240320
1220061317270327304
1220061282910515201
1220061268712787970
1220061252140990464
1220061244507377664
1220061218200784897
1220061211569508352
1220061211385049089
1220061198965714945
1220061153612697601
1220061144112664576
1220061136483168256
1220061122239197184
1220061115998179328
1220061095303364608
1220061074575306759
1220061073547522048
1220061016664367104
1220061011304017921
1220060988545781760
1220060968299966464
1220060904659673088
1220060897680547843
1220060881217900546
1220060864360976390
1220060805884006400
1220060781493903360
1220060760933425152
1220060745309835264
1220060741597847552
1220060716406689792
1220060701152227329
1220060681220886528
1220060607161999360
1220060421807312896
1220060369483378688
1220060350810165248
1220060250566320128
1220060246791671809
1220060192634785794
1220060166286127104
1220060142777094144
1220060134187175938
1220060062980493312
1220060025537867776
1220059921435308032
1220059911113138178
1220059896399327232
1220059890867220480
1220059817701781504
1220059806670761986
1220059790388420608
1220059788316303360
1220059771018964992
1220059767625912320
1220059742556643329
1220059659781804032
1220059658490126337
1220059658460766208
1220059651032612865
1220059598444384258
1220059549455069191
1220059536284766208
1220059409050505216
1220059391891734531
1220059384287571975
1220059375269744640
1220059368512720898
1220059363504721922
1220059329648349191
1220059281057185792
1220059245472669697
1220059239634202624
1220059109363347456
1220059091441266691
1220059082536734725
1220058955549958145
1220058925820674050
1220058906510184454
1220058874251747333
1220058839481049088
1220058804873826309
1220058746715541504
1220058733897609217
1220058701555535877
1220058686128824320
1220058664901451777
1220058629505765376
1220058620261478400
1220058612833275904
