1219958573221855233
1219958459552223235
1219967940306579456
1219967890495066118
1219967883498967040
1219967880189693953
1219967858622337024
1219967845137694720
1219967804323041280
1219967770995187715
1219967686190534656
1219967655320285184
1219967628850212864
1219967613138362369
1219967602597908481
1219967575746142208
1219967570092097538
1219967546125770758
1219967513578090497
1219967382527127552
1219967376009170945
1219967351292071938
1219967348410671104
1219967344081920000
1219967292429230080
1219967249924206592
1219967247667617793
1219967239136464898
1219967232765317122
1219967217267179520
1219967189555523586
1219967154776354816
1219967113852411905
1219967107758092289
1219967090523721728
1219967022353784834
1219966955219836928
1219966924328767489
1219966854208163841
1219966841138769923
1219966794917650432
1219966779138740225
1219966730904186881
1219966713309138945
1219966651929513989
1219966650499379201
1219966573768781825
1219966544308002816
1219966533675302913
1219966532803055617
1219966525810937857
1219966391270486017
1219966321867284481
1219966294214266880
1219966278502244353
1219966246910738432
1219966169312047104
1219966097694179328
1219966079625240576
1219966057038913548
1219966044359577601
1219966042383892480
1219966040182050817
1219966031927697408
1219966003473289217
1219965979054280704
1219965970535657472
1219965949811609602
1219965941834047488
1219965920837296131
1219965907381911556
1219965900465606656
1219965891804266498
1219965879263416323
1219965862469414912
1219965790272868353
1219965775529689088
1219965745255342082
1219965739043565569
1219965739014090752
1219965726259208192
1219965709129863168
1219965685360668672
1219965676783390722
1219965660832370688
1219965655371395073
1219965645342662659
1219965631878987777
1219965619140952064
1219965616662052866
1219965595275448320
1219965593639514112
1219965565848227840
1219965548408332292
1219965504577855488
1219965457614168064
1219965419534147587
1219965392120094720
1219965392044597248
1219965371781746688
1219965368527093760
1219965367549747200
1219965312075845632
1219965266332934144
1219965261115092993
1219965258296635395
1219965214252126209
1219965186301480961
1219965182639779840
1219965178097348608
1219965174410633218
1219965164801417216
1219965132664643584
1219965079967240193
1219965021054173191
1219965017904373760
1219965017669427201
1219965016750874625
1219965001349451776
1219964931317141504
1219964872823312385
1219964831538675712
1219964823808696320
1219964780879982595
1219964776698257408
1219964759740764160
1219964759338049536
1219964750898982912
1219964744913866752
1219964744544718848
1219964691331588102
1219964661757435909
1219964632787574784
1219964607009153024
1219964586083999744
1219964558938267648
1219964509281976320
1219964478634127360
1219964462960140293
1219964459772452865
1219964401031114754
1219964370932969472
1219964361147604994
1219964340977176578
1219964288749711367
1219964250048942082
1219964126753103872
1219964063461056513
1219964053654667264
1219964032662327297
1219964022063280128
1219964014828105728
1219964013515243520
1219964011715809280
1219963988685008896
1219963985002364929
1219963944539959297
1219963897890787328
1219963865842225154
1219963854052044800
1219963719565754369
1219963652427714560
1219963645754531842
1219963606902755328
1219963561591693314
1219963543770083328
1219963527374557184
1219963527022153728
1219963487822151681
1219963453676363776
1219963441332486144
1219963357861765120
1219963260935512065
1219963257743646720
1219963230933659648
1219963186495021056
1219963178794139648
1219963118929031169
1219963090655227904
1219963047856558080
1219963043188133890
1219962995645829120
1219962973701181440
1219962967116124160
1219962944903139328
1219962941375598593
1219962939911888903
1219962928469856256
1219962926779510784
1219962885352370176
1219962874744885249
1219962857619623936
1219962856327778304
1219962776648667137
1219962724857401344
1219962693823561730
1219962689654386688
1219962688983457792
1219962687498534912
1219962623002845185
1219962590341844992
1219962584410902529
1219962545873747970
1219962497958137856
1219962492908011520
1219962476814422017
1219962473026949120
1219962403456266240
1219962394358829056
1219962393557655552
1219962358275043328
1219962323093348354
1219962298812588032
1219962269305647105
1219962207385145344
1219962188535865345
1219962186082086912
1219962173071343617
1219962152095752194
1219962149868535809
1219962138602737664
1219962129505124352
1219962116700024832
1219962109108346880
1219962101537615872
1219962085477470215
1219962079156887554
1219962074945740801
1219962061695918081
1219961970402713600
1219961945538863104
1219961933983637505
1219961927998361601
1219961871484248064
1219961834037567488
1219961793210130432
1219961791133835265
1219961781914873856
1219961768870416384
1219961754832248832
1219961743859834880
1219961693612232706
1219961684636336129
1219961663002234882
1219961625349967872
1219961614025146368
1219961581183827968
1219961577996193792
1219961577044172800
1219961569762848769
1219961520530108416
1219961514003771392
1219961465643458560
1219961430193119232
1219961395938299907
1219961346168688640
1219961341911404545
1219961329764782080
1219961324400259074
1219961323804680193
1219961308012900352
1219961299557240832
1219961289415544835
1219961210021519361
1219961192132816896
1219961183261937665
1219961139796303874
1219961117037842432
1219961111103098885
1219961040957472768
1219961039741042688
1219960996267081738
1219960974414766082
1219960875144089600
1219960872333991939
1219960870329036801
1219960848409513995
1219960821104570368
1219960814695788544
1219960782269689857
1219960773562290177
1219960750380404737
1219960733137612802
1219960629689122817
1219960567273684992
1219960566418157568
1219960537326354432
1219960534818312192
1219960527679442944
1219960520377171969
1219960514152992769
1219960491268812803
1219960481475108864
1219960475615711232
1219960467009036294
1219960461527080960
1219960453134192640
1219960448029732867
1219960441654403072
1219960424831049728
1219960407206649856
1219960399614955521
1219960306891399170
1219960288465866752
1219960288239288320
1219960251572805632
1219960242030751744
1219960230085136384
1219960215338090496
1219960211546562560
1219960197726310400
1219960148304723970
1219960141732352000
1219960067161821186
1219960003236433921
1219959998417199104
1219959996039028736
1219959901885255682
1219959837133615111
1219959830561140736
1219959819664338944
1219959742908502016
1219959736608514049
1219959679968858113
1219959670137180162
1219959668866473986
1219959623714820098
1219959613820370944
1219959613224824835
1219959552004775936
1219959537467383809
1219959432551026691
1219959426414759936
1219959418885898245
1219959412581961728
1219959315257286657
1219959306881204226
1219959302607245317
1219959298274529291
1219959161712148480
1219959157945704449
1219959066455207936
1219959043751645186
1219959028740050945
1219959025187672070
1219959002404212737
1219958967981559813
1219958965913694211
1219958924725641221
1219958908204257281
1219958840470441986
1219958771935580162
1219958767850311680
1219958736355123208
1219958729203908609
1219958706152058880
1219958695112540160
1219958670878003200
1219958637659131905
1219958600115937280
1219958501918806017
1219958451671126017
1219958440749084672
1219958387208794113
1219958380577554432
1219958358083547137
1219958354304434176
1219958278102405120
1219958277909426176
1219958206568566784
1219958198804807680
1219958175325093888
1219958092634279936
1219958032332808194
1219958015182303233
1219957985184829441
1219957963802083329
1219957951529656323
1219957942641995776
1219957930298150913
1219957921406210048
1219957817026715648
1219957784143441921
1219957731593015296
1219957730175266816
1219957679784894465
1219957646310113281
1219957640312344576
1219957611950497798
1219957572347678722
1219957562109497347
1219957534892539904
1219957516915920898
1219957499387949057
1219957470694559745
1219957458728366080
1219957446099251207
1219957446086557696
1219957408362979328
1219957391833403392
1219957373906964480
1219957372799668226
1219957364322897920
1219957358283149312
1219957347642200065
1219957342298693632
1219957335780724736
1219957330302902272
1219957307926290434
1219957305883496449
1219957270156435456
1219957269632311298
1219957261767868416
1219957226883964931
1219957221401997312
1219957204498862080
1219957167878524930
1219957167819804674
1219957162144718848
1219957146059563008
1219957145501937665
1219957140472979457
1219957134198104065
1219957132612661248
1219957096172728322
1219957061305405446
1219957051734011904
1219957010571169792
1219956983484252160
1219956950944952320
1219956931575668737
1219956929440763906
1219956849426026496
1219956825124233216
1219956814365839361
1219956805780066304
1219956748397748225
1219956744236855301
1219956656366346240
1219956588380872704
1219956529551396864
1219956502473121792
1219956462375579653
1219956428942635008
1219956424760971265
1219956399494565888
1219956353688637440
1219956338681315328
1219956251624382465
1219956237632036865
1219956206111993856
1219956193692614657
1219956192153407488
1219956175745118208
1219956148025143296
1219956061207068672
1219956053854437376
1219956049228201986
1219955993993367554
1219955874992513025
1219955816192794631
1219955785419186176
1219955745099276288
1219955628124332033
1219955609761652738
1219955534788530176
1219955458687021062
1219955423551377408
1219955395718000640
1219955353518915584
1219955345726091264
1219955300125507587
1219955271663079424
1219955267229618176
1219955210963103744
1219955132923809792
1219955130507911168
1219955129694277635
1219955112354963458
1219955069811974144
1219955059863310339
1219955023020548096
1219954996705251329
1219954984785207297
1219954971388600320
1219954959258652673
1219954924261400577
1219954904388841472
1219954867755720705
1219954842157879297
1219954786734432261
1219954783814967297
1219954757864914944
1219954742996193285
1219954725157789696
1219954676105269248
1219954660447907840
1219954657440587778
1219954645310877697
1219954627866656768
1219954606379278337
1219954590940106752
1219954575786086401
1219954564499197952
1219954560841781250
1219954560585936896
1219954559726034944
1219954556118929409
1219954505741230081
1219954497394528257
1219954476121055232
1219954399750967298
1219954353924136961
1219954343379599365
1219954287004000263
1219954269903884288
1219954255450251264
1219954181198483456
1219954111401091073
1219954111124254721
1219954031503691776
1219954014214815744
1219953954617868288
1219953937178144769
1219953719455907840
1219953674128101376
1219953658047221760
1219953547405680640
1219953516460068864
1219953466367528960
1219953414521663498
1219953367503556608
1219953283743264769
1219953254349471744
1219953250369183744
1219953219306172417
1219953171767930881
1219953149257101312
1219952976686657537
1219952915835686912
1219952865629888512
1219967939928977408
1219967876553035776
1219967865782059008
1219967787596038145
1219967769417879554
1219967722701803522
1219967702023856128
1219967340223352839
1219967315464187904
1219967244475731968
1219967196560084993
1219967169288720385
1219967110748594183
1219966967420817409
1219966953927786497
1219966914673295360
1219966897791193088
1219966865461506050
1219966844473208833
1219966773107101699
1219966732271521795
1219966731210366977
1219966723316703233
1219966709211303937
1219966707483082753
1219966607872679937
1219966437139181569
1219966363801989120
1219966282310643713
1219966252715823105
1219966181936812032
1219966143571513344
1219966094401605632
1219966041830199297
1219965903296614400
1219965841225273344
1219965765312344064
1219965497682407425
1219965446998200320
1219965251958894592
1219965183784701953
1219965100066402305
1219965024673755142
1219964886253355009
1219964838669012992
1219964810130944000
1219964807618547712
1219964795040010240
1219964762068377600
1219964698763747329
1219964613430661120
1219964590714507264
1219964523127246848
1219964484933963776
1219964323470041088
1219964193434005504
1219964090514173952
1219964062290694149
1219964011678064640
1219963744777723904
1219963645917978624
1219963559003582465
1219963523322638336
1219963463960674305
1219963444176121857
1219963440921501696
1219963425435971586
1219963358092374016
1219963331580059648
1219963260524384261
1219963253201129479
1219963214588514304
1219963159227904006
1219963148570021888
1219963082484535297
1219963072032305154
1219963049244647424
1219962789655003136
1219962776182915072
1219962770520543232
1219962556862742528
1219962488826945536
1219962474448842753
1219962473119268867
1219962330479390721
1219962240033361921
1219962239668695041
1219962170961620995
1219962132567031808
1219962095652892672
1219962004032540679
1219961883307888641
1219961851225636864
1219961806661111810
1219961800269213697
1219961767725453312
1219961761400360960
1219961693096169472
1219961639128068097
1219961620450824198
1219961591124258816
1219961528918503424
1219961492180627461
1219961443111407616
1219961403806642176
1219961162940456960
1219961117922840576
1219960939513929728
1219960868005273606
1219960779845271558
1219960705023008771
1219960684873519105
1219960540857978882
1219960337178349568
1219960244618649600
1219960214067109888
1219960150229954561
1219960098740678656
1219960015743619080
1219959969400799232
1219959783547031552
1219959684368683008
1219959630677200897
1219959620149616640
1219959602101440512
1219959467053342720
1219959374161989632
1219959373339906048
1219959304502968320
1219959151717167105
1219959069408034817
1219958978014339073
1219958915372216320
1219958849907482624
1219958839690219523
1219958770551283712
1219958647695925254
1219958521799725057
1219958471623241728
1219958365268238336
1219958271424909312
1219958249769713664
1219958153846063104
1219958124590714881
1219958014276296709
1219958013999505408
1219957961180749824
1219957943333818370
1219957845522673664
1219957828800016385
1219957788199120896
1219957747745079297
1219957694729261056
1219957650076553216
1219957632720486400
1219957601489653760
1219957569298370560
1219957440030167041
1219957429712015360
1219957194596081664
1219957152728543232
1219957012932546560
1219956643963621376
1219956537491255296
1219956473549049861
1219956379659563008
1219956158028382209
1219956145403629569
1219956094887313408
1219955734378577920
1219955575007535105
1219955561044668416
1219955543118245889
1219955528438206464
1219955519248465920
1219955298091393024
1219955297470406657
1219955292512776193
1219955235507994625
1219955092796755968
1219954993605668869
1219954966392999936
1219954956838604801
1219954792534904832
1219954770754056193
1219954737795043330
1219954698511249414
1219954668983341057
1219954649433722880
1219954635500220416
1219954498040410113
1219954386815737856
1219954369816215555
1219954366062325766
1219954339575259137
1219954275649904643
1219954268515356672
1219954265768284161
1219954255416586241
1219954199913385985
1219954175049641984
1219954163775180800
1219954092383977476
1219953991229952000
1219953958992535553
1219953951228870656
1219953846891368448
1219953790587002880
1219953765358264321
1219953748769796097
1219953739055927297
1219953722165317632
1219953635984990208
1219953599918166016
1219953561217519616
1219953536860950528
1219953535183286272
1219953516405391361
1219953494192340996
1219953362486976512
1219953231272349696
1219953190499573760
1219953123608842240
1219953076443869185
1219953062288265217
1219953030855966720
1219953003903324160
1219952919073755136
1219952869257793540
1219967875173122049
1219967855317307395
1219967806734655489
1219967697624027136
1219967614547648514
1219967567961264128
1219967553503727617
1219967538328719367
1219967534377656320
1219967529302417408
1219967505420161024
1219967501787914241
1219967468791386112
1219967406317027329
1219967377263099906
1219967370250330113
1219967329167011840
1219967277057134595
1219967253891952643
1219967235084574723
1219967183154888704
1219967146115112960
1219967131955146752
1219967107884093441
1219967082311405568
1219967027718193154
1219966916166594560
1219966872155607045
1219966710855487488
1219966709584580608
1219966651774332931
1219966630878302208
1219966485214289921
1219966388078465024
1219966381275435009
1219966366914097152
1219966318654312448
1219966301801676800
1219966284223270912
1219966268171857921
1219966129814286336
1219965936897163264
1219965903736991744
1219965876142653441
1219965709200965633
1219965508046458880
1219965494985416705
1219965448478842891
1219965414962167815
1219965358636965888
1219965320900857859
1219965316215660546
1219965304849227782
1219965272657813505
1219965270376222722
1219965254056079361
1219965219172163584
1219965159826837505
1219965114222182400
1219965087181443073
1219965027592986624
1219964961637593089
1219964703004184576
1219964668095143936
1219964655365447680
1219964635622723584
1219964611866218499
1219964553837985792
1219964439882940417
1219964369632710656
1219964160898826240
1219964070557900800
1219964051796586496
1219964002714996736
1219963804668301314
1219963756194566144
1219963743301488646
1219963705615470592
1219963626695614465
1219963383237181441
1219963258292932608
1219963037907673090
1219963010313342977
1219962980143697922
1219962892503654401
1219962874048716801
1219962855858036737
1219962829471612928
1219962823565950976
1219962806373621760
1219962795015446528
1219962757702803456
1219962707752804358
1219962697787142144
1219962689801162758
1219962672860598277
1219962578534748160
1219962569558917120
1219962535194923008
1219962322896076800
1219962287584231427
1219962110316294144
1219961957345718272
1219961886340304897
1219961878321029120
1219961851015880710
1219961775984201728
1219961740366176256
1219961708434751488
1219961593187962881
1219961567850008576
1219961493787004930
1219961481762000897
1219961290468122627
1219961250794348544
1219961249552666627
1219961200873627648
1219961188613672962
1219961157500522498
1219961142920929280
1219961126751850496
1219961125971820550
1219961112348655617
1219961096187985920
1219961061463379969
1219961017029005312
1219960991124987904
1219960988406935557
1219960976008798211
1219960963132284928
1219960899882160128
1219960849026158592
1219960808563716096
1219960732026122241
1219960707971723264
1219960676237492228
1219960657824636930
1219960552560087040
1219960548663496705
1219960520435884037
1219960518770855936
1219960432955482113
1219960360712724481
1219960352139382784
1219960325757210626
1219960323098234881
1219960290252476418
1219960203904335872
1219960196669362176
1219960137684832256
1219960078939410433
1219960028934725634
1219960006554144768
1219959933287960576
1219959870583189504
1219959803633553409
1219959709492568065
1219959677695545345
1219959657042784257
1219959601535377408
1219959587559751680
1219959556828094467
1219959539266551808
1219959488540635136
1219959471482527745
1219959450938880000
1219959438506971136
1219959436778909698
1219959400556830722
1219959377244737537
1219959333607395329
1219959333535936512
1219959290271797248
1219959213243256832
1219959212341522432
1219959124886056965
1219959087460421632
1219958996523610113
1219958943234981889
1219958924796805121
1219958917373009920
1219958893108809728
1219958872632283137
1219958852545724416
1219958823030489089
1219958655354900480
1219958600963104768
1219958577902866438
1219958526510014465
1219958508474568705
1219958406577967104
1219958318413811712
1219958273849221120
1219958246292803584
1219958202378412039
1219958181893308416
1219958178047070208
1219958175031418880
1219958097684443137
1219958074238128128
1219958060438806528
1219958035080081408
1219957997528657920
1219957920965640192
1219957883816894466
1219957883204321281
1219957756536377349
1219957734705111040
1219957659400429568
1219957623484768257
1219957588042715137
1219957550193545217
1219957521558966272
1219957516433489926
1219957370387755008
1219957311097098251
1219957302675021826
1219957288745783300
1219957266310320129
1219957204998148096
1219957176762085377
1219957175336030208
1219957142284881920
1219957100769660933
1219957082797023236
1219957051930972161
1219957043487920128
1219957035640348673
1219957030636515329
1219957022839463938
1219956992707457025
1219956948226973696
1219956946104725505
1219956941448859648
1219956929746763776
1219956928442290176
1219956875979980804
1219956835920359424
1219956812600041472
1219956790168780800
1219956776826736640
1219956712372932610
1219956691858530304
1219956616985858049
1219956561604423681
1219956520315736065
1219956396046729216
1219956389625454593
1219956348642824192
1219956306913779714
1219956204149100544
1219956181424164864
1219956175854358528
1219956171127177217
1219956134510858240
1219956116488097795
1219956094820175872
1219955954768404480
1219955951794556929
1219955906131066882
1219955830432419840
1219955589704380416
1219955577100439552
1219955569387327489
1219955540551290881
1219955511103250433
1219955471462723584
1219955463007035392
1219955435219890176
1219955337152933890
1219955327258460164
1219955325542862848
1219955264419434497
1219955190100647936
1219955173025554432
1219955171985383425
1219955097049845760
1219955091769307137
1219955041412485120
1219955030213554177
1219955028959645699
1219955025104928768
1219954917277749248
1219954866191306753
1219954866187010048
1219954797320843264
1219954730249572354
1219954707302699008
1219954707289870338
1219954598020030464
1219954490993971200
1219954483234471936
1219954463768637441
1219954453777797121
1219954446035230721
1219954270470115328
1219954263842910209
1219954103972794368
1219954051330297856
1219953841464102913
1219953816306704385
1219953761961095168
1219953754298032129
1219953633007218689
1219953584881786881
1219953580817301505
1219953333613539333
1219953316446138368
1219953100137684993
1219953096131891201
1219953081670086656
1219952872479240192
