1219862223474122753
1219862218906324993
1219862035510562816
1219861877515153408
1219861749354004480
1219861557133434881
1219861443484553216
1219861408453664768
1219861356335124480
1219861245945372673
1219861184071045120
1219861175577370625
1219861089976049665
1219861019922784256
1219860973554749445
1219860955741532166
1219860835926970368
1219860833301221378
1219860777215168512
1219860741928427521
1219860697766481920
1219860664321069057
1219860609686278144
1219860570381389825
1219860516362952704
1219860417520001024
1219860400348418048
1219860397630672896
1219860379586551808
1219860366110445569
1219860251031285761
1219860059800338432
1219859934780612610
1219859932037570560
1219859879889981441
1219859824789217280
1219859809895243776
1219859798126137344
1219859786839269377
1219859765993660422
1219859685886648320
1219859606698188801
1219859593200726016
1219859556416671744
1219859542617534469
1219859530089025536
1219859441589219333
1219859290493784064
1219859223581995009
1219859220255756288
1219859114970492929
1219859019407527936
1219859012113485825
1219858975350345728
1219858876394287106
1219858872153858048
1219858799055400960
1219858740989644802
1219858717342158848
1219858519903670272
1219858517680689152
1219858382758141952
1219858278164901888
1219858245331800065
1219858201069273089
1219858185227468800
1219858181725327361
1219858076699742208
1219858065152806913
1219858026242416640
1219858025164525568
1219858020366077952
1219858019678162944
1219857894327209984
1219857745777610752
1219857641029005313
1219857595793428480
1219857589464436737
1219857561299619840
1219857423881719808
1219857010696630272
1219856906270990336
1219856903477645312
1219856816114487296
1219856717074325505
1219856632118562816
1219856604280934400
1219856482730237953
1219856481073295360
1219856457811652608
1219856371623112705
1219856368687091713
1219856318779088897
1219856301863440385
1219856200629735425
1219856157608566784
1219855971809464320
1219855944906993664
1219855829483974656
1219855778259046400
1219855618908966914
1219855433508065281
1219855378869096448
1219855319658061824
1219855308215988224
1219855258412814337
1219855244244353024
1219855124262076416
1219855107942166530
1219855057077669888
1219855043769196544
1219855015550038016
1219854960910725120
1219854934902038528
1219854835052400640
1219854739069972480
1219854575039078400
1219854540738125830
1219854439416131585
1219854420596285440
1219854157768798208
1219854155264581632
1219853932148613120
1219853914339717120
1219853723696074753
1219853653093187586
1219853652006846464
1219853478757052417
1219853447127691264
1219853368480321536
1219853355352113153
1219853347768791042
1219853127110627328
1219852982906281984
1219852809970995201
1219852736541478913
1219852649878581248
1219852624687702016
1219852602763952129
1219852518009819138
1219852421276499969
1219852382005186560
1219852219484463104
1219852213159247872
1219852034381316097
1219851989795921921
1219851928261349376
1219851884166438912
1219851867208978432
1219851850071052290
1219851847877431296
1219851802868355075
1219851592234500096
1219851581006336000
1219851527562629120
1219851324583485451
1219851151962726400
1219851142785458176
1219851039915950080
1219851007859077121
1219850930327293953
1219850760092930048
1219850574629363712
1219850558665682944
1219850485101760512
1219850448712105985
1219850204016521221
1219850183376195590
1219850177277759488
1219850174547333120
1219850088102711296
1219849975015800832
1219849940123426817
1219849872104394752
1219849711919751168
1219849681846534144
1219849679728447489
1219849403722158081
1219849252148477952
1219849198796849152
1219849175950594049
1219849121605062656
1219848970995822594
1219848773230161920
1219848772265631745
1219848738883231744
1219848726283456512
1219848604417835011
1219848588307718144
1219848498658578433
1219848450579169282
1219848445650825217
1219848385634734080
1219848315115835392
1219848239421083648
1219848239286976512
1219848207221579776
1219848068901875712
1219847936315543552
1219847888492212229
1219847867470438400
1219847763929812992
1219847700360744960
1219847696418250752
1219847489106268160
1219847457984610304
1219847240036077569
1219847155764076544
1219861669859299328
1219861320163418112
1219860912166719488
1219860739336200192
1219860457344946176
1219860452563247104
1219860319452839936
1219859832804663297
1219859722439778309
1219859452959969281
1219859265407467521
1219859251532718080
1219859233891467264
1219859160457601024
1219859026516664320
1219858268400410624
1219858006495490048
1219856970372567040
1219856780441858048
1219856694022291458
1219856245903044608
1219855513380196352
1219854809836081152
1219854646765850625
1219854636414189568
1219854348462653440
1219854029406138369
1219853628757790720
1219852428775960577
1219851409866153984
1219851368149680128
1219850228355854337
1219849437771485185
1219849430481821696
1219849174956548096
1219848187927678977
1219847895274250247
1219847297367830528
