1220052885490323457
1220051527462739969
1220050882768687104
1220050615960772608
1220048314294509568
1220058535683411968
1220058531367391232
1220058497473105920
1220058482851950597
1220058477508333569
1220058457723867136
1220058453177139200
1220058437511331840
1220058434017599489
1220058380468752384
1220058370683613186
1220058368443850754
1220058354577481735
1220058329084547075
1220058321878765568
1220058277150633984
1220058247056568322
1220058244078559232
1220058237090689025
1220058227620171777
1220058180975132674
1220058157776625666
1220058155738193920
1220058133164326912
1220058110347431938
1220058100398460928
1220058099094106117
1220058081528143872
1220058028797546496
1220057963588513792
1220057925156245504
1220057892352446465
1220057855341912064
1220057839172849664
1220057831623274496
1220057759909142530
1220057686538059779
1220057672025878529
1220057658780213252
1220057653541527552
1220057572251774976
1220057564626464769
1220057556321697792
1220057554916642818
1220057463694745601
1220057421328142343
1220057414252187648
1220057410196459520
1220057406291566593
1220057370744827909
1220057163617488902
1220057101541826561
1220057097989173248
1220057096533790720
1220057095497756672
1220057065776984064
1220057051419828226
1220057050140545024
1220057023632543752
1220057007245402113
1220056924894326784
1220056922491060224
1220056914580647936
1220056909232906241
1220056908662525952
1220056904883372032
1220056903956533250
1220056842468057088
1220056835215982592
1220056835031470081
1220056801749520384
1220056770032238593
1220056664180776960
1220056635567067136
1220056610485129216
1220056604416016386
1220056599215181825
1220056542386454528
1220056542004895744
1220056507598852096
1220056492679815170
1220056479769624576
1220056434001379328
1220056433707900929
1220056432978075651
1220056419975802882
1220056419237580801
1220056409217228800
1220056394243747843
1220056364271185922
1220056351331799040
1220056329437491200
1220056320692195328
1220056307954155520
1220056302346559488
1220056260055199745
1220056255638753280
1220056244230197248
1220056238890930176
1220056229709565953
1220056214563905537
1220056186927468544
1220056173203939328
1220056172255825921
1220056148860076034
1220056145362128896
1220056144917553152
1220056130027651074
1220056111291805696
1220056104786415616
1220056095915331584
1220056040605192192
1220056009948966912
1220056002889838592
1220056002776764416
1220056002227245056
1220055934489309184
1220055912821313536
1220055862347063296
1220055849298624514
1220055846148804615
1220055816620924930
1220055813340876800
1220055745007321091
1220055737767882753
1220055731996647433
1220055706801524736
1220055661607817223
1220055653189869574
1220055642544709632
1220055635582017536
1220055575095984128
1220055525951492098
1220055491608547331
1220055488055955456
1220055463389204480
1220055453649866752
1220055421739851776
1220055419189649408
1220055397739921415
1220055396712316928
1220055345365565440
1220055340290433024
1220055309462462471
1220055238050111490
1220055235990781952
1220055207272419333
1220055193481551872
1220055181787717632
1220055171906048003
1220055169372569600
1220055151014109190
1220055112615256067
1220055111755452416
1220055078159167494
1220055032906895360
1220055030784385025
1220055028750139395
1220054981048504321
1220054971707584513
1220054957023547395
1220054945916948485
1220054928942518272
1220054905265836032
1220054903940235264
1220054867932217344
1220054865310900226
1220054852039917568
1220054835048800256
1220054804694806529
1220054773824675840
1220054752454680583
1220054705931337728
1220054701699424258
1220054698046001153
1220054620602544133
1220054603921752064
1220054530781581312
1220054426284691458
1220054425819144193
1220054409285001216
1220054396785942528
1220054339860885504
1220054336308502535
1220054315647324164
1220054311230722048
1220054284030615553
1220054232193044480
1220054161812680704
1220054135405457410
1220054092954947588
1220054091398819840
1220054073954705408
1220054059283075072
1220054046985347076
1220054003695996933
1220054000831102976
1220053984917979136
1220053970972041216
1220053960502980610
1220053959739691008
1220053925405110282
1220053865778704384
1220053860913422338
1220053853132984324
1220053837966385154
1220053836254941184
1220053828659240967
1220053795381616648
1220053771910361091
1220053771599958016
1220053731854704640
1220053714070884352
1220053666905747456
1220053621909393408
1220053613478862848
1220053590955319296
1220053582055202816
1220053570088648704
1220053566972403712
1220053558965325824
1220053537725538304
1220053530423197697
1220053530213593089
1220053500991721477
1220053447443206144
1220053385132544002
1220053377318555649
1220053375296966657
1220053320636805120
1220053314437570560
1220053290286710785
1220053271286554624
1220053257533448192
1220053239258853379
1220053209114243072
1220053200461598722
1220053189938032645
1220053166227705857
1220053139438653450
1220053093246820354
1220053049726533632
1220053033150828545
1220053001626255360
1220052986333999104
1220052962057183232
1220052960778096643
1220052950086832129
1220052846252417024
1220052785107849216
1220052781165424647
1220052779806257152
1220052742216929280
1220052733165817861
1220052716275359747
1220052648818364422
1220052614399844354
1220052553670561792
1220052515686842375
1220052500126060545
1220052440575348736
1220052432689876992
1220052360736788480
1220052333461151744
1220052312774840322
1220052308794454016
1220052247977111553
1220052203462955010
1220052198027120641
1220052175130329088
1220052131065008131
1220052070486761475
1220052051314561025
1220052010948493313
1220051988886491136
1220051956200165382
1220051926718525442
1220051926160723969
1220051922897588224
1220051897245192192
1220051889544257536
1220051843360780289
1220051767213219840
1220051755599310850
1220051751321194498
1220051706500640769
1220051703686402048
1220051679954886656
1220051651530297346
1220051639559540738
1220051623378071552
1220051606579896321
1220051601253191682
1220051601185964035
1220051600128888832
1220051581749600257
1220051546018328576
1220051539357769729
1220051532038557696
1220051525600534530
1220051466318229515
1220051459267411968
1220051449004118019
1220051436505116672
1220051395698622466
1220051385795743744
1220051363339685891
1220051341533315072
1220051314647764993
1220051312194117632
1220051273199706112
1220051257458483200
1220051224281669637
1220051221538639872
1220051182930092032
1220051169848057857
1220051168170254337
1220051153800585216
1220051149916725248
1220051139242029056
1220051137354784769
1220051133156249602
1220051131042357251
1220051109093363712
1220051104605622273
1220051099614400512
1220051096032423937
1220051071629955075
1220051023328354304
1220051007725559814
1220051004684750849
1220050980080955392
1220050971218214912
1220050916088221696
1220050908379340806
1220050907448127489
1220050883024760839
1220050881468489728
1220050816263913472
1220050764795711490
1220050759481356293
1220050756486627328
1220050724954001408
1220050720625393669
1220050703680339968
1220050618376572928
1220050542023495680
1220050496104300544
1220050466865733632
1220050466505134080
1220050445063856128
1220050409043218434
1220050407155621888
1220050390990966787
1220050389925412865
1220050355490377729
1220050335986700288
1220050324515258369
1220050267586121729
1220050263190441984
1220050255846068224
1220050205002948611
1220050201156706304
1220050174371860480
1220050122685501441
1220050069795364867
1220050046219177985
1220050038828740608
1220050034814865409
1220050034248409088
1220049992079093760
1220049936563286017
1220049917630210050
1220049893638668288
1220049840664719361
1220049822700322816
1220049809660350464
1220049792061059077
1220049779352391680
1220049746456391680
1220049691259428865
1220049672015839232
1220049517623611393
1220049502993895434
1220049470718480384
1220049435335503875
1220049417069264903
1220049412271083520
1220049386035531776
1220049383108030464
1220049381589766144
1220049378045571072
1220049296571228162
1220049284516564992
1220049241667665926
1220049238702333952
1220049176857153536
1220049158708629505
1220049151381114883
1220049141159489536
1220049132376641536
1220049105281585153
1220049068241621000
1220049053448196101
1220049008355368962
1220048989548093440
1220048934879604738
1220048880080957443
1220048873693073410
1220048856735473664
1220048851987464198
1220048827459219456
1220048823810248704
1220048811881566212
1220048811327778817
1220048799692804097
1220048793711906821
1220048784429928449
1220048741886881793
1220048713000898565
1220048655887011840
1220048635674734593
1220048632080224267
1220048618360582144
1220048613637873666
1220048556993597440
1220048535351111682
1220048518691164161
1220048507001888774
1220048499615637505
1220048498558504960
1220048483597590529
1220048420586622977
1220048415473786880
1220048404270551040
1220048395445972993
1220048378760855552
1220048313246011392
1220048310372728832
1220048298804961286
1220048298645393408
1220048291129249792
1220048286763102208
1220048267142205440
1220048259454046209
1220048255347757056
1220048239073878024
1220048189014691840
1220048183675387904
1220048159247716352
1220048154235564032
1220048150355988481
1220048094122926080
1220048091904118784
1220048053287079938
1220048039060103169
1220048035964751873
1220048029560066048
1220048024510128128
1220048011922939910
1220047992012582917
1220047986270576641
1220047958722392064
1220047949922734081
1220047945283837957
1220047942544957444
1220047937960661007
1220047871233482752
1220047858470010880
1220047798147670016
1220047769953374209
1220047764811202561
1220047755306921984
1220047721534353410
1220047702144077824
1220047685467508736
1220047677225951232
1220047577212567552
1220047543733645312
1220047475278589954
1220047416445018118
1220047350158315522
1220047330641973249
1220047308903133187
1220047303152672770
1220047298987724800
1220047279605895170
1220047210420695042
1220047169962610688
1220047169467469824
1220047168519585792
1220047137297309697
1220047122872954881
1220047112995594240
1220047075133419520
1220047035073564672
1220047025640628225
1220046974008930304
1220046935450640385
1220046934204993538
1220046930979352576
1220046911773736966
1220046890814840834
1220046852235628544
1220046842483892226
1220046806467276800
1220046779561009152
1220046744291020805
1220046742189535233
1220046729279655939
1220046666612518914
1220046661877149698
1220046639597072385
1220046633846464512
1220046611616862208
1220046596412530690
1220046586270621697
1220046572467249152
1220046541135794177
1220046537352286208
1220046532269039617
1220046503101681664
1220046492041347073
1220046469413031937
1220046436789735424
1220046396616822784
1220046370100264960
1220046308284731399
1220046303910158344
1220046254278873089
1220046239930019840
1220046233269485568
1220046199488700417
1220046185668337664
1220046140391002112
1220046127598198784
1220046087374938117
1220046056987267076
1220046040792993794
1220046007905505283
1220046007758536704
1220045946777505792
1220045933875908608
1220045929530691584
1220045911457439744
1220045884316102664
1220045883615666179
1220045860165357573
1220045843585273858
1220045835402125314
1220045820705280000
1220045750589018112
1220045715126333441
1220045714027188224
1220045669504704512
1220045666380107779
1220045652585078785
1220045627121209344
1220045599497707520
1220045596695728128
1220045585501257730
1220045574998593536
1220045543323394048
1220045528353988611
1220045521634713602
1220045516848992257
1220045504702296066
1220045484515102720
1220045476503920641
1220045472636841984
1220045459206492160
1220045455221870592
1220045452428468224
1220045396774354946
1220045358874554368
1220045338557415429
1220045327295832068
1220045321654493186
1220045278343860224
1220045267921178626
1220045110307483649
1220045106801266688
1220045085959737345
1220045062978981888
1220045017890414592
1220045005710077956
1220044998449815558
1220044979487289344
1220044944091512834
1220044909387960322
1220044865368621062
1220044812650336256
1220044798268264449
1220044785031024640
1220044766987071488
1220044760917913602
1220044753057697793
1220044752596455425
1220044750918705153
1220044714038132738
1220044619708276736
1220044594672353280
1220044575533752320
1220044558475649024
1220044556281896960
1220044530650624005
1220044529723637762
1220044529182617603
1220044519640649728
1220044513907003394
1220044504209731585
1220044482240032770
1220044464821014529
1220044464552599553
1220044449121808394
1220044441316024320
1220044423612026880
1220044415638614016
1220044396181090304
1220044381341790209
1220044358574989312
1220044341986713600
1220044328048918537
1220044317584248833
1220044311875801090
1220044309564706817
1220044289964761088
1220044262663999490
1220044236978040835
1220044220117004288
1220044210776281094
1220044203612344325
1220044201783484417
1220044187980029953
1220044101942267904
1220044098544885760
1220044074943746049
1220044069977690114
1220044069587640321
1220044035575963654
1220044026633736193
1220044014612897796
1220044011244859392
1220044010766700544
1220044010334642176
1220043995126095872
1220043959843483648
1220043957733941249
1220043957201264640
1220043939459346434
1220043922363371520
1220043833431461888
1220043830189117440
1220043826192113666
1220043816985456641
1220043812166414336
1220043808047620096
1220043804583059457
1220043803475763201
1220043793937780736
1220043791723368450
1220043786941870082
1220043739676147714
1220043738862342144
1220043731132268545
1220043724933214209
1220043717815361536
1220043712140664834
1220043691345285120
1220043687553425408
1220043652983971840
1220043651356811264
1220043633191092224
1220043605986942977
1220043605181640712
1220043603243913216
1220043583924985861
1220043580296912898
1220043571283185664
1220043553553952768
1220043537372282884
1220043535023362048
1220043487900553216
1220043486122123265
1220043478224097280
1220043463867039745
1220058521322033154
1220058387427287045
1220058385518755840
1220058351368835073
1220058250693029894
1220058244414001153
1220058205167869952
1220058183445573633
1220058152701513729
1220058145008934912
1220058096929689600
1220058064381808640
1220057882873532417
1220057762719203330
1220057750920560641
1220057745551953920
1220057731404529665
1220057668238430209
1220057648374173697
1220057644758470656
1220057573904257026
1220057573107412993
1220057549568741376
1220057484762603520
1220057482510336005
1220057475342307329
1220057470397186049
1220057459093458944
1220057359457955841
1220057340117954560
1220057335751528448
1220057298523041793
1220057265186779136
1220057228008251392
1220057132638310402
1220057080511356928
1220056984847671296
1220056981450448896
1220056975263838210
1220056955735171073
1220056934973235201
1220056898914918401
1220056804027011072
1220056763338129408
1220056721730617344
1220056653627703296
1220056642345000961
1220056577425727488
1220056555174932480
1220056540952039430
1220056531821121536
1220056480549875714
1220056435926675461
1220056375172239360
1220056366506745856
1220056361137950721
1220056348500680705
1220056333828780034
1220056311641100290
1220056309640204288
1220056297917181952
1220056267206668288
1220056254552276992
1220056250517544960
1220056209643929602
1220056152911892480
1220056122360573953
1220056116169560065
1220056102995361792
1220056031327330310
1220056020141117442
1220056007360970752
1220056005159145472
1220055982954274816
1220055904617422850
1220055824849981440
1220055774321414152
1220055761528770560
1220055754364870657
1220055750057263104
1220055742054572033
1220055737214423041
1220055730033774595
1220055720940404737
1220055716494397440
1220055703668215808
1220055702279983112
1220055693543256066
1220055692926771201
1220055686991818752
1220055673507139586
1220055665328238592
1220055662069256194
1220055655815565312
1220055645224873985
1220055639600390144
1220055630129639434
1220055609669754882
1220055596294135817
1220055593785925632
1220055570826190848
1220055566787194880
1220055553034072064
1220055534386049024
1220055487787536389
1220055481449730048
1220055331897655296
1220055231846912003
1220055123222761472
1220055121243136000
1220055004037255168
1220054986794471424
1220054942779695105
1220054926136492032
1220054892204580865
1220054850496536577
1220054823132979207
1220054811762135042
1220054802257842176
1220054776001462276
1220054537462927360
1220054489232826369
1220054488645537792
1220054435763838976
1220054382349185024
1220054290137591808
1220053987111645184
1220053832497074182
1220053779501940737
1220053748954759168
1220053732601319432
1220053633288425472
1220053502203842560
1220053426786029568
1220053006055505920
1220052975231463424
1220052956596199426
1220052950950670336
1220052791617445888
1220052777113538560
1220052768628473858
1220052688374767617
1220052687800061952
1220052614592761856
1220052572070760448
1220052455225868288
1220052445629304832
1220052289542471680
1220052265156988929
1220052214594576385
1220052054934245376
1220052011053281280
1220052010885476352
1220051956623978501
1220051942258413568
1220051895038836736
1220051852366139392
1220051831050498049
1220051747659505664
1220051507443200000
1220051492696219650
1220051429655793664
1220051228551516161
1220051130597695492
1220050862669815811
1220050762199420928
1220050653487063040
1220050629084819465
1220050572520411139
1220050557102100481
1220050534188699653
1220050492257996800
1220050471617843200
1220050469738831872
1220050320367112193
1220050261584023552
1220050235965263872
1220050008860393472
1220049962290970624
1220049829549748224
1220049520056262656
1220049449138831360
1220049326459633665
1220049221140860929
1220049179453489152
1220049161526988802
1220049114777427973
1220049086453125120
1220048901249687552
1220048759331196929
1220048673259900929
1220048514794782723
1220048507798786050
1220048224469180416
1220048219217911808
1220048140490825728
1220048073939800064
1220048058966130691
1220048051466838016
1220047979719143425
1220047729554010113
1220047706661326848
1220047652236283904
1220047634838118405
1220047622372761602
1220047579720740864
1220047505062342657
1220047445200998400
1220047430038753283
1220047372794978305
1220047296479494150
1220047232508010498
1220047166334332928
1220047138861617152
1220047072214364161
1220047049179033600
1220046995680829440
1220046981063569408
1220046927330365440
1220046917268332545
1220046846070075392
1220046804697473024
1220046800574459909
1220046792768675840
1220046774058061824
1220046737534005248
1220046680676020226
1220046640821628928
1220046604541054977
1220046572475432961
1220046450010144768
1220046432033357824
1220046359929085952
1220046351737806849
1220046313401671680
1220046170023612416
1220046162155245568
1220045885519745024
1220045829098000384
1220045808638148608
1220045792381108226
1220045731991449600
1220045718905376769
1220045598927142912
1220045500570693632
1220045450364874753
1220045204050206720
1220045174903988224
1220044996780445697
1220044851091083264
1220044833626247169
1220044797529903106
1220044791947251712
1220044789879656449
1220044776998932480
1220044741493944320
1220044724989460480
1220044661252739073
1220044600015908864
1220044562283950080
1220044561533161472
1220044514053648384
1220044461117333504
1220044380007874561
1220044379617783808
1220044339113594881
1220044288366694400
1220044105012719618
1220043968005586945
1220043747003641856
1220043693463416838
1220043603264921601
1220043545471438849
1220043516849446912
1220043462051082241
1220058528708284417
1220058525646217216
1220058491945025536
1220058458487238658
1220058447527346176
1220058434143498240
1220058412471349248
1220058389260242945
1220058335262715905
1220058286583513088
1220058286092963842
1220058264823447552
1220058260985843712
1220058260717408256
1220058243243945984
1220058233693528064
1220058218350514176
1220058192069132288
1220058141393506304
1220058139887718400
1220058135500599296
1220058099861553152
1220058028264828928
1220057969993420802
1220057956819132421
1220057945435709441
1220057853786054657
1220057835637108736
1220057747510775809
1220057716929986560
1220057712614170624
1220057707899568128
1220057707333521408
1220057694070927361
1220057668913524737
1220057662060027904
1220057635828924417
1220057622310719489
1220057615323058176
1220057606338666496
1220057574562811904
1220057559962476547
1220057541763379200
1220057527011938304
1220057518203863040
1220057495445688324
1220057407910490120
1220057399341518849
1220057394199310336
1220057377023627264
1220057361471229952
1220057353346846726
1220057344685506564
1220057337592975367
1220057335894245376
1220057323009388545
1220057315732226052
1220057279308763136
1220057272220573697
1220057138174873605
1220057135247253512
1220057132780965890
1220057113424252932
1220057106952478728
1220057072567451648
1220057071481053184
1220057055156981761
1220057007790723077
1220056978938105856
1220056922394546181
1220056852550971392
1220056834238754816
1220056790987001856
1220056730828070912
1220056728554831875
1220056717041590274
1220056628294275075
1220056606995623936
1220056592353255426
1220056575198535687
1220056571125927941
1220056556508733441
1220056548933881857
1220056482571603968
1220056439328333824
1220056433800163328
1220056419875151872
1220056412392427521
1220056341345193984
1220056331912007680
1220056331547238401
1220056305907400712
1220056299913850881
1220056250462826497
1220056219748052993
1220056217617227776
1220056214874226695
1220056203344195589
1220056187913297920
1220056177033216003
1220056165045932032
1220056144443596801
1220056106564755461
1220056085870018560
1220056026583568385
1220056025274966017
1220056023475662854
1220056021906812929
1220056018333335558
1220056015934193666
1220055987178164224
1220055842193649665
1220055788376535047
1220055784081379328
1220055781065838593
1220055778029121536
1220055749780475905
1220055722731429889
1220055698156945409
1220055693597736963
1220055654959853572
1220055646273323008
1220055644419559425
1220055634105831424
1220055512496005121
1220055423606124544
1220055412344414209
1220055392241299458
1220055386503426048
1220055380488871940
1220055380195147783
1220055336842866695
1220055325824507911
1220055320325709826
1220055284506341377
1220055277166387201
1220055258262573057
1220055250637348864
1220055244459139073
1220055241393131522
1220055200712531973
1220055192760193025
1220055187991064576
1220055186133192704
1220055169062395909
1220055159444774913
1220055117048745984
1220055115656097792
1220055092184932352
1220055081812447233
1220055062267027456
1220055057741250567
1220055055883292672
1220054995602694148
1220054977609183232
1220054930871984129
1220054919580798976
1220054827859894277
1220054798847954945
1220054783089754112
1220054779126276097
1220054775091343361
1220054731432898571
1220054634146017282
1220054622108295168
1220054589807792128
1220054510065848321
1220054484208046083
1220054463920136193
1220054442600472584
1220054392088469505
1220054391706636288
1220054384589012994
1220054374266830848
1220054367673425923
1220054358735368193
1220054313260576768
1220054309301293061
1220054245535293440
1220054234755936256
1220054206314418176
1220054195778260992
1220054185045118976
1220054179542110210
1220054103595708418
1220054075796049920
1220054070595145729
1220054063418494977
1220054049606766592
1220054014974464001
1220054005314965504
1220054003909844993
1220053962201669635
1220053957390864385
1220053946980610048
1220053943897796609
1220053939900555264
1220053904790032384
1220053896594370562
1220053879661838336
1220053868790341633
1220053855427334145
1220053854059761664
1220053852231208965
1220053814918643713
1220053809117958147
1220053794332889088
1220053785889865733
1220053785629753344
1220053783268483073
1220053780990836736
1220053773680287745
1220053770912051200
1220053709314576385
1220053707666206726
1220053695901073409
1220053690964414466
1220053665731366912
1220053658563309568
1220053640687366153
1220053619879424000
1220053579047849986
1220053555840724995
1220053552506142720
1220053549939187712
1220053522252619776
1220053500408877056
1220053500010401793
1220053478329815040
1220053478023880705
1220053433908178946
1220053379294076931
1220053376966316034
1220053359316676608
1220053346083647495
1220053342895976449
1220053336487010304
1220053334045777920
1220053333299384321
1220053331932078086
1220053326429147136
1220053322205286400
1220053279754854401
1220053250327633922
1220053230379577347
1220053229456613377
1220053204572024832
1220053198897078272
1220053149823590400
1220053148842086400
1220053134699048960
1220053095750733825
1220053083784347648
1220053081729183748
1220053075034959872
1220053065866203136
1220053056404033536
1220053043183525889
1220053014989373440
1220053004155609090
1220052982521184256
1220052953924546560
1220052953756831747
1220052952930570247
1220052946731188225
1220052946714537991
1220052922181902336
1220052893790765057
1220052877873336320
1220052858369794048
1220052839592079361
1220052830419144707
1220052765210116098
1220052760755830784
1220052717474848768
1220052665830465536
1220052635295920128
1220052617646112768
1220052579209502721
1220052560209305601
1220052527674265600
1220052527078465536
1220052524067106816
1220052516374794248
1220052512436314112
1220052315865899008
1220052278175916032
1220052274929684480
1220052271930789891
1220052237432455168
1220052203664179205
1220052131664875523
1220052021694418944
1220052015784570881
1220051999443640326
1220051993990979586
1220051991340163079
1220051930174689280
1220051878249144322
1220051820170686467
1220051813619073024
1220051796397158400
1220051795348639744
1220051784468549632
1220051723831693312
1220051720895696896
1220051717120593921
1220051661726666753
1220051654113759232
1220051532768563200
1220051522010144769
1220051435943071745
1220051420046491648
1220051413469945858
1220051403978051584
1220051343861153792
1220051302945869825
1220051284935397376
1220051263435550720
1220051248860319749
1220051246712872961
1220051173236850688
1220051143813763072
1220051113694490624
1220051067502825474
1220051055611928577
1220051000670801920
1220050986988986372
1220050930097426439
1220050881858523136
1220050877622423553
1220050859767357443
1220050832407662592
1220050808252837888
1220050802921705472
1220050770399121408
1220050727004852226
1220050646969339906
1220050596218142721
1220050569768980481
1220050505767931910
1220050481889914880
1220050473845166083
1220050367179821056
1220050354890584064
1220050220060463105
1220050201190248451
1220050183326765056
1220050137784832000
1220050055815737345
1220050018649899018
1220050017341333506
1220050006721339393
1220049995736453120
1220049975968706562
1220049897614954496
1220049825053306880
1220049816404856833
1220049794921586688
1220049776575688706
1220049750180806656
1220049710326714371
1220049702382657536
1220049686301741062
1220049677908762624
1220049673823670272
1220049650675306501
1220049638780231680
1220049617645178880
1220049608321196033
1220049597525000199
1220049556529930243
1220049554755612672
1220049550951571461
1220049495272181761
1220049487386808320
1220049436082089984
1220049425340321792
1220049403249090560
1220049402041176064
1220049358328082432
1220049328527548423
1220049315642728449
1220049268876156933
1220049191495438337
1220049157366386688
1220049151351820290
1220049066626818048
1220049066370797569
1220049057630105601
1220049030140526593
1220048884908453893
1220048879867113472
1220048822002425856
1220048736518316036
1220048735012630528
1220048708584247303
1220048499724685312
1220048432951201792
1220048399136722944
1220048391289348096
1220048381969604610
1220048367809466368
1220048362944122881
1220048302462230528
1220048230584549378
1220048221721919488
1220048188184256514
1220048158803124224
1220048137173123073
1220048043791278081
1220048037940252674
1220048025411866624
1220047941382987778
1220047916070572034
1220047893958184960
1220047876010717186
1220047780443353088
1220047611840745472
1220047578969956353
1220047463274483718
1220047407351836672
1220047312644464642
1220047305421647872
1220047302213038081
1220047301353316352
1220047265005559812
1220047231425728512
1220047222408196097
1220047219824267264
1220047156742164481
1220047151557943296
1220046965926481920
1220046915557101575
1220046879821570050
1220046812377042944
1220046760439140352
1220046710791032833
1220046706546561024
1220046703664992256
1220046681305223170
1220046640704294913
1220046562136600577
1220046515483353088
1220046465222885376
1220046381555036160
1220046296440016908
1220046237568774147
1220046162725687299
1220046128084811776
1220046123353567232
1220045981909016576
1220045960954499073
1220045860635054089
1220045725100396547
1220045712853012487
1220045676874125317
1220045560448720899
1220045500298121216
1220045499958468608
1220045477774856197
1220045473203003392
1220045358350372865
1220045324414119936
1220045324082974723
1220045304814362625
1220045259461316610
1220045226863017985
1220045214787624960
1220045190460624896
1220045181996740608
1220045142255710212
1220045111674859520
1220045096747319296
1220045077285867521
1220045066804310016
1220045003235393537
1220044966640021504
1220044952891162630
1220044903645757440
1220044819755454464
1220044708837314562
1220044605430882304
1220044601072873474
1220044588196347904
1220044521846689792
1220044498559959040
1220044447678775296
1220044435158904832
1220044432260595713
1220044384927911936
1220044378435092480
1220044327054954496
1220044230153785344
1220044228572729344
1220044159664508929
1220044015355252742
1220044008631754753
1220043956085559300
1220043947835191296
1220043904210235392
1220043839286730755
1220043803605852161
1220043717102444551
1220043711788331008
1220043701273100289
1220043673510899712
1220043640271183872
1220043605160710146
1220043546058809345
1220043514592948224
1220043504929341440
1220043486730256385
1220043451489771522
1220057136144584704
1220056294440284160
1220056248357273600
1220055065920036864
1220054501811507201
1220054339256872960
1220053401771421702
1220053062833721344
1220052713251229698
1220052325219229697
1220050201857134600
1220049229974065154
1220048408347471872
1220048246170480640
1220048225102548992
1220048014410244097
1220047980364877824
1220047256188907520
1220044814718291973
1220044665115697152
1220044448756895745
1220058507803791360
1220058430506971137
1220058303537012743
1220058265175896065
1220058239292887043
1220058232749805568
1220058213153816576
1220058170598387713
1220058134695370755
1220058082065158147
1220058057532739585
1220058033218187264
1220058012720779265
1220057951370727431
1220057920580308992
1220057893166252033
1220057853425307649
1220057835029106688
1220057830818041862
1220057820739010562
1220057743400357888
1220057732843233281
1220057695430107138
1220057689574666240
1220057670192967682
1220057631349334016
1220057618993025027
1220057612869390342
1220057601163059201
1220057596821852161
1220057591046381570
1220057579788914689
1220057539758514177
1220057522809106432
1220057521689366534
1220057515771207687
1220057458963439617
1220057416395444224
1220057367296872448
1220057349664145413
1220057315598094336
1220057306844495874
1220057299831513088
1220057156797509634
1220057147263737856
1220057146412453894
1220057108739248130
1220057052082393088
1220057031509340160
1220056984025780224
1220056965273006087
1220056963112935424
1220056959535190016
1220056957039665152
1220056947371728896
1220056909551742977
1220056884713086978
1220056865071075329
1220056841876578304
1220056825522982914
1220056818900176899
1220056787723923456
1220056773882785792
1220056746309378050
1220056727195832320
1220056702298533896
1220056699983351808
1220056637475639299
1220056551479595008
1220056524367781895
1220056517438775296
1220056513697337345
1220056499998875654
1220056494567149568
1220056486212034560
1220056472563802112
1220056471737716738
1220056461830737920
1220056447251361792
1220056438501822465
1220056432768405504
1220056427064184835
1220056422798503937
1220056409913659392
1220056401885769728
1220056400379904002
1220056387587399682
1220056318532313094
1220056315751542784
1220056305412530176
1220056269958107142
1220056263855431680
1220056257551327238
1220056235032174593
1220056185333784587
1220056155919208449
1220056143244021760
1220056132057616384
1220056114894721026
1220056090378981378
1220055938725318656
1220055934988443649
1220055920098459649
1220055846861688832
1220055827639390209
1220055794760212485
1220055681505452033
1220055657262415872
1220055619995963392
1220055579764449280
1220055573888225281
1220055487921582080
1220055478841106432
1220055429847359488
1220055420544389120
1220055407390949378
1220055384486031360
1220055355184599041
1220055346770669573
1220055336792363008
1220055308116152322
1220055288742588418
1220055268337184768
1220055221243609088
1220055198254686208
1220055153266561030
1220055143296704514
1220055139861639168
1220055139328774144
1220055074157879296
1220055064624226304
1220054946835587073
1220054939512164352
1220054936207032320
1220054928674127872
1220054898672381952
1220054884654993408
1220054773476610048
1220054749032009728
1220054742568767489
1220054719868989441
1220054709588807680
1220054705071484928
1220054701103812609
1220054692895522818
1220054656706985984
1220054600301961216
1220054592014225408
1220054565816434688
1220054555305496576
1220054531532369920
1220054531448418304
1220054508409163777
1220054503216513024
1220054502113452032
1220054406835601411
1220054374296248327
1220054362963218432
1220054325554184193
1220054322190475266
1220054270755704835
1220054257753153537
1220054249893191688
1220054249733869572
1220054238115483648
1220054202338050048
1220054198257115136
1220054190615154688
1220054155554721792
1220054149833854976
1220054147384401921
1220054134449156098
1220054113649659909
1220054103226769408
1220054099141545985
1220054042086342656
1220054025544126467
1220054004178116608
1220053994162311171
1220053965703766016
1220053954022838273
1220053949748850689
1220053930459238402
1220053926638043136
1220053925858041856
1220053923462926336
1220053886620205056
1220053855813230593
1220053848812859392
1220053833067438080
1220053822082572288
1220053792466653184
1220053703643680768
1220053656340328449
1220053556616736769
1220053527243808768
1220053490333970432
1220053378417348609
1220053359736033285
1220053336847716357
1220053295378485249
1220053027819786242
1220052956147527680
1220052876841512960
1220052866477355008
1220052820482805765
1220052793844621312
1220052708884762624
1220052707446284290
1220052659383586816
1220052654686179328
1220052632305270785
1220052614261493760
1220052605080100868
1220052553678774272
1220052513929469957
1220052457906196481
1220052401190653952
1220052400674942976
1220052351077232640
1220052329082183680
1220052325764685840
1220052298153459712
1220052094805299200
1220052066405699585
1220052064946020356
1220052037833936896
1220052031009935361
1220052016816324611
1220051979520503808
1220051979420028930
1220051975590551554
1220051861564084224
1220051831218483211
1220051811748470784
1220051752432521222
1220051720270729217
1220051676708724736
1220051523708821505
1220051432910417920
1220051429622108160
1220051426342141952
1220051419509616641
1220051360634359810
1220051266438606851
1220051161798995969
1220051156052955136
1220051126889914369
1220051076667363329
1220051056580874240
1220050935621279746
1220050910283354113
1220050831774572547
1220050830574989313
1220050778741772295
1220050727231533057
1220050546691723264
1220050507772780544
1220050482225246209
1220050397588414464
1220050373802627075
1220050182055833601
1220050123662688257
1220050080750809088
1220050064648871936
1220050016586223616
1220049953403416576
1220049839628615682
1220049809920417794
1220049782162579458
1220049773652213762
1220049766328958976
1220049759630528512
1220049691871719425
1220049609109753856
1220049591497826307
1220049568458592256
1220049439554969600
1220049396533850112
1220049356319068165
1220049279605190658
1220049259535511559
1220049236395548674
1220049233845374976
1220049218062049280
1220049214073262080
1220049189226172417
1220049021613424641
1220048936393695233
1220048909633871872
1220048809557925888
1220048769175171073
1220048719606898688
1220048699738468352
1220048685247213570
1220048680587341889
1220048669153513474
1220048667119407110
1220048605655908355
1220048488991510530
1220048449577439233
1220048324855812097
1220048321030631424
1220048246086799360
1220048187735412738
1220048183826341889
1220048182152810496
1220048119359950849
1220048065400168450
1220047994764058626
1220047993006460928
1220047967912169472
1220047949989740544
1220047722742534145
1220047636692074498
1220047625518383105
1220047550008287233
1220047542706221057
1220047467951116288
1220047457364692992
1220047445318623244
1220047442390941696
1220047394651295744
1220047341366833152
1220047289781313536
1220047045416742913
1220046983580344323
1220046969562898434
1220046806698119168
1220046720450646016
1220046706470838273
1220046684366962690
1220046664628678659
1220046650246402054
1220046629602021377
1220046623876796417
1220046556751155200
1220046516275933185
1220046476988047362
1220046370339295232
1220046365247455232
1220046225355038727
1220046194371678210
1220046185039155203
1220046145646485504
1220046115871043586
1220046020412944384
1220045983595335680
1220045982408355841
1220045824555671552
1220045803764490240
1220045711724679169
1220045710252482561
1220045628769615872
1220045626022514688
1220045619596865536
1220045576445644800
1220045574541541381
1220045539976200195
1220045475748835328
1220045400024985602
1220045398120767495
1220045396799623172
1220045391925850115
1220045351660457985
1220045296169865217
1220045265241100291
1220045263739346944
1220045226477142016
1220045215513423873
1220045186589503489
1220045186387939328
1220045111016378368
1220045110848651265
1220045065491505154
1220045012207132672
1220044991940022272
1220044976110915586
1220044966430416899
1220044957077135362
1220044875095252994
1220044872146542594
1220044742689296384
1220044735538024448
1220044731171799040
1220044684292022272
1220044658614710277
1220044517325377536
1220044498698301440
1220044476917460996
1220044416620093447
1220044398299402241
1220044380200820736
1220044364778364929
1220044335485538310
1220044260596047872
1220044240622931969
1220044147320672265
1220044108078518272
1220044001379848192
1220043989501431808
1220043970237075456
1220043910556209152
1220043905619480578
1220043897503649793
1220043894555140097
1220043769862451201
1220043769656963072
1220043672458342405
1220043665390940166
1220043637754458112
1220043632612298753
1220043590602297346
1220043541105131521
1220043531009642502
1220043496792264704
1220043461539155974
1220052581835128832
