1220013245391441921
1220013215461126150
1220013202299219968
1220013194913009664
1220013180178452481
1220013166639353856
1220013166266023941
1220013160880594944
1220013156975742976
1220013095122284544
1220013077132972033
1220013046506106881
1220013041552486400
1220013038322847746
1220013035617734657
1220013035143811076
1220013031888969728
1220013029414313984
1220013024569745408
1220013012276383745
1220012996593954816
1220012992198107137
1220012947734441984
1220012926267875328
1220012924485488640
1220012922983854080
1220012921620701184
1220012899869040640
1220012897780281345
1220012887734878219
1220012821322268680
1220012779198828544
1220012764674056192
1220012753814900738
1220012733111861248
1220012708654993410
1220012704540188672
1220012695795224577
1220012694788608001
1220012691470929920
1220012685670043649
1220012663423586304
1220012611569377280
1220012599653412869
1220012596637642756
1220012595685408775
1220012579701100547
1220012578702864386
1220012567982153728
1220012564282691584
1220012557152522243
1220012557056053249
1220012545169215488
1220012535035777024
1220012524206059520
1220012519378558983
1220012495131287552
1220012443805585408
1220012418211946496
1220012412432048130
1220012392467386368
1220012384640798725
1220012299739521029
1220012265589571584
1220012204952641537
1220012153383587840
1220012122266095616
1220012107925741571
1220012096642904069
1220012077995167744
1220012052783104000
1220012049469706244
1220012047724728321
1220012027911004163
1220012010861223936
1220011976396505088
1220011958797328386
1220011950416916481
1220011934034034688
1220011932574351360
1220011910294360071
1220011848008781824
1220011832280305665
1220011805218570240
1220011775569154049
1220011743276982273
1220011715401637888
1220011693809508352
1220011690600927232
1220011684917465089
1220011652046905345
1220011641858904064
1220011618475614213
1220011609076224001
1220011594093957120
1220011588821901313
1220011570064814080
1220011527501053952
1220011507020435456
1220011504730361856
1220011504684224513
1220011484618555403
1220011465266139138
1220011414376665088
1220011402762641408
1220011395632242689
1220011390284574721
1220011361511436288
1220011331337641984
1220011312819986435
1220011301570842624
1220011284013428738
1220011242171109377
1220011156477108230
1220011113955438598
1220011108699783174
1220011091217940480
1220011067692195840
1220011049811734528
1220011040022388736
1220011039611392002
1220011016836341761
1220010991632519168
1220010989824958464
1220010974645837828
1220010968270270465
1220010951359057920
1220010938830671873
1220010898334584832
1220010887186124801
1220010885206478849
1220010859486945280
1220010857415028744
1220010839916318721
1220010791346196480
1220010789999767552
1220010768839528448
1220010750296674306
1220010728876400640
1220010692813586432
1220010675038126080
1220010605928644616
1220010583921053698
1220010553130639361
1220010478186979331
1220010460478672897
1220010417860304896
1220010393902313473
1220010386130460674
1220010370108182529
1220010354325041153
1220010345823117316
1220010340127248385
1220010328005713921
1220010323333140480
1220010323035480064
1220010322511089664
1220010299585114112
1220010274603896833
1220010260297125890
1220010214486921217
1220010165325484032
1220010149752070144
1220010123185160194
1220010113211207682
1220010097868525568
1220010089198780418
1220010061218496513
1220010017597853696
1220009966070878209
1220009935016288257
1220009926791176192
1220009923611807745
1220009919870652417
1220009879789850625
1220009858071769096
1220009849951416322
1220009827948285955
1220009814727761926
1220009804225220608
1220009767768334336
1220009705361133570
1220009669940240385
1220009656094838784
1220009637262458881
1220009625329659905
1220009618883121152
1220009614495772672
1220009601925599232
1220009596208787458
1220009575773900800
1220009544673320960
1220009535060021248
1220009475500802048
1220009453451468800
1220009432039321600
1220009420354195458
1220009416667299840
1220009397956595712
1220009383071010817
1220009345330696192
1220009315177771015
1220009307066028032
1220009264653242368
1220009244898078722
1220009242087739399
1220009235888644098
1220009192439738369
1220009191789608961
1220009178514649088
1220009174232444929
1220009139922972675
1220009135619571713
1220009133082120195
1220009130829795328
1220009126836809736
1220009097757634560
1220009071975288835
1220009043353382914
1220009038685097985
1220009034956169217
1220008995936784385
1220008988978315264
1220008958603091968
1220008952282386432
1220008909601157120
1220008871592452096
1220008847022153729
1220008846753705989
1220008795511971840
1220008777098911744
1220008769356206080
1220008729820581888
1220008675181580288
1220008615177682944
1220008613655257088
1220008594223128576
1220008524736057345
1220008513755320320
1220008506033692672
1220008490221101056
1220008465596284928
1220008414698491904
1220008369953628161
1220008337124753408
1220008277410549760
1220008277397757953
1220008275212529666
1220008267952394240
1220008236008529920
1220008171680534529
1220008141804445697
1220008092546539522
1220008087588761600
1220008077409378304
1220008070614593536
1220008064285171712
1220008048908849152
1220008041170587651
1220008024129130497
1220008014268289026
1220008002788511744
1220007915349794816
1220007853324410881
1220007846772822016
1220007843430047745
1220007837469831170
1220007826271064064
1220007825495056384
1220007822131228672
1220007804523683841
1220007795271065600
1220007760215126022
1220007708880986112
1220007708570660869
1220007677104881665
1220007659883110400
1220007644804435970
1220007644225855491
1220007641591812103
1220007630199906305
1220007616111415297
1220007593516683264
1220007593420017664
1220007567327399936
1220007533558910977
1220007508569313285
1220007500788961282
1220007498658320384
1220007485282619398
1220007475056979968
1220007443620605953
1220007423982751746
1220007421692780556
1220007399672754176
1220007388587016198
1220007373873524736
1220007336892424193
1220007315467751424
1220007314976952320
1220007292847837184
1220007278297808897
1220007230285549568
1220007227899219968
1220007213600772101
1220007182101598208
1220007179375214593
1220007174765776902
1220007165173358592
1220007137037967362
1220007135066624001
1220007124861964290
1220007083464167424
1220006990937763842
1220006990166003712
1220006980129038338
1220006969861464064
1220006965889208321
1220006906296664064
1220006866492821505
1220006856195788800
1220006834452430850
1220006816853131265
1220006815280386048
1220006815095762945
1220006799081865216
1220006791981031432
1220006735475179521
1220006730060500995
1220006714214273024
1220006661701558279
1220006657889112065
1220006635516547072
1220006613882417153
1220006592684285953
1220006583331180544
1220006571192782854
1220006563324342273
1220006552104468480
1220006480285401088
1220006463818563584
1220006460102344704
1220006352971583488
1220006318922174464
1220006311196266496
1220006300492468227
1220006293739536385
1220006252539011072
1220006238882291713
1220006180820570112
1220006171970613254
1220006152911511552
1220006152391548931
1220006111077527553
1220006074272690176
1220006008589864961
1220006004546469888
1220005993351745537
1220005989929357319
1220005979112083456
1220005927602049032
1220005922958909441
1220005916772188166
1220005913974779907
1220005897646133248
1220005841086177280
1220005831598657536
1220005830172561408
1220005826225758209
1220005820995227650
1220005812833267720
1220005811998679046
1220005781229244417
1220005762568769538
1220005746089385984
1220005745871093760
1220005717010276353
1220005714220830721
1220005701365456897
1220005701176766465
1220005684399480833
1220005660433289217
1220005575880323075
1220005574588424194
1220005553000321024
1220005552371179520
1220005549280055296
1220005526710509568
1220005514538627072
1220005494367997953
1220005481965445120
1220005480375783424
1220005471622397954
1220005466522226688
1220005440072888324
1220005425514311680
1220005368308359168
1220005363476574215
1220005359571652615
1220005344048549889
1220005333621407744
1220005329745981441
1220005320333770753
1220005311479676928
1220005287668613120
1220005286859010049
1220005283914768386
1220005274670522368
1220005268655943680
1220005254667952128
1220005163869458435
1220005140196921344
1220005137256574978
1220005135037927426
1220005121007874048
1220005111482781706
1220005101391220736
1220005057334325248
1220005046626029568
1220005025642156046
1220005016393535488
1220005007455662086
1220004961766932480
1220004935963529216
1220004851502985217
1220004815977078784
1220004797065191425
1220004792195600384
1220004758183796737
1220004701116063748
1220004689934049280
1220004688847761409
1220004682434826242
1220004667930947585
1220004654278414339
1220004653427036162
1220004650411286528
1220004647127007235
1220004634137251841
1220004615661531136
1220004584413941767
1220004520953925633
1220004514230689793
1220004513953828866
1220004512917639169
1220004491824492550
1220004469049561090
1220004464939151360
1220004453555867649
1220004402456596482
1220004384282763271
1220004336471891968
1220004327751847937
1220004307950604290
1220004292335063041
1220004289638105090
1220004279488077825
1220004161758138369
1220004156762742793
1220004109144731648
1220004108418990082
1220004084109008898
1220004072142471168
1220004053704273920
1220003983156219905
1220003981604401154
1220003945487261697
1220003939006996481
1220003929804525576
1220003924553261061
1220003920497520640
1220003906585010176
1220003879401795584
1220003861387042817
1220003860460253184
1220003834510086145
1220003818492047362
1220003805296762881
1220003780436979713
1220003778755203077
1220003774137348096
1220003713005293568
1220003673507598342
1220003673406832640
1220003628330577920
1220003611154898944
1220003602577707011
1220003592276332544
1220003584491900929
1220003578053419008
1220003569518153729
1220003566246645761
1220003556637532160
1220003546931830785
1220003501301911553
1220003493269794817
1220003467218939904
1220003463922249729
1220003438961913857
1220003422839197697
1220003421912256522
1220003409056739330
1220003404073725952
1220003385518235651
1220003352601399301
1220003314655531008
1220003312084430856
1220003275803648001
1220003250172256256
1220003196560531457
1220003194312499202
1220003192987144194
1220003181540839425
1220003128327778304
1220003113240813568
1220003096585129985
1220003077354180608
1220003068470792196
1220003013936472064
1220002994424631296
1220002982877515780
1220002979379462144
1220002977873846274
1220002941236588545
1220002933011406855
1220002932306989057
1220002903815049216
1220002896592474113
1220002850048098304
1220002825054441478
1220002815243845635
1220002775766945797
1220002757421105152
1220002735195594763
1220002731932471296
1220002718833614849
1220002711061565441
1220002653356412928
1220002651175342087
1220002633575829504
1220002631722131456
1220002628135870464
1220002603242860545
1220002596091564033
1220002586578882560
1220002582317453314
1220002579129614337
1220002540625985536
1220002532761595905
1220002530807050240
1220002517448384521
1220002510406148097
1220002502373867521
1220002486045626375
1220002467972288512
1220002458925248513
1220002454541987840
1220002450649702402
1220002445557891072
1220002436427014145
1220002428944289792
1220002428499767299
1220002421059002368
1220002419196690438
1220002406576148481
1220002400418914307
1220002395083747330
1220002391904440322
1220002372904054784
1220002371461271552
1220002347990032384
1220002346547261442
1220002337328181248
1220002334429917188
1220002323726053378
1220002251537817602
1220002245577793539
1220002238963146755
1220002222064402432
1220002216506994688
1220002184798134272
1220002141840052224
1220002125071241218
1220002102052675585
1220002081513230337
1220002079563034626
1220002069949497346
1220002069928652800
1220002068737355776
1220002066619424773
1220002057324765185
1220002051465404417
1220002027453001728
1220002020729421824
1220001987959361536
1220001984083906560
1220001957747798016
1220001952047730688
1220001937636151297
1220001926349279236
1220001885488156673
1220001878823579649
1220001873190670343
1220001872435720192
1220001869495439360
1220001856367316992
1220001841607512066
1220001817511071744
1220001797705584640
1220001794090246147
1220001767343026177
1220001757620789248
1220001750725251073
1220001729225330689
1220001696899850244
1220001668831547401
1220001662351433734
1220001662267465729
1220001607594713088
1220001603664527360
1220001600875315200
1220001578494648322
1220001563537760257
1220001543455461376
1220001534664036353
1220001515286302722
1220001510312071169
1220001507652841473
1220001430691614720
1220001421711564801
1220001406008033281
1220001390493237249
1220001354325905408
1220001333199233024
1220001301532151808
1220001289737850882
1220001288424812545
1220001273312923648
1220001259438198785
1220001252257431555
1220001241583038466
1220001217205735425
1220001211253915653
1220001195030433792
1220001115665838080
1220001094421614599
1220001074246868994
1220001066357526528
1220001041988628480
1220001027941900289
1220001025828052993
1220001012683022340
1220001004118298624
1220000974816841734
1220000910274891778
1220000892067491842
1220000876515004422
1220000836010545152
1220000827504500736
1220000826036498437
1220000819459887106
1220000805631062018
1220000805261991939
1220000793283174401
1220000763809804288
1220000761465016320
1220000748030906377
1220000747355623426
1220000731387789314
1220000728174952453
1220000698055696384
1220000696378044416
1220000685888016386
1220000681358065665
1220000648361472000
1220000603197386758
1220000562202066946
1220000531373936640
1220000526739308552
1220000485190643717
1220000471844130816
1220000468073623553
1220000395080032256
1220000347718148096
1220000334858391554
1220000330433400833
1220000324653584390
1220000300695605248
1220000235155533826
1220000212212518912
1220000209251586048
1220000198862131202
1220000152477405184
1220000144185126912
1220000113759674369
1220000058113974273
1220000049196761088
1219999999217586177
1219999994666737664
1219999989486714881
1219999969815322624
1219999955831742464
1219999942821011456
1219999938819567616
1219999929432788997
1219999919727091712
1219999904010883073
1219999895911849985
1219999882091433984
1219999837174878208
1219999802802483201
1219999772867612672
1219999769315237888
1219999739732799489
1219999735257403392
1219999731767635969
1219999717284818944
1219999705729392641
1219999696942399491
1219999681935265793
1219999676025335808
1219999582240890880
1219999576737964033
1219999564935172098
1219999523457527808
1219999514779537409
1219999494021971978
1219999484161220615
1219999468336173062
1219999445858816001
1219999438564884483
1219999436098551808
1219999422936952834
1219999388266848256
1219999375193071616
1219999362505416709
1219999354104082432
1219999344448937984
1219999337377234944
1219999334009376769
1219999325968834560
1219999322810372098
1219999316116418560
1219999311083139074
1219999308893900801
1219999294830391301
1219999268725043200
1219999267445792768
1219999240631406597
1219999213364211712
1219999178815758337
1219999173346545667
1219999110956273664
1219999095265419266
1219999075426238465
1219999075367575552
1219999030723465218
1219999018710732800
1219998988872704000
1219998972410040321
1219998966810664961
1219998964868681728
1219998946938052609
1219998934103252993
1219998916462157825
1219998911659761669
1219998904940298241
1219998890482708480
1219998885986426887
1219998860153708546
1219998838750109696
1219998823486873602
1219998819451932674
1219998805434589184
1219998802771431426
1219998775344844800
1219998770378825730
1219998768298369025
1219998761864302593
1219998756059389952
1219998754616545280
1219998744315420679
1219998741794639873
1219998736178384896
1219998713638215680
1219998708340797440
1219998705643925504
1219998696001155074
1219998693832699904
1219998688174649346
1219998687956492290
1219998686371110912
1219998665118371846
1219998663776145411
1219998647741489152
1219998593412583425
1219998586185883648
1219998582478077952
1219998579563122691
1219998572441108485
1219998568322359298
1219998556247023624
1219998541885689856
1219998540048429057
1219998537150345217
1219998532528152578
1219998528434515969
1219998515629305860
1219998515205566464
1219998510302494726
1219998505353326594
1219998444603027456
1219998417096671239
1219998412508057600
1219998407252537351
1219998329788125184
1219998323446362112
1219998319210049541
1219998317570134018
1219998315347107845
1219998271399219202
1219998262775574537
1219998262062731264
1219998259801985024
1219998253933944832
1219998251069460482
1219998235491741696
1219998186808299522
1219998176435982337
1219998150817021959
1220013178907549697
1220013171412520963
1220013158837784576
1220013079313833986
1220013065837498368
1220013053086855169
1220012988305772544
1220012948870950914
1220012940813721600
1220012920232271874
1220012857275764737
1220012798438043651
1220012775814115328
1220012750774185984
1220012738757513216
1220012719090257920
1220012698320150531
1220012661666123778
1220012654883852288
1220012653373820928
1220012645723463680
1220012550143610880
1220012546045837313
1220012536784814081
1220012532854861824
1220012479645978625
1220012466056417283
1220012452370190337
1220012393687855105
1220012342114570240
1220012335319773184
1220012330785759233
1220012326629380096
1220012317221498881
1220012300079259648
1220012281657950208
1220012277723615232
1220012261416173569
1220012247314886656
1220012234065072128
1220012145334554624
1220012129891143680
1220012123826290690
1220012110186516480
1220012082994638849
1220012076678164481
1220012059150012418
1220012021661388805
1220012009481101313
1220011928598089728
1220011894116737024
1220011836155678720
1220011819646930944
1220011808380997632
1220011790999797760
1220011721621999616
1220011562863218688
1220011511701049344
1220011478331187201
1220011473339969536
1220011442268598274
1220011380679462913
1220011325826326529
1220011260621676545
1220011237255323648
1220011182615973889
1220011143273406465
1220011081323565056
1220011064588292099
1220011046670258178
1220011019646447618
1220011003955433472
1220010974595424261
1220010822136664066
1220010807460876289
1220010800796045313
1220010749222719490
1220010743082274818
1220010717425938432
1220010704675078144
1220010669254180864
1220010657397059584
1220010628963803138
1220010627034304513
1220010579621924869
1220010573099749376
1220010568091762688
1220010543647465472
1220010530573713410
1220010521908281344
1220010437019746305
1220010368828768258
1220010321001103360
1220010261781696514
1220010259235758080
1220010245088403458
1220010216189612033
1220010171495264257
1220010147147239424
1220010066016780289
1220010018101022721
1220009978746101760
1220009960278380544
1220009881471598593
1220009839398535168
1220009785459793922
1220009692052643841
1220009659903250434
1220009612646080513
1220009606333620224
1220009521910665217
1220009403698548736
1220009390285185024
1220009305358790661
1220009250417713153
1220009153852313603
1220009149062250497
1220009106523602944
1220009102333468672
1220009064060477441
1220009046637330433
1220009044401741824
1220009031604957185
1220009020603301888
1220009014328807426
1220008978064609280
1220008889455742977
1220008878311526402
1220008845147164674
1220008824502808577
1220008797982248960
1220008772480798721
1220008653010493440
1220008578561409024
1220008520990351360
1220008483673632769
1220008472978259968
1220008436106067969
1220008396834795520
1220008391226953728
1220008367755792384
1220008330665398272
1220008292144930818
1220008289926373382
1220008286679814145
1220008164730511360
1220008038289092609
1220008015073427456
1220007864418230274
1220007844340101120
1220007814833168385
1220007798064455680
1220007736185778177
1220007735007334403
1220007723367927809
1220007718083149824
1220007658205265922
1220007655239901184
1220007616484532224
1220007580308652034
1220007541213581312
1220007506769899521
1220007464843784193
1220007462956339201
1220007447357607937
1220007407662723072
1220007360577572865
1220007315644067840
1220007152720523264
1220007124199034880
1220007089667395585
1220007081668902912
1220007069660540928
1220007042712244224
1220007030670315520
1220006963897163776
1220006961724317696
1220006955667714048
1220006843617107968
1220006833500221440
1220006824147128320
1220006809928372227
1220006789497921547
1220006778261258240
1220006742064607233
1220006702319161344
1220006679766499329
1220006640218333189
1220006633490665473
1220006617359347712
1220006607041396736
1220006604067590144
1220006600305364994
1220006467937296385
1220006409481244673
1220006391521386496
1220006332318670848
1220006309111549955
1220006298734882816
1220006254963240961
1220006111790751744
1220006055192580096
1220006045172420608
1220006020384051210
1220005982710878209
1220005950372757505
1220005948485300224
1220005898908602369
1220005876381048834
1220005871624884224
1220005862791503872
1220005854096719874
1220005845800345600
1220005807925760000
1220005714883575809
1220005696948908032
1220005676627316737
1220005672785301505
1220005501636730881
1220005491717230593
1220005481315368960
1220005475917402112
1220005472385683457
1220005393386168321
1220005311899037696
1220005122568142853
1220005066339311618
1220005032281563136
1220005009586212866
1220005008759906304
1220004981576622080
1220004930812964866
1220004929189773312
1220004893072609281
1220004846687805440
1220004743717646337
1220004725380141058
1220004684095574017
1220004669725888513
1220004656421601285
1220004639673765889
1220004609206321152
1220004605263843328
1220004600830480386
1220004529728450561
1220004472572665856
1220004412023803914
1220004398593708034
1220004369187237889
1220004319157579776
1220004286039392256
1220004281299824640
1220004261087440897
1220004189633314817
1220004080145186816
1220004076903026688
1220004064353824769
1220004047102476293
1220003925140443136
1220003888662605832
1220003860078415872
1220003801995722753
1220003772690092035
1220003735629254657
1220003726754242560
1220003584932241409
1220003565915131904
1220003533493174274
1220003502102958080
1220003474626072577
1220003458096349185
1220003450282340353
1220003405852069890
1220003371962159104
1220003358078930944
1220003331071864832
1220003288554201088
1220003280740372480
1220003272011829249
1220003234653196289
1220003191640809472
1220003162389565440
1220003119364358144
1220003084450975744
1220003074372067328
1220003060769943552
1220003050900713472
1220003030768082944
1220003009712668672
1220002999520514048
1220002911620485121
1220002880058322944
1220002854846504960
1220002850983432192
1220002805387120640
1220002774722609152
1220002756733407234
1220002726609813510
1220002685379850244
1220002503338520576
1220002466764222465
1220002442126880769
1220002437185957888
1220002414012448768
1220002380122443776
1220002318680121344
1220002315073019904
1220002237105070080
1220002227621810177
1220002193043947520
1220002192674811906
1220002117403807745
1220002054309076992
1220001983311970304
1220001964680810501
1220001874390155267
1220001864772542464
1220001846476935174
1220001782543343616
1220001772388810752
1220001637600612352
1220001620689408004
1220001589349404672
1220001548312252416
1220001449981050880
1220001319638855680
1220001261044453376
1220001152919457792
1220001097286176768
1220001080798375936
1220001006680862731
1220000940406652928
1220000873989849089
1220000851319803904
1220000801512275969
1220000793299836929
1220000778766565376
1220000772324126720
1220000768658300933
1220000716778950657
1220000640564224000
1220000637141700608
1220000621819875329
1220000512227139588
1220000418492755971
1220000370338009089
1220000366617485314
1220000353824804865
1220000334711611392
1220000110672670720
1219999938903334912
1219999924349173761
1219999876605300736
1219999792228552704
1219999786364887040
1219999771668008966
1219999769092939776
1219999764302811136
1219999705716776962
1219999622157848576
1219999604378406913
1219999561210458112
1219999530684301312
1219999512082731008
1219999501143822336
1219999404800847872
1219999252014751745
1219999195265781762
1219998963987886080
1219998963408859138
1219998923592355840
1219998889945837568
1219998826678738945
1219998808328720384
1219998690531782657
1219998667655925760
1219998645434503170
1219998610244292608
1219998581869776896
1219998560655032320
1219998496889008128
1219998408368324608
1219998177744441346
1219998173223014401
1220013220611723264
1220012979414016000
1220012802842284032
1220012262968061952
1220012050904240128
1220011701178970113
1220011303101784068
1220010952680263681
1220010162234126336
1220009726471049216
1220009522485452800
1220009294483030018
1220009062110093312
1220008238835331072
1220007946408603654
1220007288884408320
1220006901624135680
1220006828765077505
1220006462027718656
1220006391546613760
1220005173801541633
1220004874332536836
1220000909335433217
1220000841861664774
1220000191878594560
1219998542812631040
1220010871767912448
1220009958995001344
1220005162279829505
1220003454883594241
1220002414322843648
1220000172798894080
1219999262282526721
1219999131621457920
1220013244242202626
1220013243344805889
1220013227112665088
1220013222255710208
1220013195949031424
1220013195307278336
1220013191494807559
1220013190584528897
1220013170145652737
1220013135664312321
1220013129955868672
1220013121948962816
1220013114936168450
1220013092609974273
1220013091334823936
1220013075891228673
1220013068719050752
1220013066047246336
1220012963572211712
1220012959629316112
1220012930399272960
1220012926196518912
1220012917891813377
1220012915681456128
1220012912837722114
1220012909780140032
1220012900804259840
1220012900317716483
1220012886275194881
1220012885927243782
1220012881623896065
1220012877135912965
1220012870483824643
1220012865635012610
1220012855799549952
1220012851189829633
1220012824409198594
1220012822664339456
1220012821041180672
1220012765357711360
1220012762291560454
1220012761280851968
1220012760358146048
1220012755278630917
1220012748299370496
1220012739185131520
1220012735678709760
1220012734571601920
1220012678070112257
1220012652912611328
1220012644691841029
1220012614492676096
1220012598214758400
1220012596713181190
1220012570305798146
1220012536684253190
1220012512948604935
1220012499669540864
1220012491998220288
1220012485446520833
1220012464739246080
1220012455809703938
1220012451476824064
1220012443109167104
1220012413925224449
1220012404349628417
1220012398171557890
1220012367406194689
1220012362318647297
1220012319423352832
1220012313408720896
1220012310112030720
1220012293578055682
1220012292462366720
1220012287144054784
1220012283755159554
1220012283725828099
1220012268865277953
1220012254009139201
1220012250624217088
1220012242055434241
1220012234048335873
1220012224502063104
1220012207146012677
1220012204864540673
1220012201446137857
1220012191241441286
1220012185264541707
1220012177588879362
1220012149201727490
1220012139408048129
1220012134144364544
1220012114200297472
1220012067802906624
1220012041827684353
1220012041546670080
1220012034806427650
1220012021661519875
1220012009372246016
1220012004393525472
1220011999939059712
1220011997044981760
1220011994645962752
1220011983157760002
1220011970197278725
1220011967534063617
1220011966539927567
1220011960860725249
1220011955060125696
1220011950513496064
1220011939901984768
1220011935388749824
1220011932402384896
1220011925494304773
1220011897505738752
1220011880040689664
1220011871467532288
1220011870431526914
1220011851293118464
1220011820657889281
1220011793537306624
1220011720057421824
1220011717146497024
1220011683797774336
1220011623928287232
1220011616349097984
1220011600939118593
1220011586078855168
1220011581628669959
1220011578700914688
1220011551501045762
1220011547021455362
1220011533968662528
1220011517598408705
1220011504570748928
1220011504050888706
1220011493351219205
1220011482047336448
1220011463219253249
1220011459062554625
1220011456566980608
1220011453261996033
1220011452339081221
1220011439672512514
1220011422119124992
1220011407443283972
1220011366947467265
1220011359967907840
1220011304556957698
1220011281597358080
1220011219249180672
1220011116933218304
1220011090291105792
1220011008770527235
1220010991439601664
1220010977929785344
1220010962876452865
1220010921847742464
1220010919801106438
1220010807016284161
1220010778973085696
1220010771247009794
1220010767300333571
1220010748530786305
1220010724392566785
1220010581920534528
1220010572286177281
1220010525527949312
1220010519270002688
1220010353486024705
1220010352718434306
1220010343512133633
1220010257159806979
1220010203321700353
1220010167879852032
1220010122262523906
1220010112355635200
1220010106257100800
1220010104721821697
1220010004348121089
1220009998434164739
1220009945640230912
1220009929160953856
1220009911938998273
1220009908935913472
1220009856863592448
1220009775691264000
1220009676852617216
1220009676068343808
1220009574477885440
1220009573563584513
1220009561962139648
1220009519847235589
1220009473173049344
1220009451404480514
1220009377048006656
1220009332634542088
1220009330474287105
1220009319032393735
1220009308051660802
1220009293606531073
1220009278242725888
1220009266158850048
1220009226103222272
1220009089910132742
1220009053646196737
1220009032536285185
1220009008658092039
1220008998541385728
1220008983999762434
1220008884544397315
1220008859068137473
1220008785651040257
1220008768794234882
1220008767087169539
1220008744995573760
1220008730965741569
1220008730638635013
1220008728906235905
1220008724468813824
1220008714251505665
1220008707506917376
1220008657074774016
1220008638405906432
1220008617748942849
1220008613575397376
1220008604473819136
1220008586170052609
1220008468532232199
1220008445098778631
1220008423770804225
1220008396054654977
1220008384994447364
1220008372046450689
1220008346427838464
1220008306930077696
1220008215661821953
1220008208036614145
1220008196221177856
1220008195827077120
1220008189040578562
1220008184317792256
1220008164357214208
1220008154097995778
1220008124825780224
1220008100612018178
1220008098775097344
1220008096329687040
1220008095717310465
1220008081091788800
1220008060233478144
1220008050435686401
1220007993489657856
1220007975286235138
1220007974883581953
1220007954289590272
1220007917572616192
1220007763050283009
1220007749356003328
1220007737737863168
1220007728225099776
1220007717286354944
1220007714132242433
1220007689234927618
1220007680116346882
1220007644779270144
1220007642904584192
1220007618070110209
1220007616979464192
1220007598063263745
1220007597572362244
1220007587069988865
1220007558779473921
1220007531533127680
1220007523245121541
1220007489057456130
1220007457373720583
1220007378625548288
1220007364373315589
1220007349651263490
1220007345641517056
1220007278314549255
1220007276876128257
1220007263009509376
1220007254071574528
1220007232735207424
1220007200535412736
1220007195984613376
1220007190645309441
1220007176862760961
1220007151579488257
1220007134907129856
1220007134311714818
1220007133514813440
1220007125080059904
1220007119312838660
1220007118595489792
1220007114011291653
1220007110940839936
1220007096781017317
1220007091777101824
1220007088996278273
1220007075474018304
1220007071678070784
1220007026203357184
1220007018620235776
1220006993202565120
1220006975729094662
1220006929424093184
1220006846917939200
1220006832841920512
1220006753053691909
1220006721885736961
1220006647625658368
1220006625219510274
1220006619582431232
1220006618076573697
1220006614184484867
1220006609935466496
1220006603593785344
1220006594768846848
1220006594290888705
1220006592843784192
1220006585059037184
1220006562569367553
1220006551328456706
1220006540658130944
1220006533934616577
1220006517765632003
1220006510828363777
1220006506676047873
1220006497440227329
1220006479102529538
1220006432835162112
1220006430880739328
1220006408730697732
1220006407589769224
1220006375138312192
1220006374760861697
1220006338455097344
1220006330858999810
1220006316585996290
1220006308893487104
1220006288089894913
1220006288005816323
1220006282570207232
1220006278677684225
1220006277654269952
1220006268468748288
1220006261980139520
1220006258071109632
1220006187715977217
1220006171731468288
1220006170351620097
1220006157978222592
1220006147815628800
1220006131109486592
1220006127393439745
1220006114101809152
1220006110133800960
1220006098951966726
1220006051082227715
1220006046120300544
1220006046032371719
1220006041783558144
1220006030903373825
1220006014822625280
1220006008338010113
1220005999001702402
1220005975555551233
1220005960179167233
1220005951643815936
1220005908840771586
1220005903967117312
1220005899579875328
1220005882152521729
1220005851211059201
1220005843057496065
1220005832550645760
1220005822648012800
1220005822056538112
1220005821146267648
1220005807158415361
1220005804528545792
1220005777705852929
1220005766184067074
1220005748740104193
1220005744164012032
1220005742691794944
1220005726703063040
1220005700753072128
1220005699410788352
1220005678216953856
1220005665860509699
1220005665625853954
1220005661368619010
1220005658323378177
1220005608042065920
1220005587120869378
1220005578233110533
1220005573023821824
1220005514513391618
1220005500047237121
1220005494263169029
1220005477553246209
1220005476450082816
1220005457059672065
1220005356857769985
1220005347617734657
1220005317527973888
1220005315174899715
1220005307037954056
1220005270606114816
1220005207343538176
1220005189492658188
1220005182060105728
1220005156399435778
1220005101181526017
1220005098161459200
1220005089915686914
1220005070265180163
1220005065781579776
1220005055111344128
1220005041693548545
1220005039936286720
1220005013835198465
1220005002418311168
1220004993773768704
1220004992389730304
1220004940728266752
1220004929206734848
1220004893198635014
1220004883803197441
1220004882482024453
1220004876991827971
1220004859501408257
1220004853465919490
1220004840081952768
1220004821874413574
1220004815188590593
1220004801854861312
1220004798172422146
1220004781747363840
1220004780988219392
1220004752194527233
1220004746662117379
1220004742874718208
1220004729671032832
1220004691054120961
1220004680429981697
1220004669168054272
1220004625438236673
1220004614730158080
1220004582127882241
1220004581658120192
1220004570388037632
1220004570363060225
1220004567133323264
1220004556798480384
1220004541845983232
1220004538540863500
1220004536011481088
1220004533771747328
1220004531146113024
1220004512414556161
1220004473147285505
1220004454545678336
1220004453702610944
1220004436602445824
1220004420919808000
1220004415085543424
1220004412153827328
1220004373440319488
1220004364619788293
1220004353928462339
1220004338011136000
1220004337142960128
1220004325117722624
1220004317085732865
1220004291416674304
1220004263285358595
1220004242645245953
1220004242049642496
1220004236303335424
1220004235535732736
1220004218985009154
1220004204120399872
1220004202224603136
1220004200664518657
1220004184801660928
1220004162147979264
1220004157693796353
1220004132267839488
1220004124822913025
1220004108746346497
1220004105059536896
1220004094972055553
1220004090769485824
1220004070532034565
1220004063363788800
1220004061543530502
1220004056858533890
1220004043403210752
1220004027351482370
1220004018635911174
1220004007617404929
1220004004006113281
1220003991586734083
1220003969449115649
1220003945755574275
1220003942836424706
1220003914105286657
1220003911333040129
1220003901983817731
1220003900926779392
1220003897151877120
1220003882354597891
1220003870174318600
1220003856299458560
1220003839845130240
1220003836439384066
1220003814498959361
1220003812775165952
1220003804730417152
1220003784409128964
1220003752783966219
1220003750355619840
1220003741790720001
1220003724191391747
1220003691849289730
1220003667341910016
1220003663080579072
1220003649159602181
1220003631967232000
1220003630746566664
1220003626468331521
1220003598479872007
1220003587054456832
1220003583464177671
1220003576346546176
1220003565466374144
1220003558713544704
1220003552476585985
1220003547242291202
1220003533191204865
1220003516141293568
1220003502149099521
1220003490166202369
1220003461833678849
1220003452803305475
1220003450928287744
1220003438467145729
1220003433459130370
1220003415687823361
1220003402106785799
1220003392262672391
1220003361992454144
1220003354916425728
1220003335685603328
1220003295143612417
1220003282132795392
1220003272406130688
1220003258284085248
1220003235769016321
1220003225379598343
1220003190197882880
1220003179875663872
1220003170933493762
1220003164646019072
1220003148649111558
1220003104457986048
1220003096241242113
1220003070479929344
1220003052817506309
1220003032089288704
1220003010006396928
1220002984588804097
1220002973625077765
1220002931585536000
1220002920290078720
1220002918784331776
1220002877613068289
1220002877529362439
1220002872521371648
1220002856951898114
1220002830066573312
1220002820927184899
1220002808096854017
1220002804997263362
1220002784046538752
1220002766732447744
1220002757991718918
1220002755244445703
1220002751830208512
1220002736588062720
1220002732981047296
1220002730204250113
1220002704258404353
1220002683022692352
1220002676978733057
1220002661862387713
1220002654878752768
1220002620150099969
1220002598884909058
1220002597324709888
1220002540642803713
1220002539820634112
1220002535517368320
1220002516177342465
1220002488654409728
1220002476985896960
1220002472585859072
1220002420094169090
1220002406576029696
1220002383620497413
1220002368185520128
1220002365203472385
1220002363093790720
1220002341883121664
1220002324346736643
1220002312254578690
1220002303228497920
1220002282252562437
1220002247888842752
1220002247746019334
1220002229718900738
1220002221674287104
1220002214527356928
1220002212522278913
1220002202535612418
1220002196009426947
1220002171690848259
1220002162685558789
1220002155077283846
1220002152497795073
1220002119035604992
1220002105857118208
1220002105190014976
1220002104124805122
1220002091571339264
1220002091353231360
1220002085502160897
1220002078833037313
1220002053088600065
1220002039532417026
1220002026039496710
1220002025058054153
1220002016031674369
1220001978358435841
1220001974319534082
1220001954790768641
1220001926583947264
1220001916140359681
1220001885609848833
1220001844279136258
1220001827636293633
1220001820954619904
1220001820392730624
1220001817267863552
1220001796657238017
1220001788599971840
1220001777984114694
1220001773785497603
1220001764134596608
1220001762481827846
1220001756236668928
1220001745461563392
1220001726175956993
1220001711911124992
1220001700066422784
1220001686950838272
1220001674313396225
1220001667501957121
1220001653899890688
1220001652624842752
1220001622601891843
1220001615400308742
1220001588867162119
1220001585633169414
1220001577580355590
1220001565609811968
1220001539621699584
1220001530818039809
1220001432352542720
1220001422567067648
1220001417793961984
1220001407727808512
1220001377901891586
1220001368762716161
1220001341004812290
1220001312701468672
1220001307756388368
1220001285266644995
1220001276475383808
1220001270355775488
1220001266081730560
1220001265951952898
1220001254098788352
1220001239230025735
1220001216882712576
1220001215213228033
1220001203532120064
1220001201221177350
1220001201044869121
1220001182158028801
1220001176478863367
1220001170539851776
1220001163568959489
1220001161438285825
1220001155771592706
1220001133525196800
1220001087190654976
1220001078235795456
1220001053917306882
1220001053078360064
1220001047915171841
1220000996262207493
1220000989241102341
1220000965677457408
1220000964582739969
1220000953916481536
1220000932085346304
1220000925240168449
1220000909867937797
1220000903379537921
1220000877752332289
1220000875462057986
1220000851546296320
1220000850996711426
1220000848304115725
1220000808818724866
1220000799016673285
1220000794092675072
1220000778754166786
1220000767257579522
1220000757459537920
1220000688853286912
1220000665029746690
1220000639046115328
1220000635325542400
1220000619626487809
1220000598835126272
1220000583504916480
1220000579692318720
1220000575053430784
1220000562227236864
1220000533815201794
1220000516974891009
1220000502810726401
1220000498410852352
1220000493226749958
1220000474226663425
1220000470720114689
1220000470371991552
1220000454035283968
1220000444652621824
1220000423928639489
1220000416857034752
1220000401929338881
1220000382782361600
1220000379401883650
1220000374179889152
1220000373211045889
1220000372464459777
1220000360967917570
1220000356098347014
1220000351018942465
1220000342705721344
1220000334854152194
1220000329632059393
1220000323277852683
1220000300829822976
1220000293263249414
1220000290495053825
1220000256386981888
1220000224346808320
1220000163038728193
1220000160085938176
1220000158789730305
1220000127261212672
1220000112287547394
1220000061796413441
1220000057312915457
1220000051344310275
1220000019006124033
1220000010906898433
1219999997703311366
1219999995044089856
1219999971547787268
1219999963637092357
1219999924999188480
1219999892233445376
1219999891000385538
1219999879986139136
1219999877192507394
1219999852970397696
1219999849531215878
1219999832070393867
1219999770682560512
1219999742861697024
1219999719105159168
1219999699408572416
1219999695600308224
1219999682664914944
1219999663534813185
1219999656597430276
1219999650301861893
1219999609855959040
1219999603535306752
1219999600196702209
1219999581209055232
1219999579078365185
1219999561852366852
1219999523314921472
1219999521750433792
1219999481237778433
1219999447527985154
1219999425679908864
1219999421301055488
1219999420059533312
1219999413738856448
1219999407598379008
1219999406906175488
1219999367349899264
1219999359648952321
1219999346177036293
1219999325939331073
1219999309464244226
1219999284277534720
1219999252497096705
1219999244532228097
1219999235313061888
1219999218569502721
1219999209572720640
1219999189620359168
1219999189557481472
1219999162520854528
1219999157735215104
1219999116471697408
1219999103016304640
1219999082707673088
1219999067117240320
1219999045814341632
1219999022645219328
1219998990986547205
1219998979389304839
1219998953569042433
1219998906827800577
1219998877303967744
1219998843707645952
1219998822287519744
1219998790406434816
1219998789303291904
1219998746592927744
1219998716221743105
1219998693853548545
1219998677281865728
1219998673381339137
1219998658055114752
1219998635904995328
1219998625926959104
1219998621820751877
1219998607232757761
1219998537280294912
1219998506217365505
1219998497677512704
1219998494481469440
1219998479512154120
1219998465213599744
1219998439620083714
1219998425241944066
1219998418753343488
1219998352491700234
1219998344468213767
1219998334045155328
1219998317649825792
1219998300440367105
1219998299694010369
1219998292207030272
1219998290076295168
1219998283671666689
1219998282287464449
1219998262498906118
1219998261613924352
1219998252088598529
1219998247487463424
1219998235172802560
1219998220543307779
1219998198212767744
1219998198061785093
1219998193854771205
