1219847004546834433
1219847000121847808
1219846949303533569
1219846937614131200
1219846782760427520
1219846594406899713
1219846562089750529
1219846313975529475
1219846286884556800
1219846261081329669
1219846217540231169
1219845956323233797
1219845860185509889
1219845841650765824
1219845630870376448
1219845608053387264
1219845606799216641
1219845584128921600
1219845562566090758
1219845493259268096
1219845409029398529
1219845326183354368
1219845248106536960
1219844982565167105
1219844960398315521
1219844897978621952
1219844763790249984
1219844705371992065
1219844666214047746
1219844544260214786
1219844531257872384
1219844497393082368
1219844481861599233
1219844464241520640
1219844434503720961
1219844392745422848
1219844327389716480
1219844243805687808
1219844189686337537
1219844076213690368
1219843916934967296
1219843899507793920
1219843723510501376
1219843707920441345
1219843696767787008
1219843691684057088
1219843687011815424
1219843657408356352
1219843630552272896
1219843589141823488
1219843473014018048
1219843442081054720
1219843404999352320
1219843381645533185
1219843261742927874
1219843227458637824
1219843161847144449
1219843128212897792
1219842920225873920
1219842839804358656
1219842837661044736
1219842831482642432
1219842769734139904
1219842695889162240
1219842692869476353
1219842690478673920
1219842634816065536
1219842356850987008
1219842113472471041
1219842057440845831
1219841870672486401
1219841735385329665
1219841714912808960
1219841477079183361
1219841467314778113
1219841443637809152
1219841270203457536
1219841236221063169
1219841171910004737
1219841044537319426
1219840990690676736
1219840972831567872
1219840884503650304
1219840874487533568
1219840725669597184
1219840718476234752
1219840658581553152
1219840548841959424
1219840510921248770
1219840360962084870
1219840319757455360
1219840303449956352
1219840206519422976
1219840162802343943
1219840148348768256
1219840144112586752
1219840120083251200
1219840071236349952
1219840040135729153
1219840010779873281
1219840003980718087
1219839890361327616
1219839874116866049
1219839777777897473
1219839658386956288
1219839628666077184
1219839567030702080
1219839430879399936
1219839428841156609
1219839406351106048
1219839370045403137
1219839080629854209
1219839064821706752
1219838855395737601
1219838818553139201
1219838776333230080
1219838606723907585
1219838480609677313
1219838454005149696
1219838249935310848
1219838150530351104
1219837999401160705
1219837973790973953
1219837900876943360
1219837881289605120
1219837661063655424
1219837600095199232
1219837579408707586
1219837464417914881
1219837458260676616
1219837373690851328
1219837312114286594
1219837225384513536
1219837222192631809
1219837209404231686
1219837151606644736
1219837139002765313
1219837104840151046
1219836999147905024
1219836919476977664
1219836791450030081
1219836717978439687
1219836703453564928
1219836467440160768
1219836430182039552
1219836414273019905
1219836397177143298
1219836349471232000
1219836307553153026
1219836257972490240
1219836242466103296
1219836226288717825
1219835856980189184
1219835677287899136
1219835629065908231
1219835595406610433
1219835586246131713
1219835500174856192
1219835362660323340
1219835290019336193
1219835279806058497
1219835162634129408
1219835087421935617
1219835047013842944
1219834889576624128
1219834872166080513
1219834858048032769
1219834795598831618
1219834779576586240
1219834734626230273
1219834719757463552
1219834691597021184
1219834688841318403
1219834541533089793
1219834487036620801
1219834369575022592
1219834315380379648
1219834228059312129
1219834226851188736
1219834209948205058
1219834126251020288
1219834122308390917
1219834111361257477
1219834099763904512
1219834095758389248
1219834018792951811
1219833985280479235
1219833979030900737
1219833801674719232
1219833792195633152
1219833669965230080
1219833657449381888
1219833573265629185
1219833560863006722
1219833526662717442
1219833445125255170
1219833432819159041
1219833420349460481
1219833401915535360
1219833361344159746
1219833293824282625
1219833188597542913
1219833185695080448
1219833140782477313
1219833057823166465
1219833022750564353
1219832964663500800
1219832937300086787
1219832898640965632
1219832891011629056
1219832804248342528
1219832796748951552
1219832738141941762
1219832663743197184
1219832632688758784
1219832630256066562
1219832615743770624
1219832604041601024
1219832598475628544
1219832593203564545
1219832584722620416
1219832511385284608
1219832508688162816
1219832457542823936
1219832397790760966
1219832335710818304
1219832271500402688
1219832252776898560
1219832236419112960
1219832137743863808
1219832074770796545
1219845583529111552
1219845331262722049
1219845261846953984
1219843702845136896
1219841406060990466
1219841291212619776
1219841089403789312
1219840734418747393
1219840449931829249
1219840322546601984
1219840286517366784
1219840092312756225
1219839180328431619
1219838131005874176
1219837761504440320
1219837472558895104
1219837157910540288
1219836498624647168
1219836240490463232
1219835843096891392
1219835281643196416
1219834882303512576
1219834037411336192
1219832558369665026
