1219892424694169601
1219892400153415681
1219892353051373574
1219892164005527552
1219892093109227520
1219892040072220673
1219892031398350848
1219891919519543297
1219891872581193729
1219891864775675904
1219891791391903744
1219891702250389504
1219891600672735233
1219891308854157318
1219891263777820672
1219891247285985280
1219891190855806977
1219891154172497921
1219891123323191296
1219890868817100801
1219890828589424640
1219890623844704256
1219890619864309761
1219890551916564480
1219890537010016256
1219890390502793216
1219890373792845824
1219890322735599617
1219890016622645248
1219889827233107968
1219889718999093249
1219889672672776192
1219889400659750915
1219889343688400896
1219889283248672768
1219889215787266048
1219889115514068993
1219889102545457152
1219889089928990722
1219889004990148608
1219888789843259392
1219888640446255104
1219888638667972608
1219888456265957378
1219888430064160768
1219888350502379521
1219888239231717376
1219888082259824640
1219888025880031233
1219887842748325888
1219887332997812226
1219886919607185410
1219886870819110912
1219886791286763520
1219886494585950209
1219886234819973121
1219886233800839168
1219886201605410816
1219886171255459841
1219886151172886530
1219885954904670210
1219885631637196808
1219885490415063042
1219885488699531265
1219885469942632449
1219885126760321024
1219885114668261378
1219885070586142721
1219885006048251904
1219884874854739968
1219884807858966528
1219884527193149440
1219884444120539137
1219884428496920576
1219884403419222016
1219884223303012352
1219884214922792960
1219883718422224896
1219883616689434624
1219883602680406017
1219883595050909697
1219883580521738240
1219883555364524032
1219883530768904192
1219883275499405315
1219882808056909824
1219882768286371840
1219882651345047552
1219882586828181504
1219882549268316160
1219882524425351169
1219882403226845185
1219882396859822080
1219882271890497536
1219882132207783941
1219882116672032770
1219881885989404673
1219881702522335232
1219881653104807936
1219881554274447361
1219881544443146241
1219881167132012544
1219881117278461953
1219881054540062720
1219880959698440193
1219880754722766849
1219880735001149440
1219880654382555136
1219880626385408001
1219880398756306944
1219880384722325504
1219880374278459392
1219880147769159680
1219880056908132352
1219880045889671169
1219879948829237250
1219879947143172096
1219879716867448832
1219879482712109058
1219879476844208128
1219879474642030592
1219879392299700224
1219879390823079936
1219879131636068353
1219879106440986624
1219879099507732484
1219879095888154630
1219879049020899328
1219879003932123136
1219878938748440576
1219878935212843008
1219878907484176384
1219878695789162499
1219878433968336896
1219878281870282752
1219878240862470144
1219878165335560192
1219877578011553792
1219877369781145601
1219892453098041344
1219892395732430849
1219891913999863808
1219891683682222080
1219891548776620032
1219891235353063424
1219890641003352066
1219890108381442053
1219889773008916481
1219889519069036544
1219889474978500608
1219889467235815424
1219885816266162178
1219885433355530241
1219881396879020032
1219881309872558080
1219881147670454273
1219881039801151488
1219880873446690816
1219880673307025408
1219879606775373824
1219891759775473664
