1219931643034701824
1219937691795587072
1219937480721489923
1219937460161011714
1219937452669825024
1219937357886943233
1219937351448834049
1219937313456713728
1219937260059099136
1219937202030940160
1219937186801442817
1219937163845996545
1219937161740541953
1219937158808530946
1219937118904111107
1219937105335476224
1219937069243478018
1219936917325844485
1219936904554123264
1219936855061422081
1219936808961601536
1219936678250450945
1219936658235236353
1219936651708784641
1219936623862804481
1219936619903553536
1219936586806300672
1219936555273351168
1219936536835346433
1219936472691810304
1219936380643684353
1219936379356045319
1219936372036984832
1219936358921207808
1219936333969395712
1219936216046456837
1219936153802960896
1219936098606075909
1219936067807252480
1219936020810141696
1219935965323546625
1219935799761874950
1219935702676398088
1219935618320326656
1219935531615903744
1219935510497505282
1219935428985466881
1219935310819229697
1219935262094045185
1219935242720628736
1219935238543106048
1219935230552891395
1219935212467040256
1219935171090272262
1219935169479446528
1219935122285322240
1219935106246283265
1219935037581230080
1219935014160224257
1219934977959264256
1219934967339220992
1219934932618895360
1219934922661670913
1219934910691139585
1219934865853947904
1219934832526077952
1219934826834382848
1219934729316847616
1219934712896028672
1219934556435906560
1219934532297809920
1219934513024946179
1219934499431120896
1219934466585567232
1219934424470560768
1219934380577021955
1219934367147089921
1219934287547584512
1219934237924655104
1219934211542528000
1219934128876990464
1219934125643223040
1219934097369264128
1219934006990589952
1219933918998253568
1219933867827703808
1219933848957542400
1219933822109868032
1219933815168229376
1219933814560120834
1219933691960389632
1219933577598656512
1219933536825888768
1219933515674013696
1219933490243866624
1219933487622492161
1219933441581445121
1219933337785114624
1219933226808086528
1219933216192122881
1219933145769922561
1219932964009795584
1219932952504619008
1219932830119030784
1219932816940490752
1219932793326583811
1219932781012226048
1219932740482670592
1219932737265709056
1219932709734232064
1219932700020224000
1219932675995250691
1219932644793880576
1219932578687352832
1219932569900371968
1219932537528537095
1219932480477782016
1219932462756827141
1219932445199474688
1219932442116743170
1219932391373930496
1219932388073058304
1219932346633179136
1219932256007073792
1219932223874326528
1219932110703812608
1219932096300322816
1219932084938035200
1219932009235017728
1219931975919841282
1219931880226684931
1219931865114730496
1219931855706894340
1219931804838309889
1219931793866006528
1219931778074468352
1219931757346201601
1219931682704363521
1219931644867567620
1219931630481002496
1219931613792030720
1219931603654397952
1219931571177840640
1219931545995112448
1219931509894893570
1219931495353266178
1219931409260793856
1219931320085897218
1219931274166407170
1219931243497906177
1219931194239799297
1219931185062776833
1219931178494504961
1219931176367992833
1219931158323941377
1219931092347539457
1219930984826560512
1219930960420052992
1219930916799291392
1219930805084049409
1219930794921209856
1219930759525359616
1219930728793767936
1219930697965522945
1219930658790957056
1219930355706155009
1219930354817126400
1219930348257079296
1219930348160802821
1219930263326797824
1219930245106548737
1219930237439561730
1219930203683741698
1219930191159422977
1219930108061982720
1219929958736330752
1219929821490434050
1219929781250265088
1219929774837071872
1219929759217356800
1219929654196232192
1219929634881429505
1219929621459656704
1219929606695915520
1219929550282510336
1219929536810405888
1219929354588704769
1219929346544226304
1219929193343082502
1219929139685150720
1219929098538979328
1219929081111773184
1219928979009724418
1219928971921379328
1219928965915213826
1219928958936010754
1219928954749902848
1219928915751211009
1219928906876190721
1219928894654029824
1219928883312508929
1219928848348766213
1219928804828897280
1219928804560338946
1219928718040293376
1219928696322166785
1219928608690647040
1219928582085939202
1219928529690738690
1219928523479166976
1219928388384763904
1219928229865304064
1219928173858541568
1219928125536178176
1219928118892195840
1219928094691282946
1219928002978635777
1219927985144254465
1219927951266828290
1219927936897183745
1219927920077987840
1219927902638215169
1219927900989853697
1219927870287622144
1219927863664750593
1219927843976679425
1219927840507998213
1219927739794366464
1219927733037346817
1219927670718451713
1219927643249922048
1219927635939266560
1219927621791821826
1219927614510399488
1219927582902087683
1219927461472813056
1219927400726708225
1219927373379985408
1219927051165106176
1219927043992969218
1219926971569799174
1219926906830610432
1219926772080422912
1219926766564843521
1219926720284954624
1219926696041820160
1219926566383357952
1219926518006026240
1219926502126452736
1219926497089216512
1219926489103323136
1219926413781790720
1219926398443442176
1219926376251301890
1219926194503766017
1219926169744789504
1219926159686692865
1219926149381357568
1219926116380631041
1219926089105100808
1219926060579672064
1219926019701866499
1219925837069389824
1219925819692212224
1219925781633257477
1219925778894188544
1219925771239743488
1219925627790217216
1219925535838670848
1219925467970457600
1219925460349415424
1219925414979739648
1219925368129359872
1219925358247665665
1219925272713138177
1219925244087087104
1219925212675919872
1219925202911580160
1219925199631437824
1219925197182185472
1219925151074131968
1219925103275692032
1219925063396405248
1219925050314326016
1219925029330153472
1219924995650002945
1219924940155060226
1219924933213638658
1219924914251149312
1219924718540603392
1219924707690139648
1219924652719517698
1219924647006941184
1219924625993265154
1219924612747792384
1219924575657451520
1219924559564066816
1219924550021996546
1219924397714112512
1219924374884638720
1219924341774745600
1219924278105210880
1219924269192187905
1219924263483924481
1219924214821552133
1219924159746191360
1219924081350299652
1219924024714612737
1219923978732523522
1219923781583626240
1219923778098139137
1219923654890479616
1219923645323251712
1219923629858791424
1219923618152570881
1219923580680536064
1219923579325693952
1219923568366170112
1219923534027333633
1219923533335150592
1219923514875973632
1219923433049354240
1219923408252592134
1219923299649695744
1219923254770589696
1219923116593336321
1219923089091416066
1219923084960051200
1219923009487671296
1219922940826812416
1219922891300593664
1219922868391358464
1219922682994679808
1219922671842091008
1219937679300866053
1219937675727130626
1219937675551092736
1219937597142851585
1219937533284552705
1219937476975960064
1219937421162270720
1219937412362596352
1219937189007507456
1219937171299127299
1219937046250147841
1219936998925881344
1219936985105584128
1219936808185651200
1219936700782149632
1219936696935964672
1219936594368483329
1219936587829506048
1219936571069063168
1219936548549992448
1219936529734303746
1219936440622075905
1219936421806366720
1219936407730499586
1219936406686126080
1219936406455246848
1219936389971623936
1219936336611872770
1219936327560585216
1219936300125392897
1219936198501658626
1219936120491790336
1219936102158438400
1219936091681120256
1219936022072442881
1219936015126691841
1219935998055874561
1219935905315614721
1219935846838628352
1219935732090986496
1219935710766985216
1219935682044416002
1219935647579983879
1219935617741512704
1219935614914555906
1219935612037283841
1219935568055812096
1219935494651305985
1219935477396131840
1219935364275527681
1219935362627207169
1219935347532075009
1219935313537036289
1219935301142900736
1219935215411314688
1219935124688535552
1219935104794951680
1219935034120929280
1219934942404079616
1219934936448159745
1219934935982600192
1219934916227387395
1219934876473810945
1219934785876840449
1219934750804082688
1219934709767004161
1219934652774801410
1219934569505460224
1219934558587473925
1219934537326583808
1219934514585014272
1219934508096479234
1219934479013138438
1219934455093055488
1219934444967972864
1219934337136644097
1219934280031191045
1219934264235450369
1219934252596285440
1219934241833619456
1219934212918087680
1219934157385527297
1219934088083038208
1219934070114639872
1219934067614896129
1219934003639263233
1219933947963949057
1219933688357670912
1219933685752815617
1219933684007964678
1219933671404208129
1219933670909177857
1219933588172312577
1219933585106321409
1219933569843257344
1219933524922208257
1219933497986437120
1219933479514718209
1219933375269462016
1219933251567001600
1219933030778695682
1219932966765252608
1219932886717079552
1219932861257568256
1219932733331263488
1219932639152496640
1219932526409478149
1219932419270291461
1219932408520138752
1219932352723316736
1219932351959928832
1219932347577118720
1219932242618830849
1219932225178886144
1219932139820445696
1219932068164976641
1219932058581159936
1219931999642587143
1219931938804228097
1219931915043639297
1219931896261443584
1219931881967276032
1219931871183810560
1219931870369992704
1219931769291464704
1219931753084833793
1219931721765916672
1219931615016771584
1219931533408002049
1219931527565307906
1219931518987980800
1219931515884384257
1219931456576933888
1219931155488702464
1219931093228564480
1219930965771898880
1219930905159987201
1219930858074841088
1219930842257973249
1219930808363945984
1219930795059531779
1219930746590117888
1219930725740240902
1219930581196103681
1219930558924558337
1219930480960622592
1219930350740094976
1219930158833946624
1219930150361391104
1219930039975677957
1219929986699673600
1219929929363513344
1219929776665718784
1219929736358481920
1219929712312455169
1219929670927339521
1219929596641984512
1219929540996153344
1219929494523465733
1219929489007767553
1219929184455118848
1219929177199140864
1219929157074767872
1219929149378158594
1219929112933851136
1219929044269117442
1219929008810463238
1219928922449743872
1219928846704623616
1219928827142365185
1219928754790830080
1219928730555969537
1219928718346309633
1219928577342226434
1219928457158676480
1219928392864337920
1219928332940132352
1219928324794802177
1219928296223150080
1219928218267832320
1219928173888053250
1219927982464094208
1219927922309353472
1219927916101783552
1219927881859719168
1219927809109311488
1219927731065905152
1219927727886651392
1219927700468453376
1219927696089608192
1219927677928230912
1219927672492449792
1219927660438020097
1219927569413263360
1219927533241520128
1219927504540094464
1219927419504582658
1219927416321167362
1219927209529315329
1219927099282034688
1219927060178587649
1219927052087787520
1219926987130621952
1219926916397850624
1219926884676296705
1219926874530467840
1219926839113613313
1219926818402324480
1219926798747652097
1219926646112780290
1219926531339771904
1219926489329618945
1219926456236695552
1219926447264944133
1219926393351393280
1219926292016947201
1219926092795936776
1219926065021210625
1219925971433742336
1219925914525433856
1219925911627235328
1219925899727949829
1219925781809258496
1219925655116075008
1219925634727608321
1219925463071543296
1219925426698514432
1219925129922134017
1219925060925845505
1219925040554070016
1219925028994568193
1219924774404575232
1219924763319197696
1219924715030155264
1219924678883414017
1219924405934931969
1219924371160162304
1219924370463703040
1219924366915276800
1219924317464477696
1219924294173523968
1219924186694504449
1219924113109790723
1219924110215503873
1219924064464076802
1219924054620045312
1219924030376906752
1219923985351110656
1219923939943682048
1219923913536393216
1219923902614233089
1219923901691703296
1219923887527546880
1219923852320358400
1219923735727099904
1219923553342173184
1219923478364573697
1219923444843741184
1219923339499556864
1219923275150700544
1219923213678977024
1219923141335535616
1219923125414105090
1219923119067910144
1219923106468257792
1219923094250217472
1219923028496138243
1219922886774804480
1219922817338077189
1219922739412127745
1219937748624330753
1219937381639344128
1219937326035623936
1219937310197866498
1219937256334557184
1219937214513197056
1219937010019860481
1219936962536038401
1219936914385580033
1219936700169768960
1219936684789252096
1219936544359735296
1219936477943078914
1219936388537176065
1219936298137460737
1219935876706422784
1219935840387895296
1219935829205966849
1219935714810482688
1219935672393297920
1219935622389030912
1219935495821635584
1219935230225764352
1219935032325918721
1219934805141401605
1219934744990740482
1219934705816162304
1219934699738423296
1219934562144280576
1219934380388429824
1219934203254472704
1219933895103262720
1219933852967342080
1219933829172953088
1219933794196738049
1219933726747942914
1219933560045539333
1219933480915808256
1219933384849289216
1219933383553441793
1219933318302449665
1219933234949214208
1219933164459692032
1219933132591390720
1219933115541598208
1219933106876157952
1219933051813126144
1219932998658744321
1219932876734681090
1219932830127611904
1219932797852442624
1219932570911232000
1219932533976182784
1219932361351032832
1219932082035732481
1219932036380733441
1219931916490756096
1219931898782158849
1219931761372815361
1219931749087502336
1219931690178531328
1219931379439407105
1219931343989215232
1219930974970052608
1219930970469601282
1219930852341186560
1219930776122249216
1219930481589878784
1219930479249575936
1219930410160918528
1219930404813262849
1219930076810268673
1219929639650357248
1219929589746749440
1219928934076297217
1219928719235670016
1219928670099464193
1219928605230133253
1219928581062774784
1219928397683380224
1219928321485500417
1219928231618338817
1219928095236317186
1219928025346691072
1219927899551088641
1219927736606543872
1219927563021307904
1219927470738042880
1219927200712908800
1219927190378336256
1219926992428130304
1219926864803713025
1219926800693911553
1219926580631306241
1219926513014972416
1219926335654678534
1219926326162923523
1219926277181673472
1219926269187543040
1219926218092376065
1219925844602314752
1219925820648484864
1219925708652175362
1219925513688403970
1219925464430473216
1219925433644396545
1219925197916200961
1219925147127250944
1219924979409543169
1219924886552006661
1219924799440355328
1219924660134924288
1219924329762131969
1219924094054850560
1219923985741148160
1219923969806962688
1219923940602253312
1219923771517067264
1219923465634971648
1219923149430632453
1219922945268563968
1219922849973981184
1219922789991235584
