1219917127127269376
1219922629680824320
1219922488785850368
1219922419013443584
1219922361215938560
1219922219968548866
1219922203304714240
1219922184283545606
1219922181569814534
1219922164175917062
1219922132982996992
1219922024988057600
1219921968482275328
1219921946927824896
1219921935175487488
1219921907274985472
1219921772587257856
1219921764945285123
1219921755927543813
1219921730417971201
1219921722175963136
1219921645323870208
1219921638981918720
1219921635949543424
1219921616802439168
1219921547500183552
1219921245673787392
1219920999832903680
1219920838289317893
1219920805099900928
1219920743464685569
1219920669309169664
1219920654549471232
1219920654373281793
1219920583535865856
1219920536471425024
1219920523783741440
1219920484730458113
1219920460818706432
1219920401482092544
1219920396792881152
1219920351003435008
1219920253552979968
1219920146581553152
1219920025793916928
1219919972958236672
1219919913453666313
1219919865437282305
1219919850509946880
1219919750941134848
1219919606346854400
1219919502667702273
1219919394245136384
1219919356722917376
1219919264175534081
1219919208793956353
1219919182923350017
1219919158210678785
1219919119694336001
1219919073825390592
1219919058340130817
1219918933215666177
1219918805293359104
1219918753632260096
1219918592851890176
1219918566155341825
1219918558668513280
1219918520814833664
1219918482084548609
1219918414422122497
1219918349431377921
1219918139120652288
1219918110871949312
1219918091280420864
1219918035600826385
1219918017884229632
1219918008493039616
1219917992537944065
1219917983549657090
1219917947935784961
1219917870424969218
1219917766074994688
1219917715151802369
1219917704838041601
1219917631014277120
1219917607140315140
1219917551829864448
1219917443230990336
1219917423614103552
1219917386901598210
1219917337807081474
1219917313551536129
1219917248636149761
1219917224762335232
1219917222358859779
1219917219036942337
1219917160581148672
1219917159276609536
1219917150707769344
1219917099851628544
1219917071464706048
1219917023955890176
1219917019346128898
1219917010064171008
1219916987804999681
1219916912517238784
1219916890706833408
1219916882616123393
1219916851251073024
1219916731700826112
1219916612641480704
1219916496723464192
1219916413210480641
1219916405568487425
1219916404784353282
1219916387382112256
1219916329454575620
1219916288186880000
1219916229055565826
1219916227012747264
1219916177864040448
1219916150580006912
1219916013090885632
1219916009232064512
1219916006476460032
1219915970552176640
1219915941322153984
1219915905494372352
1219915886531764224
1219915793699229697
1219915780059328512
1219915759465517056
1219915706705367040
1219915696790032384
1219915676460224512
1219915637151145986
1219915599221911552
1219915542296977409
1219915520562094080
1219915510743089153
1219915475599134720
1219915370519134209
1219915328789991425
1219915260750106624
1219915211752251392
1219915128348348416
1219915103924940800
1219915043896119296
1219915031829254144
1219915026540032001
1219914854133391360
1219914848336740353
1219914768036835328
1219914723770023936
1219914717906341888
1219914208231342081
1219914180787990528
1219914124622065664
1219914100265762816
1219914088123371521
1219913876709527554
1219913846644789248
1219913789304213506
1219913757498970113
1219913756462985216
1219913623780429825
1219913551168638976
1219913478393061376
1219913430813024261
1219913356343234561
1219913337707716609
1219913300923695104
1219913285505515522
1219913279189004288
1219913250286063616
1219913215750082560
1219913181184684032
1219913166865477632
1219913164088926208
1219913155784015873
1219913107197308929
1219913072191475713
1219912904708894720
1219912811654066176
1219912800035844096
1219912786505019393
1219912781845225472
1219912768003956737
1219912752690421763
1219912733056831488
1219912641960767489
1219912593130885120
1219912524109357057
1219912500101165057
1219912477842034688
1219912438113427456
1219912398389141504
1219912244181364736
1219912226141868033
1219912222639521793
1219911959702798336
1219911938949468161
1219911933547053056
1219911916224761856
1219911906506358784
1219911860243161088
1219911644291248128
1219911511512141824
1219911504860000256
1219911443191095296
1219911441215393792
1219911377487187974
1219911306104492032
1219911190668664832
1219911168111861760
1219911155700731907
1219911053611499520
1219910957012529153
1219910953669726208
1219910924858884096
1219910829652398080
1219910707996696576
1219910622353059840
1219910558595665920
1219910545064763393
1219910513553035264
1219910460415381504
1219910429734055936
1219910356627267585
1219910338105114625
1219910300507525121
1219910216474615808
1219910171188744197
1219910138322128896
1219910089999601664
1219910040603095040
1219909942741753856
1219909826375028737
1219909825280147456
1219909707638484992
1219909675002494977
1219909399822471168
1219909369984376832
1219909342461214721
1219909254976561152
1219909227428315143
1219909108297621504
1219909078228652038
1219908953427017728
1219908860737212417
1219908805334421505
1219908748405198848
1219908748170403840
1219908619312889856
1219908473455988737
1219908441533288448
1219908420427345920
1219908321341083649
1219908196631924737
1219908183025684481
1219908151446769665
1219908086158319616
1219908075441623040
1219907843400392704
1219907813268389888
1219907798571659264
1219907709002227712
1219922646453968896
1219922596881264640
1219922579978244101
1219922553306787840
1219922521782456321
1219922453251547136
1219922433806946305
1219922403700047872
1219922390181801984
1219922375577260033
1219922298372640776
1219922298179915776
1219922297533763584
1219922279041261569
1219922227715395591
1219922210648813568
1219922088099639296
1219922082756120576
1219921980201111552
1219921968482275329
1219921838614048769
1219921788932644867
1219921708372545542
1219921599966502912
1219921548795994112
1219921497885560832
1219921471989899264
1219921468378632193
1219921467623780353
1219921426217676800
1219921364867416065
1219921258604687361
1219921202916941824
1219920880588869632
1219920865153835008
1219920808811696129
1219920656164257792
1219920602150031361
1219920601202061314
1219920515860553728
1219920497657274368
1219920419064446976
1219920368665812992
1219920362139459585
1219920349602578433
1219920295642845184
1219920248373051393
1219920228613640192
1219920220317306880
1219920200151244802
1219920165996916736
1219919875386118145
1219919839235657729
1219919770474041349
1219919749892755456
1219919639557206017
1219919629390245889
1219919596733505536
1219919550679928833
1219919537555922944
1219919505767292928
1219919485345259520
1219919406848831488
1219919367938301953
1219919342743080960
1219919298342187008
1219919282676457472
1219919109053280256
1219919091596574721
1219919040430260225
1219918942623322113
1219918863158120451
1219918813862359040
1219918731926654976
1219918692135268352
1219918570487828480
1219918554096492545
1219918519166308352
1219918494398943233
1219918481560428544
1219918466716721153
1219918424970678273
1219918401088278528
1219918265792655360
1219918261590151168
1219918221391695874
1219918153313964032
1219918096346968066
1219918087056572417
1219918071818674178
1219918007662596096
1219917966562582530
1219917898640003072
1219917723297124355
1219917700446806016
1219917682012643329
1219917665835175937
1219917605479174144
1219917511774232576
1219917498528612353
1219917485366861824
1219917436797030400
1219917333990215681
1219917326633455618
1219917291405467648
1219917235726086144
1219917222874796032
1219917204105285632
1219917166960496643
1219917162204168192
1219917056365252618
1219917017106415616
1219916980414820353
1219916885573033985
1219916876584632321
1219916857974542337
1219916844745625601
1219916817516453888
1219916817138765824
1219916789024321536
1219916780673495041
1219916765179727873
1219916685601206273
1219916646728355841
1219916625987567616
1219916517439000576
1219916464607522816
1219916427693441025
1219916415500578816
1219916386530516992
1219916377210777600
1219916372982943744
1219916329538293760
1219916204824920065
1219916078886703104
1219916075292221447
1219915997110386688
1219915956819910656
1219915892990996481
1219915864109023232
1219915831959642112
1219915812099674113
1219915799793676288
1219915734727438336
1219915674346086400
1219915653227794432
1219915554145783808
1219915553504034817
1219915433152671744
1219915422406864896
1219915329654206465
1219915323215765504
1219915297433382912
1219915286456885248
1219915284233850881
1219915280953954305
1219915260980674561
1219915139404587009
1219915138196574209
1219915138125484033
1219914930087849985
1219914915005136896
1219914880263700480
1219914827440648193
1219914826744381452
1219914818615795712
1219914803067740160
1219914766094716928
1219914751804788736
1219914718900453378
1219914714899083264
1219914705646411776
1219914679696314368
1219914644115976192
1219914631897989120
1219914622771195904
1219914577124528128
1219914576348663808
1219914566961942529
1219914474569764864
1219914467472859136
1219914437349400576
1219914413945184258
1219914389094092801
1219914381942616064
1219914373642080258
1219914317681741824
1219914317530718208
1219914309712695296
1219914274765561856
1219914255626948608
1219914182847389696
1219914090367213569
1219914084692324352
1219914067453734913
1219914006636322816
1219913983395688448
1219913976542191616
1219913955411259392
1219913930404958209
1219913917901627392
1219913906874793984
1219913884913389568
1219913877690802176
1219913861114974211
1219913814256185344
1219913787244871681
1219913783880994816
1219913697671307265
1219913688917757952
1219913680592093184
1219913661277335552
1219913640368902145
1219913639236259841
1219913612816351232
1219913587189145600
1219913579823894528
1219913572169314304
1219913560379158528
1219913492305608705
1219913488849440768
1219913481706622976
1219913455471230982
1219913454196158464
1219913446201929729
1219913412068573184
1219913400857157632
1219913391785086978
1219913351410733057
1219913341520400384
1219913300068073473
1219913255570640896
1219913222427267074
1219913222012198913
1219913220707586050
1219913145495388160
1219913125513834497
1219913097252524034
1219913063249219584
1219913058056724480
1219913033184464897
1219913002498981888
1219912962208456704
1219912919120478210
1219912919002972160
1219912897553301504
1219912738681393152
1219912730993315841
1219912718305521664
1219912703621222405
1219912680472895488
1219912674550734853
1219912672994455552
1219912633660264448
1219912594774880256
1219912558418616320
1219912520867041280
1219912509101969408
1219912490051502080
1219912416139464705
1219912392559058944
1219912388087955457
1219912330013597696
1219912275055636481
1219912274594295811
1219912242147155968
1219912224329715712
1219912215869837312
1219912177089314817
1219912143828606977
1219912117907685376
1219912060592517120
1219912042221490176
1219912039415631872
1219912036257292289
1219911960688377856
1219911921928830977
1219911910465794050
1219911909639626753
1219911908540596226
1219911908246970368
1219911893965344773
1219911885585174528
1219911842723553283
1219911740634173440
1219911736251289600
1219911709751676928
1219911602025029633
1219911528050069504
1219911519405654017
1219911502460678144
1219911498073378817
1219911493849731072
1219911488128741376
1219911484748099585
1219911430918434816
1219911356729712640
1219911354993106945
1219911345606316032
1219911250227785728
1219911206439280640
1219911191277031424
1219911185845248000
1219911173400743936
1219911173073596416
1219911152609583104
1219911125392736260
1219910971939885056
1219910877891022848
1219910778607693824
1219910768998547458
1219910765169147904
1219910762769993729
1219910755698409472
1219910709040959488
1219910644624805888
1219910636848549888
1219910557009973248
1219910537670098944
1219910475065937920
1219910466505330688
1219910425724145664
1219910343498973184
1219910309533536256
1219910283830804480
1219910149642473472
1219909829050789888
1219909009601220608
1219908669090873345
1219908664389181440
1219908325103501315
1219907963646693376
1219907741524942853
1219907618308706304
1219922622252769280
1219922601021202432
1219922514203172864
1219922460625129472
1219922217074675718
1219922169225826305
1219922046655913985
1219922002695180289
1219922001856471040
1219921791780556805
1219921743697141760
1219921580559667201
1219921180540448769
1219921089717063681
1219920756110430208
1219920674493554688
1219920586002063360
1219920231193165824
1219920018126917633
1219919799976742917
1219919514793660417
1219919496930123776
1219919420325105665
1219919232848343040
1219918974961340417
1219918962730979328
1219918834846576641
1219918671134576643
1219918410823241728
1219918378573283328
1219918062457147393
1219918005464784897
1219917896937279488
1219917890389852161
1219917750799220737
1219917546570354688
1219917398846738432
1219916853927206913
1219916702395166720
1219916338791141376
1219915907243368448
1219915805095354368
1219915725214797824
1219915718520500224
1219915545555812358
1219915530355666944
1219915450709970944
1219915431869284353
1219915426727104512
1219915389112590337
1219915339791622144
1219915113974652929
1219915088326537218
1219914907430330368
1219914905442299906
1219914724667641856
1219914539833135104
1219914485927825408
1219914420719013888
1219914412213047296
1219914387923832832
1219914286991998977
1219913918291664896
1219913783079866368
1219913579719286786
1219913407324966912
1219913380401541120
1219913108145213440
1219913077220470785
1219913066420129792
1219913051467468801
1219912799108968448
1219912672285605888
1219912571207110657
1219912370664898563
1219912351207456769
1219912334241497088
1219912305229672448
1219912224384241664
1219912134265462784
1219911894678425600
1219911851875561473
1219911807042650112
1219911588490203137
1219911399213879296
1219911393320636416
1219911146578284545
1219911013920841728
1219910905409884161
1219910697607475200
1219910637557600256
1219910530296467456
1219910401816715264
1219910333554233344
1219910239375568896
1219910139886686209
1219910100598448129
1219910055106990086
1219909966758281216
1219909924206985217
1219909801582321664
1219909685735804928
1219909634695188481
1219909331589582848
1219909267936989184
1219908843523780608
1219908709200982017
1219908416170274816
1219907779105718272
