1220134022858170369
1220134002985590784
1220133991040389128
1220133990390226944
1220133989974990850
1220133942356926464
1220133927505010690
1220133918256652288
1220133892348416006
1220133870676279296
1220133813025591297
1220133810173628423
1220133777126506496
1220133764203995136
1220133753739259904
1220133735259103232
1220133713595584515
1220133676329197568
1220133664316461057
1220133626488057856
1220133606175232000
1220133590249492482
1220133572893384712
1220133552618164226
1220133528634966016
1220133518728224768
1220133484032921614
1220133479423279110
1220133474591367168
1220133381628776448
1220133325156835331
1220133323349073920
1220133319746211840
1220133301735706624
1220133301412859904
1220133275857039360
1220133266004549632
1220133262393249797
1220133253044039680
1220133229702864898
1220133201349234688
1220133196790222850
1220133165299142656
1220133150023737346
1220133137314930688
1220133120688697345
1220133113545670656
1220133104179871744
1220133074027143169
1220133059887943680
1220133039390543872
1220133026241359872
1220133025230598145
1220132984390660096
1220132966887616517
1220132906019979265
1220132895009861632
1220132836096847872
1220132833420705792
1220132811199471621
1220132797404340225
1220132762377695237
1220132728391127041
1220132687182041088
1220132656442171392
1220132642856718337
1220132635021840385
1220132628113674240
1220132580240039939
1220132579052908544
1220132553195237378
1220132546530422786
1220132523495378950
1220132484714614784
1220132464057888769
1220132452305227776
1220132437319127042
1220132435070943232
1220132428087349248
1220132401994706946
1220132396940636161
1220132389898244096
1220132389717860352
1220132378305273856
1220132323795976193
1220132322470768643
1220132322437226496
1220132320507658242
1220132274798243842
1220132237997461505
1220132205537775617
1220132194343096320
1220132174608904192
1220132142077947904
1220132093600116736
1220132089464598529
1220132045650722816
1220132042094018560
1220132020820549633
1220132012075421699
1220132001644191745
1220131989610795008
1220131973420716032
1220131938918232064
1220131690070151169
1220131683015413762
1220131666758459393
1220131655672901632
1220131627621404677
1220131604196139009
1220131601260187648
1220131566547959808
1220131560587956224
1220131551842906113
1220131506665988096
1220131455344553985
1220131390110306304
1220131388739014656
1220131364802113536
1220131335207030785
1220131307784753160
1220131247864893441
1220131232731860992
1220131232710897665
1220131228449476613
1220131213966565376
1220131172270952450
1220130995585929218
1220130992758743040
1220130988732420102
1220130890946355201
1220130875737804804
1220130862408372229
1220130797912559616
1220130789146484737
1220130769861054465
1220130710096359425
1220130682925699074
1220130664466567169
1220130530123026433
1220130517863092224
1220130512536317957
1220130325302599680
1220130306713362432
1220130272211013637
1220130146662912000
1220130142053453825
1220130135191490561
1220130098830950400
1220130049325780993
1220130010314362880
1220129986021089282
1220129907533058049
1220129905956085761
1220129883000582149
1220129872762163200
1220129774691135490
1220129731129040896
1220129730550226944
1220129703652143106
1220129678377156608
1220129675529224193
1220129667446865922
1220129608873328640
1220129604939255813
1220129595195678720
1220129590124871681
1220129582894014464
1220129563856056322
1220129535590567940
1220129499687211009
1220129497154039808
1220129491701334017
1220129483094511616
1220129476224454664
1220129434411233281
1220129412709879809
1220129405533589504
1220129391612575744
1220129366891474944
1220129355067723776
1220129351255121921
1220129340362502145
1220129277280235526
1220129235655852037
1220129200839057409
1220129171516592136
1220129163966701568
1220129154365972480
1220129150448623616
1220129127765770240
1220129110225227779
1220129094702194690
1220129093653393408
1220128974514331650
1220128949147262976
1220128837066948609
1220128807333400577
1220128799112736768
1220128773636534272
1220128770159468545
1220128754049089537
1220128640022798337
1220128635174182915
1220128629541109761
1220128618321514496
1220128599770062849
1220128503523422214
1220128460762275842
1220128388603699200
1220128382169554946
1220128351471505408
1220128350447882240
1220128333687451648
1220128333578432513
1220128312133066758
1220128302209413121
1220128257628131328
1220128255073800194
1220128241681387523
1220128233598832640
1220128175327535105
1220128055307329536
1220128040786759682
1220127977436012544
1220127940337233920
1220127921202843650
1220127906510196737
1220127890890604544
1220127889900933120
1220127879725490176
1220127859542503424
1220127785500446728
1220127772313518080
1220127771139039232
1220127741732892673
1220127725345812480
1220127651924533249
1220127643158425605
1220127640436314112
1220127621486448640
1220127617774317568
1220127572668715009
1220127563307278341
1220127527982845952
1220127517555806213
1220127455274508294
1220127454020427776
1220127434521161734
1220127434407890944
1220127383551758336
1220127349657743360
1220127344389697537
1220127321195261952
1220127309799161856
1220127279726067715
1220127236315107329
1220127192669204487
1220127160343592960
1220127154538598400
1220127131805671424
1220127082354593792
1220127079703793664
1220127073089523717
1220126964071239686
1220126949676326912
1220126944538365957
1220126936321544192
1220126932970409984
1220126904465969153
1220126893103632385
1220126871519748096
1220126850002882560
1220126848765612033
1220126803265839104
1220126784387276800
1220126714443051009
1220126692062052352
1220126681765203968
1220126629017587713
1220126627646058496
1220126608645746688
1220126569789784064
1220126555223007232
1220126534842884096
1220126527838441474
1220126506715734016
1220126470292606978
1220126358048780288
1220126324611780608
1220126318836142080
1220126298002997249
1220126271146950656
1220126242386653186
1220126240893480960
1220126229497552897
1220126196006080513
1220126098589130752
1220126090456444930
1220126072026673161
1220126061914140674
1220126048148324352
1220126044637712386
1220126022244478976
1220125995174264832
1220125995077758976
1220125956855205888
1220125939625013248
1220125933320822784
1220125932368945152
1220125891889717249
1220125886663602176
1220125884562255872
1220125872792854528
1220125868296556544
1220125862797942785
1220125856955273216
1220125847207731200
1220125818338234368
1220125791532593152
1220125771135504385
1220125764902801409
1220125753263755272
1220125749509795840
1220125729276428296
1220125700583280640
1220125690793807872
1220125664189341700
1220125637165420549
1220125589182369792
1220125586812620801
1220125550833913857
1220125489530011649
1220125461604270080
1220125442029391872
1220125434131730434
1220125431527067651
1220125430683971589
1220125419627696128
1220125380151062529
1220125363092611072
1220125351973552128
1220125320780623873
1220125287767298048
1220125281823772672
1220125246726033408
1220125232780009473
1220125187686965249
1220125156191813632
1220125134905905153
1220125058213064704
1220125035567841280
1220125002571419648
1220124988394627073
1220124988000178176
1220124982258425858
1220124950570422272
1220124868945096704
1220124820232339456
1220124790238973952
1220124779845431297
1220124715731312640
1220124687390384134
1220124660794261504
1220124653428994048
1220124633908858882
1220124613197340673
1220124598378909697
1220124549787811842
1220124507245109248
1220124503822544898
1220124497501704192
1220124497275056128
1220124412143271936
1220124401359900672
1220124376558985218
1220124334213095424
1220124332589973505
1220124288973463552
1220124264524697601
1220124262301945857
1220124135860379648
1220124124724383745
1220124026867154946
1220124025097269248
1220124007405703175
1220123996051492865
1220123914132586496
1220123871602466816
1220123837314011136
1220123821673517058
1220123747165720576
1220123719865073665
1220123641242890242
1220123597395488768
1220123595705327629
1220123536154451968
1220123535907196929
1220123519067082758
1220123482584965120
1220123476968771584
1220123429258612736
1220123389844606976
1220123384069197824
1220123359893045248
1220123342583152641
1220123318243586049
1220123278691504128
1220123260248920064
1220123253529702400
1220123249893433344
1220123194541015041
1220123191584030720
1220123157803061248
1220123156150661122
1220123139864064000
1220123132910088192
1220123114815860739
1220123083563945985
1220123080208605191
1220123066736369667
1220123050051399680
1220122962977669120
1220122948964691969
1220122899635429382
1220122872108191744
1220122872003416065
1220122848494268416
1220122821852045313
1220122816042790912
1220122815925325827
1220122812775587845
1220122788431687681
1220122758656462849
1220122749034647552
1220122735835258887
1220122713869733888
1220122670424936449
1220122659410722817
1220122633800421379
1220122597716897794
1220122570370011137
1220122559443697664
1220122558424440832
1220122558399254528
1220122547653447680
1220122491001233408
1220122486563409920
1220122483522584577
1220122476023250944
1220122454170927104
1220122397279277057
1220122322352381952
1220122313452130304
1220122305709236225
1220122299090788352
1220122232023732224
1220122227158351872
1220122222360236035
1220122151392567296
1220122150872539143
1220122131595481089
1220122124385312768
1220122090432618496
1220121933859246080
1220121924900130816
1220121924266872832
1220121842012381184
1220121744905654272
1220121622448873480
1220121606313275392
1220121592232939522
1220121569021833216
1220121567700500480
1220121552185954306
1220121532493488128
1220121501732524032
1220121498557370369
1220121495331934208
1220121436590878721
1220121409126424576
1220121355447869440
1220121354638282753
1220121299995045890
1220121177504374784
1220121170990645248
1220121151206305792
1220121128783380480
1220121102925451264
1220121079877906432
1220121016262909952
1220120985904517126
1220120947333558272
1220120904417652736
1220120825312841728
1220120650003701761
1220120645440364544
1220120613366296576
1220120573637906432
1220120565140402176
1220120509980999681
1220120455027286018
1220120452741332993
1220120451722174464
1220120428393443328
1220120399721136128
1220120394012725248
1220120384105742337
1220120352128405506
1220120282716954624
1220120259363033088
1220120254182916098
1220120236113920000
1220120197035462657
1220120171282604036
1220120158066200577
1220120135437934592
1220120125254201344
1220120080886964224
1220120039644389377
1220120030819573760
1220120025694113793
1220119952197181440
1220119945830420483
1220119928755195904
1220119922958667776
1220119828259909638
1220119827404247044
1220119812338323460
1220119747121029120
1220119725990084608
1220119675461406720
1220119658377941031
1220119657669103618
1220119644515618816
1220119625947439105
1220119612156596224
1220119609787015175
1220119596415553536
1220119552631042048
1220119546817851395
1220119503788367872
1220119500777017344
1220119374297751552
1220119361546907649
1220119289430233088
1220119285529481218
1220119281523986435
1220119262561558528
1220119236497960962
1220119219003478017
1220119218240225280
1220119209184808961
1220119180256731143
1220119034227806208
1220119014443307010
1220119013574901760
1220134042546450432
1220133936195485697
1220133930747060225
1220133902548758528
1220133837268643840
1220133816670543872
1220133796684664832
1220133762773737472
1220133759816626176
1220133756024999936
1220133756012564480
1220133707098546176
1220133668204605441
1220133613540233216
1220133610126266368
1220133590752608261
1220133543986122752
1220133541473710082
1220133512323522565
1220133507516661762
1220133402604519424
1220133379393220608
1220133297843392512
1220133193321308160
1220133174283403265
1220133149738356736
1220133105178042373
1220133095224930305
1220133082331742208
1220133065608986624
1220132989071286272
1220132963293089793
1220132943361785856
1220132934247538688
1220132928602152965
1220132920351838208
1220132893667651585
1220132798775742464
1220132764868960258
1220132740735098880
1220132715225174016
1220132699202961408
1220132675765166080
1220132551290806272
1220132547142635521
1220132541245427712
1220132507598766080
1220132507196235776
1220132506067968000
1220132424526356482
1220132397091446784
1220132358092775425
1220132309052977152
1220132300182245377
1220132292628103168
1220132288039735298
1220132282620473344
1220132249338699776
1220132223241744384
1220132217810120704
1220132196423327744
1220132193252577280
1220132190018605056
1220132146813136897
1220132117952122883
1220132050344316930
1220132034607058944
1220132029070749697
1220132025870376961
1220132007839010816
1220131993872031744
1220131809058611206
1220131805514174466
1220131718956384256
1220131672739536896
1220131622952947716
1220131548785037313
1220131499795763201
1220131496129781760
1220131487581798401
1220131433840201728
1220131409517350912
1220131363216510985
1220131306152980481
1220131284619419648
1220131161575391233
1220131152494616577
1220131135818227714
1220131119355584518
1220131069560668160
1220131026866884613
1220130944247455744
1220130921103286273
1220130918855254016
1220130911817097216
1220130910424592384
1220130882054492160
1220130806259044352
1220130793499942913
1220130787770548225
1220130774822703106
1220130684989251584
1220130656522469377
1220130637736304640
1220130608816349184
1220130507901538318
1220130498678267904
1220130462930173952
1220130456617848832
1220130424715743232
1220130412837556224
1220130377676640257
1220130371372646402
1220130352443748353
1220130350875045888
1220130331891662849
1220130300035923969
1220130287956348928
1220130203529183232
1220130192783335424
1220130181379239936
1220130111241895937
1220130091679830019
1220130055684337666
1220130052651675649
1220130012696731650
1220129854059737088
1220129833050689536
1220129728020893696
1220129644747210752
1220129605379448832
1220129577789378561
1220129538698432512
1220129528892182530
1220129509426581504
1220129463435956226
1220129448629923840
1220129436055457792
1220129286851563520
1220129230387851264
1220129150129844226
1220129098082615296
1220129097491402753
1220128973897650176
1220128938107604993
1220128712269713408
1220128647933128705
1220128647727603713
1220128643415867392
1220128637669777409
1220128621286658048
1220128555910213633
1220128547471101952
1220128514294218752
1220128467531886592
1220128465883746304
1220128367313289216
1220128340348194817
1220128326204915712
1220128270538006528
1220128266545033216
1220128241874284545
1220128177281994754
1220128162949951489
1220128147993051136
1220128141831811078
1220128101990047744
1220128007811031040
1220127988844351488
1220127975741329409
1220127970192433157
1220127891939155968
1220127823274233856
1220127813094633472
1220127727027572736
1220127654239703041
1220127625265340416
1220127619762421760
1220127605631750144
1220127602087587840
1220127514728656896
1220127510811348994
1220127465563029504
1220127441013764096
1220127286659338241
1220127246444376064
1220127228169637888
1220127179972825091
1220127145869094912
1220127110141886464
1220127098523639808
1220127061429211136
1220127057604218881
1220126984027561984
1220126899428569089
1220126868755533824
1220126848446799872
1220126767895076864
1220126764518690817
1220126728305070080
1220126695702790148
1220126685606993922
1220126600227745792
1220126547262296065
1220126541557817344
1220126515267944448
1220126499598041088
1220126499396702208
1220126444212322304
1220126433780985856
1220126423643496455
1220126414420099073
1220126185453023234
1220126125998923777
1220126055081684992
1220126034961371138
1220126018687684608
1220125964329529345
1220125935459950592
1220125900508811265
1220125827532238849
1220125759836127234
1220125753729146880
1220125683265015808
1220125561659383809
1220125483792240646
1220125454440386560
1220125422827925505
1220125367907880961
1220125302740918272
1220125288446623745
1220125273741582337
1220125217319555073
1220125211263041536
1220125184511725568
1220125102106267648
1220124968089874432
1220124865639768065
1220124850682875904
1220124835193544706
1220124754721378304
1220124659334516737
1220124651340234753
1220124632742793216
1220124580464873472
1220124580167213056
1220124566019702785
1220124557240963073
1220124543831826432
1220124526228529152
1220124512215322626
1220124488827719681
1220124485426302977
1220124418082516992
1220124414198476800
1220124368753319938
1220124361589325824
1220124284753809408
1220124273496535040
1220124266710159361
1220124082072686592
1220124047771459590
1220124046299262976
1220124044445437952
1220124008097562624
1220123908805926913
1220123868096073729
1220123828212379649
1220123823367786496
1220123804552265733
1220123770188435456
1220123725091262471
1220123686616936448
1220123565917261824
1220123545696473089
1220123513002102789
1220123432567767041
1220123368252485632
1220123317052542976
1220123310450757632
1220123278389284864
1220123274341863426
1220123239130599424
1220123225364918272
1220123188497043457
1220123144842706945
1220123029625327623
1220122980178526208
1220122957420408832
1220122952739344384
1220122906535038976
1220122853351284736
1220122833583558656
1220122679732097025
1220122677379133441
1220122668403515393
1220122624174514177
1220122530746290176
1220122425439817729
1220122417969823744
1220122409237458945
1220122353834905600
1220122295479521282
1220122226197848064
1220122200310611968
1220122189736947713
1220121934786023426
1220121912602451968
1220121836274569217
1220121782142636032
1220121729617428481
1220121726480044032
1220121725012193281
1220121685208244226
1220121620221550592
1220121582624038912
1220121565594996737
1220121489451687937
1220121427010965504
1220121408593899526
1220121408333705216
1220121324590333952
1220121208458444801
1220121190464983040
1220121186820030464
1220121083883466759
1220121077051019264
1220121072982323200
1220121001989554176
1220121001465450496
1220120984792907776
1220120945710587904
1220120920938950661
1220120913057927171
1220120815523586048
1220120756631359488
1220120705204809729
1220120642449825798
1220120612385017856
1220120606101909505
1220120545930276865
1220120535167717377
1220120465269641216
1220120411242807297
1220120360386879489
1220120358273069060
1220120346415783937
1220120299380920322
1220120262714232832
1220120181185212416
1220120157097426945
1220120146389295105
1220120119357116416
1220120116253351936
1220120058099142657
1220120056396484614
1220120012611964928
1220120004923994112
1220119828343787520
1220119807904927744
1220119797020577792
1220119788862812160
1220119754997817344
1220119705224187907
1220119612437610496
1220119575641018368
1220119557655932928
1220119448662577152
1220119385253171200
1220119199151841282
1220119178658512897
1220119170362331137
1220119139261353985
1220119114963771392
1220119071523389442
1220119057518587906
1220119028162797568
1220119024584933377
1220118971246153728
1220118954934460416
1220133982383288321
1220133966465785856
1220133948208091136
1220133929782579200
1220133911507812352
1220133909486112768
1220133898631380992
1220133869178933248
1220133843296047106
1220133839718227968
1220133822076817408
1220133739914760193
1220133725603880961
1220133714094624768
1220133711963774976
1220133706280529920
1220133701402734595
1220133697669582850
1220133674777219072
1220133652094341120
1220133650731278336
1220133569160347648
1220133555549999105
1220133484469145600
1220133441338920960
1220133431331446785
1220133414579339264
1220133396892000262
1220133351027179520
1220133336242216960
1220133333901832192
1220133295515717632
1220133288884436992
1220133257343311872
1220133241790717952
1220133178150617093
1220133170663886849
1220133155094564867
1220133111398387717
1220133106130309120
1220133071476928513
1220133059904835585
1220133053781155840
1220133007874457606
1220133003390783488
1220132962819284993
1220132946255937536
1220132924986548224
1220132879700721664
1220132842455339008
1220132829369159681
1220132823857680391
1220132750956478464
1220132716915630082
1220132619360206849
1220132617229496320
1220132581301112833
1220132564477759488
1220132478976811008
1220132433770795008
1220132426887979008
1220132397028642816
1220132384340877312
1220132354540199936
1220132316405731335
1220132310701441024
1220132305051639809
1220132303386693634
1220132263054204929
1220132222587621377
1220132217747394564
1220132198772142081
1220132196482240513
1220132182364246017
1220132123161419776
1220132043683590145
1220131997223288832
1220131984481169419
1220131971055210499
1220131960548282368
1220131931238494210
1220131906060193797
1220131905884033024
1220131885180805121
1220131872128274439
1220131855120207872
1220131851005779968
1220131848204038150
1220131796383346693
1220131778003947522
1220131759993454594
1220131706042118149
1220131703068545024
1220131661423079427
1220131661381156864
1220131528841125888
1220131527096442887
1220131514773639168
1220131445970100224
1220131406229078016
1220131327988699136
1220131310116593664
1220131283298398208
1220131277195505664
1220131270463774721
1220131168906952704
1220131164427563010
1220131105002737665
1220131056101339136
1220131038774603776
1220131028217614341
1220131013562642432
1220130979211350016
1220130849158500352
1220130814689792000
1220130808595406849
1220130782771138560
1220130756334407686
1220130749145284608
1220130745714446337
1220130724663021573
1220130672095793153
1220130648725299200
1220130633877315586
1220130601417740288
1220130572384649216
1220130533138673665
1220130524070653953
1220130522875252736
1220130512380940288
1220130494869843968
1220130473030094848
1220130467069874177
1220130446929022977
1220130420689379329
1220130400271400961
1220130352985006082
1220130347569971200
1220130326137253891
1220130326065942528
1220130323029200897
1220130322513186816
1220130294700945408
1220130244176289792
1220130230301384704
1220130225008398337
1220130217894858753
1220130206414823424
1220130199959896064
1220130174638927873
1220130107081154560
1220130090253721605
1220130085208043521
1220130083668516869
1220130081864970240
1220130064962146305
1220130054874845185
1220130047371046912
1220130023723630592
1220130020129230848
1220130012172410880
1220129991993806849
1220129990206988288
1220129988990717952
1220129987715633152
1220129980224548869
1220129979926605824
1220129971735105536
1220129961861840896
1220129921420419073
1220129917259649027
1220129892601401344
1220129872229683200
1220129856777637888
1220129835395223552
1220129831704285190
1220129799001104384
1220129738406141956
1220129716528500736
1220129687084707840
1220129605828403201
1220129593153261568
1220129570155831306
1220129568645738497
1220129564250251264
1220129491759972352
1220129456850788352
1220129454326001670
1220129437087338501
1220129375351463936
1220129361501790208
1220129345605394441
1220129335580884995
1220129323996401664
1220129286377570304
1220129279251402752
1220129234057863169
1220129231507804160
1220129215108067330
1220129191267450880
1220129143146319872
1220129133323157505
1220129119297404929
1220129073197916160
1220129052138360835
1220129047067398150
1220129013429088257
1220128969938194434
1220128946865496066
1220128937314938881
1220128912572911616
1220128872747790336
1220128854003593223
1220128847364083713
1220128842108612608
1220128833036324865
1220128816313569285
1220128776706760704
1220128767831674883
1220128735241916416
1220128691792908289
1220128642191306752
1220128638231691264
1220128615649681408
1220128577129050113
1220128572565807104
1220128510813130753
1220128483193413632
1220128471952711681
1220128395897360386
1220128386829508614
1220128362913505281
1220128298421882882
1220128243199574016
1220128216527953921
1220128193127936000
1220128101449027584
1220128070310539264
1220128048961540097
1220128042682482689
1220128038903525377
1220128026823802881
1220128004975652867
1220127972255989771
1220127955747164160
1220127942753300480
1220127924629725184
1220127889062072320
1220127860779778049
1220127837832667137
1220127779213250561
1220127745612500992
1220127732652134400
1220127665241260032
1220127663328763906
1220127649298706433
1220127637772886019
1220127633142435840
1220127625269653505
1220127615845007361
1220127615081701377
1220127612405719040
1220127603790471169
1220127539772960769
1220127528787927040
1220127489118363648
1220127484248674304
1220127399049867265
1220127395593633792
1220127380175511552
1220127357853265920
1220127351318761473
1220127336571424769
1220127334746947585
1220127320545071104
1220127254052687873
1220127249271336966
1220127188567109634
1220127146003267584
1220127145395150849
1220127067469119488
1220127051232866309
1220126965379715072
1220126960300498944
1220126949760098306
1220126938041204736
1220126932970459136
1220126921327104000
1220126902368841729
1220126897553707009
1220126873394581505
1220126834886447104
1220126778712383490
1220126759867183104
1220126719618711552
1220126715025985536
1220126714711306240
1220126674118836224
1220126646130413573
1220126597736534016
1220126561019494401
1220126556258893824
1220126520150282240
1220126496381116416
1220126468430352384
1220126405482049539
1220126340562608128
1220126310648836096
1220126261835632640
1220126261189713921
1220126259835015177
1220126207615864832
1220126178637504512
1220126168994603008
1220126167702933505
1220126143279443968
1220126103286796290
1220126072232001537
1220126031316758528
1220126008747098115
1220125991403737089
1220125975523938305
1220125953982005248
1220125912659722240
1220125849497804801
1220125841994084353
1220125825393020929
1220125825216811008
1220125809958060033
1220125777481498625
1220125750965108736
1220125732627795969
1220125699085950982
1220125657012662272
1220125651883241472
1220125614222516226
1220125603069861889
1220125582907920391
1220125578969239552
1220125567279742978
1220125558106836993
1220125530973884416
1220125480612814848
1220125436652531713
1220125343400353792
1220125310244605953
1220125299431526400
1220125262786048001
1220125247921410053
1220125220482117632
1220125140903768064
1220125086973399046
1220125081957027840
1220125062986158081
1220124947781242880
1220124929150136320
1220124920731951104
1220124897336119296
1220124888154935297
1220124879862800386
1220124869674692608
1220124850359947264
1220124820312154115
1220124800263368704
1220124792692662272
1220124792361234433
1220124783632732160
1220124750372057089
1220124697892880385
1220124676627689472
1220124669275246598
1220124629739671553
1220124522654904324
1220124429151297536
1220124377339039745
1220124376982487040
1220124274666635270
1220124254781480962
1220124248372543488
1220124244169936900
1220124201379495936
1220124176163332096
1220124165270921217
1220124155011420160
1220124148204277768
1220124119179628545
1220124081799872512
1220124080160092161
1220124073092698113
1220124059460964352
1220124053337518081
1220124011805511683
1220123997901185024
1220123997309767680
1220123982654996482
1220123940414087168
1220123939462156288
1220123933690736640
1220123901528702976
1220123866955014144
1220123846273126408
1220123840778579973
1220123818376589312
1220123785480806401
1220123762617733120
1220123754522652673
1220123745823518726
1220123717801512960
1220123704140713992
1220123689510998016
1220123679297851393
1220123630920749058
1220123619180699648
1220123586784059398
1220123544715087872
1220123543410593792
1220123525618388992
1220123509696929794
1220123490746896385
1220123461810561024
1220123431490007042
1220123406504529920
1220123383591055365
1220123381879595008
1220123377597284352
1220123354264481792
1220123347746377728
1220123256973295618
1220123193735860226
1220123166095429632
1220123160714076166
1220123138303750144
1220123114530594822
1220123093223395328
1220123089637466112
1220123089540960256
1220123064651960324
1220123045056143371
1220123026731290626
1220122933110034432
1220122929389658112
1220122928521465856
1220122923547185157
1220122916911607815
1220122906581258242
1220122878680686594
1220122844467736577
1220122741904302080
1220122702452809728
1220122684358569986
1220122680139173888
1220122670253199360
1220122659368902656
1220122657758146560
1220122639038963712
1220122594147553280
1220122550107131904
1220122502346633216
1220122478057598976
1220122473049575425
1220122442238255104
1220122439159439360
1220122375477436416
1220122356728786944
1220122311480659970
1220122278152806402
1220122270133313541
1220122264798212098
1220122224587366400
1220122123680677888
1220122118182096897
1220122093792178176
1220122070018854913
1220122042881568768
1220122034316775424
1220122007536373762
1220121999839760386
1220121971339513857
1220121898450898946
1220121880763469824
1220121853970321409
1220121795329654785
1220121785196302336
1220121772609150978
1220121763197091840
1220121720188755968
1220121702010703872
1220121669647265792
1220121627045830662
1220121610004267008
1220121594879791104
1220121591071281158
1220121564563365889
1220121555231039494
1220121523861827584
1220121522704175105
1220121509269651456
1220121507982200833
1220121499857752066
1220121495567060992
1220121473760813057
1220121467146293248
1220121458493607936
1220121406635069440
1220121352750788608
1220121317791485952
1220121292789166085
1220121277916164096
1220121256038670336
1220121202523377664
1220121195863035905
1220121194717839360
1220121192981356544
1220121146324111362
1220121094692073472
1220121094255890433
1220121093425360897
1220121074316103681
1220121062198796288
1220121062052155392
1220121026584969218
1220121002941861898
1220120950215249921
1220120950189981696
1220120931479293957
1220120881969557504
1220120860515807232
1220120852777390080
1220120809852866560
1220120808544227334
1220120807357108224
1220120749874253825
1220120718404440064
1220120667846139907
1220120664318693376
1220120663848968192
1220120624372289537
1220120600548642816
1220120595548889088
1220120573117902849
1220120557506555904
1220120436840845313
1220120423792164865
1220120390275608583
1220120380578267137
1220120356331106305
1220120347795607553
1220120318385127424
1220120258905665536
1220120258796802048
1220120256858836992
1220120236210425857
1220120231558963200
1220120227054268416
1220120207424835584
1220120160121442304
1220120151892414465
1220120052483207171
1220120037119295490
1220120003594162176
1220120003422363650
1220119995872694272
1220119951052177408
1220119932819705856
1220119928210165761
1220119863156518918
1220119842134642688
1220119840373051397
1220119835566317568
1220119765173207040
1220119754431782912
1220119740032700418
1220119711263920129
1220119672022032386
1220119670176415745
1220119661557084160
1220119633677541376
1220119624714457088
1220119620687998980
1220119610651041795
1220119573015552004
1220119495538302976
1220119488873369601
1220119455935520768
1220119450105544707
1220119425455730689
1220119372414377984
1220119366525734914
1220119357499629574
1220119334216962050
1220119325597560832
1220119304152199173
1220119282966765569
1220119234606501888
1220119198397083650
1220119150636519428
1220119133481852928
1220119119070027776
1220119073499033600
1220119055732035584
1220119013814165516
1220119013591801858
1220119011695837184
1220118946940162048
1220118946101198850
1220134026591141888
1220133884743913472
1220133851021881345
1220133536562176000
1220133055303688192
1220133049993547776
1220132293572005888
1220132157898752001
1220131548634025984
1220130274723291137
1220128174454886400
1220127448093921281
1220127356758695946
1220127019024826368
1220125098474188800
1220124696223666177
1220124196065304576
1220122717007073281
1220122141921693697
1220121675020165120
1220121561341947905
1220120916396511238
1220119740460556289
1220119543420375040
1220119441285042178
1220133989220061185
1220133959251574785
1220133935985745920
1220133911453454336
1220133907271569409
1220133875633967104
1220133830893473798
1220133701952012288
1220133697740931072
1220133661556654081
1220133608054091776
1220133593869160450
1220133513522843648
1220133504530501632
1220133503305601026
1220133489363898369
1220133429540356096
1220133425442627584
1220133424918409219
1220133423559274496
1220133411576217602
1220133397328039937
1220133396455706624
1220133282274103296
1220133237269250049
1220133184043507712
1220133158240182273
1220133127311380481
1220133085209153537
1220133085007605760
1220133054238248961
1220133012572078080
1220132989075673091
1220132961183567873
1220132883504848896
1220132856950816769
1220132833953337344
1220132832212701185
1220132778567536640
1220132768132272131
1220132717838209024
1220132647789154304
1220132584698585090
1220132559100829697
1220132547151056897
1220132540117221377
1220132500367822849
1220132490276327425
1220132420504043520
1220132405589098497
1220132371825119232
1220132363658842112
1220132339017244673
1220132317978599424
1220132303713767424
1220132261430878208
1220132233610055683
1220132199212564480
1220132192833007616
1220132184012410881
1220132142123872256
1220132128442085376
1220132064978264065
1220132034623963137
1220132001660968964
1220131906664034304
1220131885340332033
1220131856802361344
1220131847390126081
1220131844105990144
1220131813160636422
1220131812300804096
1220131779664842753
1220131755837022209
1220131753290944513
1220131730402746368
1220131683967651841
1220131649771298816
1220131562148241414
1220131534780289024
1220131531542261760
1220131530930114560
1220131405553901568
1220131404647780352
1220131390030635008
1220131370409889792
1220131269876449281
1220131268303761409
1220131242131238915
1220131229619703808
1220131192332259329
1220131090347675649
1220131060232507393
1220131009775263744
1220130985028792322
1220130915323727872
1220130903092948993
1220130894993735680
1220130875758632965
1220130849955303425
1220130839889137664
1220130669403107328
1220130669105467393
1220130637740273665
1220130631516073986
1220130457913888769
1220130450003226626
1220130442826809344
1220130301575233536
1220130293497024514
1220130278842273792
1220130042878906369
1220130037367623680
1220130019466309632
1220130006069702658
1220129987782529024
1220129844618387462
1220129841078571008
1220129804856516608
1220129683053805568
1220129631375970304
1220129622152687617
1220129615655493632
1220129571862958085
1220129540728594433
1220129516636594176
1220129509023727617
1220129386914934785
1220129359026982913
1220129354811707392
1220129337237819392
1220129321966358528
1220129293784604672
1220129216701689856
1220129175752921090
1220129133872795654
1220129103971540994
1220129086674284545
1220129079917273088
1220129058274541568
1220129044433338368
1220129006420402176
1220128977542504448
1220128902942576640
1220128837654069249
1220128811720642560
1220128804762312704
1220128785300934656
1220128679554166784
1220128676815130624
1220128660679725057
1220128603960012800
1220128535211200512
1220128516403945472
1220128509248581637
1220128457545461760
1220128420107034625
1220128368797966336
1220128348497686529
1220128343963488256
1220128253748432899
1220128248736075776
1220128169925267461
1220128078925463552
1220127992057217024
1220127921639170057
1220127898155343872
1220127874310533120
1220127849199230978
1220127797764554752
1220127771336364036
1220127734376075264
1220127573499359237
1220127528913973250
1220127517882716160
1220127495644753920
1220127423494123520
1220127399574233088
1220127387200847872
1220127385972084739
1220127278287294464
1220127262327992320
1220127249523003393
1220127203654012928
1220127155511791616
1220127152420507648
1220127086129496064
1220127063085944832
1220127054668058624
1220126935814152199
1220126935465938944
1220126920542707713
1220126916084002816
1220126905774542848
1220126884006002689
1220126871968473088
1220126866222305284
1220126821997477889
1220126775809847297
1220126762706751488
1220126693354090498
1220126629114056704
1220126614865866754
1220126605286264834
1220126578878840832
1220126452848328705
1220126434821148672
1220126426646450178
1220126404605427712
1220126393352294410
1220126375161368576
1220126316663431168
1220126308832669696
1220126295893262337
1220126203782234113
1220126153530175488
1220126123553476608
1220126117601980421
1220126002074083330
1220125902186528770
1220125872042266624
1220125843952930816
1220125795752071169
1220125791016513536
1220125786176249856
1220125767490605056
1220125715938643968
1220125589677465600
1220125588385673216
1220125572782796802
1220125555808444416
1220125496920309761
1220125486271156231
1220125431745187840
1220125367190487040
1220125237695713280
1220125208687804416
1220125198155833350
1220125194406092800
1220125164916084742
1220125162034483201
1220125151674675200
1220125137170771969
1220125134880530434
1220125131684679681
1220125033390960640
1220125021076484096
1220124998934749185
1220124986456735744
1220124983822733312
1220124977883701248
1220124955259486208
1220124948234194944
1220124920140701696
1220124915040444416
1220124868013772800
1220124858312380416
1220124851861508097
1220124847965122560
1220124824212664320
1220124807842484224
1220124804482658304
1220124767270817792
1220124723113119744
1220124653554819072
1220124556028977155
1220124502228488192
1220124471182446592
1220124452844904454
1220124449829093377
1220124426965897216
1220124424923279360
1220124419818811394
1220124416081788934
1220124411623141377
1220124353456525312
1220124255792312320
1220124242584522753
1220124217984856065
1220124191002783744
1220124102247297026
1220124078813732866
1220124070227742720
1220124063777116161
1220124036530876417
1220123969451261952
1220123962245386240
1220123955069014017
1220123943387922434
1220123931727794177
1220123915734999046
1220123915554455552
1220123881236652032
1220123858092486656
1220123853541847042
1220123822935789568
1220123808134123520
1220123785795260416
1220123755625750529
1220123715322642433
1220123670242381828
1220123549140123649
1220123538192916480
1220123525861781505
1220123502218334208
1220123463408652290
1220123462464757761
1220123454998888448
1220123385742659586
1220123379711336453
1220123367648284672
1220123344193888256
1220123319040724992
1220123231283077120
1220123174161068035
1220123172181139457
1220123169144463360
1220123152254164994
1220123149737570310
1220123141143285760
1220123057831981058
1220123052870074368
1220123026064203776
1220123020825649152
1220122957873393664
1220122953687302144
1220122896825110528
1220122878852706304
1220122878449815552
1220122877866831872
1220122872020115456
1220122844799086594
1220122832484458496
1220122821277495299
1220122801325191169
1220122794505142272
1220122791539814403
1220122790289977345
1220122788683493376
1220122787651735557
1220122781343346689
1220122753040146433
1220122743204536326
1220122736363823105
1220122725953363968
1220122708026937344
1220122680264818688
1220122664435474434
1220122650313482244
1220122650237919232
1220122575545806850
1220122553777315849
1220122543136206849
1220122495224860675
1220122450781847553
1220122413645619201
1220122397581332480
1220122385774530560
1220122379302703110
1220122363301257221
1220122361438994433
1220122347182518273
1220122337862877187
1220122329805545475
1220122321119215616
1220122305474392064
1220122250482831360
1220122138281156612
1220122116495773696
1220122042348892161
1220122022858104834
1220122019901005824
1220122007699906561
1220121950145654784
1220121930415722497
1220121895980265472
1220121893619011585
1220121857871007746
1220121793169485826
1220121735426502656
1220121577225887744
1220121507365441536
1220121439438884864
1220121432887304194
1220121417250938881
1220121410523234304
1220121389144793088
1220121383675392000
1220121282164948992
1220121274044821505
1220121262061522944
1220121259016695808
1220121196634812416
1220121192490655745
1220121158214979584
1220121128133283841
1220121064728154112
1220121043253125120
1220120984088281088
1220120951184068609
1220120915373101056
1220120888890347521
1220120869499879429
1220120830551576576
1220120776604389376
1220120767574282241
1220120743746260993
1220120708124217345
1220120630223392769
1220120614414893059
1220120604726173696
1220120604592025602
1220120593724518400
1220120534341636097
1220120516801024002
1220120451332046849
1220120430998118400
1220120383723991040
1220120353638318080
1220120281324253184
1220120228455223302
1220120189297201152
1220120161216278528
1220120115808755713
1220120104580665344
1220120097118916608
1220120072737492997
1220120063501574149
1220120002965188608
1220119945239060484
1220119922455408640
1220119911839617024
1220119894672302080
1220119859402424320
1220119786845286406
1220119752237928448
1220119750807699457
1220119747729285128
1220119703336574976
1220119680276254720
1220119645463568385
1220119561946660866
1220119499375960064
1220119441272295424
1220119404907622400
1220119357981970432
1220119343700201473
1220119260460089344
1220119219431325696
1220119198346727426
1220119193774936065
1220119186283880451
1220119180294254592
1220119126800093186
1220119078884577286
1220119025709088768
1220119011670855682
1220118979630505990
1220118949691416577
1220124022823780352
1220119173084471301
1220119005903622146
