1220164205434867717
1220164168839397376
1220164126279860232
1220164063965130752
1220164037545287680
1220164027583582209
1220164022198292480
1220163996814381062
1220163987578458114
1220163984487256065
1220163962555097088
1220163956188368898
1220163950148571137
1220163948693028864
1220163944775503873
1220163908264005632
1220163906276151299
1220163901637173250
1220163899510575105
1220163892577492993
1220163875552866304
1220163851884298240
1220163825414103040
1220163822092279808
1220163794632089600
1220163768153518081
1220163745931915264
1220163730476019714
1220163666005450757
1220163642815139841
1220163595624947717
1220163564289318912
1220163528922976258
1220163485989920768
1220163485264502784
1220163483410554880
1220163453798797317
1220163441899388929
1220163439424954369
1220163427651338242
1220163377521139714
1220163364158046208
1220163338199396352
1220163316859002882
1220163298416480256
1220163184306376704
1220163158368645120
1220163122993999874
1220163120297017344
1220163106489409536
1220163098696396800
1220163076621766657
1220163054396223488
1220163029637259266
1220162997156503554
1220162990902738944
1220162945486815233
1220162934149722112
1220162923873603584
1220162906223824897
1220162880462557186
1220162865908240384
1220162845247016960
1220162805199822849
1220162778910031875
1220162778343800839
1220162760409067520
1220162758706110464
1220162734945382402
1220162727366340608
1220162703412617217
1220162675726082048
1220162665701507073
1220162641815134208
1220162632252035073
1220162588492869632
1220162584311103488
1220162573745692673
1220162549330481152
1220162499447861249
1220162459614380032
1220162448965001218
1220162443512635393
1220162365280354304
1220162242127302657
1220162242097840132
1220162239757455360
1220162235059834880
1220162191556370432
1220162183457275905
1220162109201440768
1220162012593803264
1220162002779172864
1220161991483854848
1220161942133690369
1220161912282980353
1220161873812869121
1220161868146397187
1220161817932025857
1220161817227550726
1220161772134567942
1220161753306152961
1220161741306433536
1220161668430192640
1220161664923901952
1220161660645789702
1220161660289257473
1220161608665772032
1220161475853144064
1220161469771386880
1220161430697189376
1220161428537184257
1220161422967169026
1220161331887779840
1220161301449781249
1220161298153070594
1220161280566165504
1220161272949415941
1220161172390858752
1220161157425778688
1220161066304405504
1220161020653641728
1220161016371150848
1220161012831309825
1220160993474629633
1220160991247372288
1220160977326366720
1220160929956081664
1220160929482059776
1220160925199556609
1220160921835884548
1220160905700368384
1220160899236974592
1220160839396839431
1220160823991111680
1220160799135629312
1220160768324390916
1220160753627533312
1220160746845351936
1220160679577116673
1220160623721533440
1220160621133684736
1220160587348566023
1220160556650266624
1220160508424269830
1220160450974736384
1220160374562934784
1220160362693242880
1220160348981993472
1220160347476242433
1220160332309630977
1220160328006361088
1220160302286876673
1220160274574925825
1220160270888329216
1220160251472703489
1220160211035418625
1220160175614464000
1220160143578599430
1220160129380880385
1220160078046793729
1220160053182967810
1220160021658554368
1220159960702734336
1220159935368941568
1220159911352524804
1220159894604505088
1220159866368602113
1220159818717024256
1220159800102666241
1220159772433035273
1220159634612289536
1220159623035899904
1220159614617935872
1220159613213036544
1220159594682441729
1220159550764015616
1220159449140285446
1220159379783155714
1220159371390398465
1220159345976958976
1220159343263473664
1220159329904533509
1220159326679007232
1220159323352989696
1220159291195215875
1220159236681977856
1220159212396912640
1220159163801722880
1220159136907718656
1220159133644537856
1220159110156562434
1220159093899497472
1220159087981166593
1220159034549911552
1220159016942415872
1220158950290661380
1220158925154074624
1220158901087170561
1220158828152590336
1220158825338220545
1220158813325557761
1220158782933737477
1220158734917177345
1220158720522489863
1220158712637284353
1220158702445125632
1220158691938271233
1220158684246028288
1220158675584679937
1220158661491712000
1220158649810575360
1220158625135636481
1220158577551331329
1220158574762119168
1220158535163662336
1220158491932995586
1220158439596249088
1220158438300209157
1220158399242833920
1220158390703403008
1220158376451112960
1220158362060500992
1220158355282518016
1220158327818215430
1220158308033626112
1220158190366552064
1220158144585830400
1220158102168920066
1220158100847702016
1220158090869452806
1220158029066199040
1220158024192536586
1220157930378612738
1220157919490121733
1220157847347941376
1220157811973246977
1220157773524144128
1220157723314151424
1220157695438622721
1220157690191712256
1220157647216873473
1220157611598729217
1220157601469456384
1220157579034271744
1220157575703826432
1220157535274946561
1220157509241057281
1220157497195073537
1220157484729618433
1220157474428399616
1220157406648393729
1220157403951398912
1220157253879312384
1220157252868476928
1220157239069159424
1220157226410577920
1220157213571895296
1220157211105579008
1220157176884486149
1220157175017938944
1220157122685607937
1220157117065121797
1220157077823410176
1220157030478045186
1220157021703561218
1220157010672377856
1220156948487852035
1220156934692593664
1220156879000621056
1220156873585954822
1220156853037875200
1220156843957329920
1220156771169460225
1220156763770687488
1220156720330178561
1220156713719992322
1220156710913966083
1220156675669164032
1220156632157560832
1220156622607147008
1220156618484174849
1220156583541465088
1220156581549084675
1220156564641763328
1220156516348633088
1220156473289977857
1220156461864513536
1220156453660626951
1220156382264979456
1220156380159434753
1220156377416568833
1220156314036396036
1220156277038505984
1220156256545050626
1220156233770061826
1220156231517720577
1220156170796556288
1220156133085569024
1220156132796313620
1220156057227579392
1220156047169474560
1220156004681293824
1220155897735012352
1220155877853999104
1220155811202244610
1220155804814364676
1220155801542844416
1220155800813031424
1220155796207439872
1220155793997205504
1220155787156361217
1220155782563618816
1220155769691287558
1220155767946346501
1220155749420027906
1220155746396069889
1220155740326772736
1220155737843863552
1220155731757813761
1220155703127470080
1220155680453287936
1220155675659198469
1220155668663099392
1220155647284654081
1220155642020814848
1220155621728604160
1220155587746586624
1220155560869421056
1220155552074010624
1220155537108750336
1220155529764405248
1220155495064973312
1220155487523495936
1220155484155654145
1220155409417359365
1220155407592804353
1220155407420706817
1220155393537708032
1220155377880158209
1220155358145961986
1220155350835433473
1220155330589532163
1220155154571218944
1220155132278726656
1220155130642944002
1220155058366681089
1220154995867295744
1220154972186107904
1220154968990027777
1220154957703327745
1220154924975214593
1220154918516002817
1220154874962292737
1220154851289681921
1220154847837720581
1220154841080594432
1220154840434794499
1220154834583805952
1220154828648779776
1220154820214108160
1220154808700633090
1220154808495030272
1220154781173350400
1220154779747397635
1220154774026321922
1220154760873086980
1220154722587480069
1220154699942387713
1220154698218516481
1220154658435543040
1220154600608501760
1220154590903132163
1220154577498136577
1220154534766563328
1220154484938199040
1220154464226680833
1220154461915578368
1220154434078093313
1220154409633697792
1220154364570017793
1220154361206267905
1220154313479270406
1220154252619911169
1220154250799370240
1220154240120709120
1220154216175538176
1220154174794534912
1220154142502596608
1220154057584791553
1220154046935371777
1220154043365875714
1220154003058655232
1220153931789107201
1220153859999457284
1220153859131068416
1220153813249728513
1220153806757015552
1220153785756065793
1220153677853233153
1220153649764040704
1220153601630396416
1220153597280882688
1220153566117138433
1220153563789262849
1220153505526304768
1220153467362213888
1220153455869714432
1220153400962297856
1220153362311716864
1220153344120913920
1220153278291435520
1220153263367999488
1220153192975126528
1220153176701038593
1220153129569857536
1220153128839868416
1220153048875651072
1220153033537064964
1220153003774136321
1220153002490810369
1220152983377399808
1220152982815133696
1220152977383743489
1220152933972496384
1220152930843660290
1220152868990115840
1220152824815931393
1220152766758367232
1220152739365150720
1220152735686971393
1220152704057479169
1220152675947483136
1220152646813667328
1220152620054208517
1220152612139491328
1220152599221080067
1220152594980470785
1220152584276791297
1220152569101615104
1220152527473143809
1220152502718488576
1220152470330056705
1220152444455395330
1220152418937139200
1220152377161875458
1220152366365904896
1220152352885231616
1220152339887206400
1220152309591703552
1220152253845327873
1220152239026835457
1220152222081847297
1220152220152467456
1220152076535324672
1220152031236636674
1220152014811881472
1220152010856706048
1220151940065234945
1220151925485768706
1220151896821899264
1220151876253077504
1220151846515417089
1220151839980548096
1220151825841770497
1220151794271248385
1220151726830948352
1220151688012685312
1220151686829957120
1220151620408877057
1220151584220438528
1220151539290931201
1220151414409789440
1220151373607493632
1220151353013669890
1220151333438787584
1220151323779387398
1220151316518985728
1220151308033961989
1220151302669266944
1220151300769374208
1220151217000714240
1220151161132421121
1220151138609065984
1220151130312904705
1220151128274489344
1220151121727119360
1220151112642199553
1220151108955324417
1220151087287754752
1220151070283849729
1220151061270421505
1220151032740708352
1220151027082702848
1220151011505033218
1220151001954516993
1220150996917202944
1220150953661386752
1220150901169709062
1220150897570959363
1220150896698568704
1220150859100774400
1220150852029046784
1220150830155825153
1220150830030098433
1220150779920601093
1220150770345086976
1220150751256670208
1220150739328282629
1220150674626924544
1220150648273915905
1220150629017911296
1220150594427654144
1220150548457934848
1220150546583126017
1220150541990408192
1220150522549682177
1220150506581966849
1220150501746057222
1220150423794999296
1220150412524703744
1220150399115591680
1220150290256736256
1220150277564772353
1220150269087846401
1220150265946333184
1220150245809627136
1220150234375970818
1220150230152290305
1220150215581356032
1220150093409591296
1220150063718158339
1220150027898716160
1220150013222764544
1220150003261460480
1220149989957042178
1220149989852225543
1220149987922698240
1220149985846661120
1220149980926599169
1220149963264602113
1220149954666270720
1220149898487590913
1220149892632412161
1220149884566867968
1220149834088435713
1220149817864835072
1220149803633393671
1220149764022591488
1220149749153579008
1220149737250271239
1220149683894530048
1220149663560536064
1220149653334908928
1220149646376357889
1220149641368477697
1220149596908916737
1220149584305041414
1220149560233930752
1220149514847375360
1220149484056870917
1220149444194328581
1220149428721459202
1220149425940713474
1220149376410177537
1220149371834003458
1220149360849313792
1220149352431345664
1220149249729429505
1220149217706102784
1220149147531194373
1220149146079780864
1220164233574461441
1220164226758496256
1220164210941816832
1220164210526568449
1220164180549959680
1220164155543621638
1220164098752765954
1220164072668184577
1220164062354399232
1220164046105628673
1220164041173127168
1220164038962950149
1220164023313993728
1220163985053552640
1220163954573361153
1220163948239966209
1220163926903660547
1220163926727389184
1220163926656086018
1220163924349243392
1220163923065868288
1220163903952281600
1220163900613644288
1220163877083570177
1220163870381281281
1220163869089251330
1220163866149023744
1220163862600634369
1220163837493751809
1220163822281003009
1220163814135451648
1220163809836400640
1220163805868523520
1220163795311460354
1220163793642147840
1220163780513918977
1220163779775741953
1220163778869809152
1220163732753539072
1220163711639478272
1220163679691268097
1220163677153718272
1220163670430355457
1220163667599052800
1220163664621162496
1220163653787365376
1220163643909664769
1220163634413785088
1220163634145316864
1220163620111187969
1220163531351392256
1220163515165618179
1220163496983199745
1220163472085831680
1220163460505321472
1220163460421439488
1220163460371083264
1220163456491327488
1220163450342522882
1220163428762841088
1220163425600446464
1220163424841277442
1220163394373849089
1220163343475851266
1220163337184374785
1220163327491543040
1220163326786695169
1220163320046661634
1220163313985822722
1220163311389564928
1220163311376814080
1220163237465010177
1220163211938287616
1220163205370040320
1220163199485349889
1220163184872443904
1220163147459248133
1220163140496707585
1220163138408108032
1220163119151861760
1220163103523893249
1220163075208183809
1220163066660192256
1220163010141908993
1220163008074219520
1220162969985638400
1220162934128533505
1220162933604392966
1220162930869665792
1220162895893299200
1220162889606144000
1220162889027411968
1220162885965340674
1220162884296048640
1220162856609468416
1220162842021621762
1220162827157213184
1220162816654696449
1220162813672316928
1220162769753796609
1220162705589329920
1220162701327884290
1220162691903287297
1220162686048038913
1220162675164033025
1220162653261266944
1220162640732807168
1220162593848877056
1220162581526085633
1220162568276172800
1220162561619959808
1220162542149849088
1220162530753929217
1220162528208130048
1220162500676718592
1220162498097102848
1220162495261757442
1220162487078645763
1220162483643502593
1220162463502684160
1220162452836343808
1220162451439783937
1220162444783304704
1220162427884658692
1220162393969287168
1220162376454090754
1220162368602361856
1220162335291125760
1220162325849825281
1220162315925913601
1220162310955622401
1220162296867106818
1220162288163983360
1220162224712343553
1220162207436038145
1220162202033737728
1220162188180180992
1220162183679492099
1220162176607899648
1220162167447572480
1220162146434048000
1220162143724523521
1220162124132929536
1220162117845651457
1220162055824478208
1220162049705050115
1220162014200369155
1220162012321239041
1220161960613945344
1220161900152942592
1220161896143151104
1220161894910218242
1220161880745967616
1220161870440685569
1220161843164893187
1220161820519911425
1220161816547950592
1220161804224978944
1220161793005277184
1220161749195710466
1220161727678926854
1220161708661936130
1220161702806933504
1220161701837848582
1220161683382992896
1220161672897318913
1220161667490697217
1220161639829266433
1220161639455920130
1220161634720567296
1220161614151741441
1220161607298428929
1220161595403169792
1220161530186096640
1220161481968246785
1220161462557003777
1220161393401331714
1220161385142812674
1220161377630855168
1220161323016679424
1220161315357913088
1220161304842985472
1220161284626440193
1220161282025779200
1220161233028108288
1220161216150065152
1220161215302918144
1220161208050946048
1220161189826531328
1220161166917242882
1220161147145342976
1220161136714141696
1220161130397519872
1220161119882485760
1220161113259565056
1220161106645114880
1220161045009924096
1220161042480680960
1220161031369936896
1220161005050716160
1220161000961216514
1220160991817678850
1220160963308994560
1220160955423739905
1220160947173523457
1220160946540204032
1220160872909160449
1220160865862852608
1220160865787314176
1220160829561233408
1220160826008453122
1220160824121135106
1220160800335241218
1220160799018311685
1220160798212984833
1220160796816097280
1220160764553527296
1220160740155244544
1220160720211410949
1220160700506464256
1220160656089010176
1220160655988121601
1220160652469248001
1220160631401140224
1220160603370721280
1220160600417828864
1220160597158842369
1220160536010088449
1220160525088280584
1220160501918785536
1220160476228665344
1220160455433322497
1220160438408626177
1220160374252527616
1220160362839973888
1220160324264845312
1220160236217978880
1220160228605300736
1220160184720461824
1220160182975680514
1220160180157140995
1220160177242038273
1220160151115587585
1220160140122320897
1220160140051005440
1220160137022918659
1220160110112100352
1220160101333569537
1220160085315293184
1220160085143347201
1220160076318531584
1220160047902183424
1220160032286707712
1220160009725775872
1220159998535307264
1220159966625050628
1220159954390261760
1220159950992769025
1220159942931505153
1220159906524778499
1220159894235402242
1220159866733391872
1220159854116950016
1220159796747194368
1220159783715475457
1220159766577606657
1220159740967313408
1220159735418081280
1220159719567843328
1220159702333640705
1220159702224572417
1220159694938898432
1220159680665833472
1220159666879156224
1220159659127930880
1220159659044220928
1220159642682187776
1220159613275762688
1220159598935412737
1220159596834148353
1220159595072520192
1220159589137543168
1220159570854629376
1220159533034561536
1220159527439355904
1220159526734663680
1220159505784172546
1220159470384402432
1220159422879731712
1220159404818878465
1220159392512823296
1220159369561591809
1220159354533335040
1220159323734601733
1220159322933493761
1220159318734934022
1220159307393560576
1220159302108766211
1220159267518345216
1220159212501852160
1220159203274149888
1220159201424629763
1220159190599004160
1220159184467046400
1220159177894461441
1220159167249313792
1220159158961328128
1220159155606036480
1220159098018238465
1220159068951777280
1220159057559863297
1220159032889151493
1220158991122104320
1220158985153564677
1220158981944930304
1220158974260994048
1220158940635222016
1220158928303972352
1220158899799625733
1220158887656968192
1220158866245029888
1220158863854329857
1220158839070158848
1220158833558835202
1220158818698649601
1220158780328923136
1220158754244583424
1220158653120024581
1220158624674340865
1220158583376990209
1220158553584881664
1220158531866771456
1220158515945197568
1220158501659410432
1220158481539297281
1220158363465469952
1220158313381281792
1220158312399785984
1220158286864904202
1220158257823543296
1220158160238870528
1220158124176310273
1220158122444120064
1220158115166834688
1220158103372451840
1220158093000003584
1220158082715672577
1220158054995390464
1220158049978945536
1220158049865744389
1220158045579141122
1220158037811290112
1220158036796493824
1220158004747595778
1220157967053385728
1220157958744444928
1220157945565995008
1220157934262521856
1220157913764941824
1220157871691710464
1220157846710435840
1220157834479861760
1220157825508245504
1220157804452798464
1220157802066300930
1220157796907245568
1220157766079143937
1220157718339690501
1220157716775100418
1220157681593393153
1220157678795673600
1220157671103508480
1220157666569289738
1220157664358891520
1220157645543411712
1220157640849940480
1220157619484016641
1220157598911156225
1220157597359247360
1220157596109279239
1220157570863726592
1220157539779661825
1220157525234016256
1220157511359053824
1220157503545188352
1220157489787867138
1220157453431525376
1220157450281611265
1220157450017439746
1220157437048549376
1220157415682756610
1220157406656765953
1220157405129920512
1220157386532388864
1220157359940489216
1220157349412966401
1220157349249372160
1220157341980680192
1220157322158395392
1220157306475646976
1220157289044168704
1220157271818133504
1220157198254264320
1220157185147015168
1220157177081384960
1220157172656402432
1220157163739332608
1220157118642302984
1220157089286365185
1220157050921066496
1220157045044703234
1220157028359950336
1220157027269402624
1220156989583446019
1220156968054198272
1220156944620515329
1220156929886035968
1220156904984334336
1220156891801837568
1220156872575135748
1220156859731959808
1220156843642839047
1220156839482011649
1220156838701780992
1220156814332850177
1220156801301135360
1220156792501567490
1220156791717163009
1220156786105356295
1220156750201942019
1220156726114050048
1220156724004343809
1220156720904921089
1220156717436043264
1220156701233553408
1220156692190466049
1220156612347744256
1220156604152082434
1220156594802970624
1220156574947102720
1220156568869560321
1220156552524337152
1220156542059601920
1220156537173200897
1220156518982488064
1220156515954282496
1220156513978732544
1220156496358457344
1220156494349340672
1220156487604953088
1220156481003089921
1220156472694206464
1220156467119968256
1220156445586599936
1220156373935251456
1220156370231549952
1220156362434367489
1220156359062233088
1220156358017912832
1220156344566714368
1220156333158105089
1220156305140146176
1220156301654675456
1220156224479485952
1220156217814921216
1220156176190595072
1220156137292496896
1220156126102056960
1220156093323730944
1220156066589110273
1220156062474485760
1220156037673771008
1220156028655812608
1220155992744300544
1220155992542863360
1220155987769905153
1220155982405361664
1220155956236939264
1220155906144362496
1220155905230233601
1220155892550684672
1220155883235098624
1220155870979424256
1220155868202688512
1220155864314597376
1220155856517464064
1220155851815583744
1220155838054068225
1220155836305043457
1220155821537079296
1220155804936032256
1220155800015949824
1220155796660588545
1220155786795585536
1220155768848076800
1220155740075307009
1220155736405299200
1220155716603990016
1220155677005504513
1220155662279139328
1220155650191192065
1220155644709306368
1220155632629641216
1220155610928304128
1220155570059186176
1220155495199035392
1220155487439613952
1220155477985648640
1220155460386467840
1220155417851875328
1220155415209447425
1220155382661664770
1220155372230598656
1220155364806520832
1220155306895908865
1220155250742398976
1220155215602520066
1220155196287803392
1220155188226314241
1220155168588566528
1220155155833688064
1220155151224168448
1220155124204494851
1220155115203633152
1220155106785550337
1220155089580544000
1220155086485082113
1220155057003487242
1220155012451651584
1220155000518840320
1220154999684108288
1220154993321209856
1220154937402777601
1220154902124490754
1220154881622913029
1220154841659367424
1220154824630489088
1220154808868278272
1220154794351808512
1220154772139008002
1220154760185176065
1220154751800745985
1220154737275723776
1220154707391537159
1220154682636562433
1220154676319932416
1220154607885701120
1220154607772618757
1220154598318641154
1220154564999090176
1220154542815358983
1220154539082317824
1220154532459507712
1220154522661724160
1220154522615500800
1220154480680767488
1220154456945283073
1220154422371799040
1220154412963778561
1220154395964297216
1220154380068016128
1220154319141593088
1220154297737981952
1220154289638858753
1220154278955737090
1220154272370716672
1220154244071874561
1220154241534320640
1220154168477913090
1220154106041589762
1220154101469630464
1220154100903333889
1220154087041224704
1220154056863178757
1220154041251987456
1220154020951547904
1220154011137052674
1220153972096425984
1220153960691953665
1220153899908075520
1220153898075246592
1220153879095955457
1220153874335420416
1220153872565428224
1220153858124464128
1220153853024165888
1220153795847475200
1220153784455720961
1220153763115106304
1220153742160326656
1220153731146104832
1220153716658995202
1220153712104046593
1220153674174849024
1220153656168763392
1220153631258755072
1220153601311399936
1220153596953579520
1220153584127315968
1220153583070564357
1220153571817082880
1220153544143036416
1220153534588641282
1220153469132099584
1220153426325016576
1220153410973908992
1220153403239620608
1220153399850696709
1220153392645001219
1220153366078279680
1220153348747415552
1220153332293144576
1220153313133395968
1220153305462120448
1220153295274037248
1220153230086131714
1220153228345495553
1220153196611424257
1220153188222816256
1220153183558762496
1220153178705911810
1220153156514078720
1220153103615320064
1220153079703711744
1220153061726777345
1220153040046395392
1220153033541029888
1220152995486162944
1220152921154891776
1220152917635686402
1220152887399079939
1220152834374672384
1220152823146377217
1220152804221714432
1220152793421557760
1220152790158209024
1220152763083980800
1220152745782415360
1220152719903604736
1220152697711579136
1220152679273385984
1220152670163333120
1220152604099076096
1220152598877102080
1220152563678367744
1220152562357157888
1220152553951748096
1220152533781336064
1220152519856250881
1220152510213541888
1220152505650122752
1220152465686876160
1220152465640894464
1220152465561047040
1220152450297913344
1220152444933423104
1220152399853015040
1220152399056130050
1220152363035447296
1220152337236279296
1220152324196204544
1220152284946059264
1220152236967256065
1220152220575907840
1220152209947549696
1220152158546550785
1220152123108642816
1220152120940421121
1220152113981865986
1220152094419750912
1220152082646388736
1220152072185638912
1220152068930850816
1220152029445648386
1220152016950812672
1220152014526652416
1220152001918644225
1220151994737807360
1220151981878071296
1220151969995771905
1220151956934496257
1220151929352880128
1220151842476158976
1220151832615342080
1220151832212729856
1220151802970214406
1220151796129132545
1220151720929525761
1220151716034670592
1220151671671549952
1220151667225612289
1220151661215137792
1220151638360375298
1220151610875056128
1220151598820708352
1220151506986401793
1220151503215845376
1220151500648767488
1220151470630129665
1220151466675130368
1220151456797360128
1220151453395955712
1220151440766832641
1220151426577575936
1220151425155641345
1220151413482721280
1220151375654342657
1220151356389908480
1220151353806327813
1220151333874892801
1220151315352866816
1220151288094064640
1220151253931642880
1220151239846973440
1220151206049284096
1220151185463599105
1220151177532207109
1220151132875411457
1220151123819937793
1220151122943410178
1220151119168434176
1220151112629702658
1220151109668368384
1220151042886647808
1220151016726781952
1220151013220347905
1220151001073643520
1220150996082380800
1220150991531671555
1220150870450397184
1220150866675630086
1220150856181481472
1220150811252015104
1220150801600901123
1220150758940655616
1220150727760154628
1220150726606745601
1220150715915440128
1220150692247031808
1220150679278243840
1220150656855502850
1220150642049552384
1220150631630901248
1220150574307430400
1220150550966091776
1220150544167141376
1220150505201995776
1220150486583652358
1220150482536058880
1220150469986664449
1220150420607127552
1220150364118208512
1220150335890579457
1220150335819436034
1220150334447747073
1220150332833046531
1220150318291394560
1220150316248662017
1220150312050159616
1220150245218291713
1220150218492010497
1220150197621272576
1220150169666121728
1220150126540312577
1220150117963124738
1220150117275058176
1220150094311280640
1220150074740633600
1220150019543584769
1220150000329428992
1220149925440212994
1220149904615432193
1220149868087238657
1220149858578788352
1220149838236381184
1220149834658697216
1220149799028084737
1220149795995705345
1220149785333661696
1220149775846166528
1220149704287064068
1220149700810031104
1220149673794523142
1220149637291610113
1220149607981711360
1220149597927964679
1220149592307617792
1220149571336261633
1220149509528752128
1220149475374551040
1220149474540040201
1220149467199893504
1220149449470676992
1220149445347532800
1220149439567990786
1220149433767084033
1220149428209668098
1220149413433110528
1220149396534222848
1220149355174215680
1220149349855875072
1220149348144754689
1220149340485738497
1220149333473026053
1220149273960034304
1220149262706794499
1220149220868534274
1220149214669230080
1220149214384017408
1220149208428109826
1220164229652549632
1220164227308101632
1220164223281651712
1220164200934232065
1220164197251715072
1220164182651236352
1220164115102040065
1220164102024093696
1220164085792116738
1220164064267177984
1220164050820136960
1220164049612279808
1220164041693286402
1220164041496133632
1220163972843954177
1220163938953957378
1220163897858174979
1220163896448819200
1220163865952034816
1220163818292228097
1220163797429751808
1220163571151261696
1220163522161561600
1220163514347720704
1220163464540217344
1220163451223339008
1220163396470890497
1220163347993116672
1220163324345647104
1220163285854502912
1220163271833067526
1220163270025199616
1220163238408740864
1220163199988895745
1220163181911400448
1220163095370354688
1220163065410473984
1220163061425807361
1220163051514683392
1220163044514254848
1220163041204981760
1220163029406380032
1220163015888134150
1220163001874935809
1220162954886307840
1220162954537996288
1220162944966676481
1220162901236781057
1220162853878947840
1220162832748220418
1220162802544857089
1220162754222288897
1220162745779326976
1220162673473511424
1220162654930526210
1220162652724314112
1220162540321243141
1220162531202752512
1220162450865229824
1220162377561276416
1220162354958172160
1220162353624494080
1220162311232479232
1220162307130478592
1220162282870755328
1220162240499765251
1220162220652290048
1220162184941932545
1220162175248957442
1220162168437510144
1220162166420131841
1220162148170493952
1220162146933170176
1220162132987138048
1220162117120053248
1220162114989330432
1220162094957387776
1220162062283759616
1220162059494666241
1220162034572189696
1220162020550430721
1220162000044478466
1220161999453048834
1220161987000270849
1220161968897691648
1220161966078976000
1220161958839824385
1220161953483542528
1220161937780068353
1220161908990304256
1220161906801070080
1220161885200359424
1220161873812885504
1220161819823599616
1220161802274652160
1220161773510197248
1220161762026278912
1220161736604405760
1220161718615076865
1220161680455294976
1220161640139804673
1220161634125012992
1220161626050945024
1220161622242668544
1220161585718710272
1220161568018763776
1220161556794601473
1220161532656607233
1220161521310810112
1220161509059256320
1220161479376158722
1220161463722971137
1220161437697560581
1220161433478012929
1220161415434194945
1220161400279949312
1220161354754977792
1220161333326270464
1220161328574128129
1220161325717807105
1220161291857334273
1220161291215605760
1220161267811397636
1220161258382680064
1220161258235879425
1220161237272727559
1220161232616988674
1220161204309676033
1220161198475370497
1220161167382855680
1220161153701052416
1220161140946239488
1220161130410102784
1220161120973049857
1220161075653427201
1220161068414095360
1220161029436407808
1220161024864792576
1220160995504508928
1220160844652089344
1220160843473719296
1220160805955522560
1220160798292500481
1220160725340966912
1220160705032327169
1220160682177355778
1220160668680085504
1220160620953100290
1220160597649551361
1220160597121101824
1220160596458582016
1220160580826234880
1220160576149737472
1220160575688323074
1220160512635392000
1220160504024399872
1220160502606598144
1220160491806289920
1220160475855384577
1220160436554723328
1220160413997858820
1220160396222328833
1220160375527739457
1220160366094635008
1220160339435589632
1220160305893740544
1220160284863545345
1220160259299274752
1220160231034048512
1220160225308815360
1220160210234294273
1220160151086338049
1220160095041941504
1220160071289790464
1220160034383986690
1220160005690798080
1220160001873977344
1220159984312442881
1220159945506795520
1220159899864313856
1220159888728432640
1220159793010106369
1220159778892263424
1220159778325819392
1220159771980050438
1220159758948130816
1220159722440933377
1220159694804639744
1220159665847382018
1220159611862315008
1220159593302646785
1220159584574177280
1220159581143232513
1220159519201738753
1220159483147513856
1220159449224007680
1220159389698424832
1220159380030656513
1220159371771953152
1220159364310409218
1220159339480145925
1220159324858744834
1220159264796229632
1220159229677461504
1220159189697409024
1220159180385980421
1220159150816030721
1220159123188330496
1220159107224743942
1220159037855035393
1220159017265221632
1220158976173625345
1220158963653595136
1220158946662420480
1220158782426185728
1220158767037370368
1220158598090756099
1220158580076081152
1220158562661478400
1220158562653130752
1220158562653085697
1220158518940119040
1220158503471501312
1220158476586012680
1220158449977196545
1220158426602450945
1220158416569524224
1220158414430621701
1220158260969213952
1220158258914054150
1220158179444740097
1220158177292902400
1220158173031649280
1220158156531212288
1220158123224137728
1220158061869961216
1220158059755913219
1220157992479277056
1220157968022495235
1220157917455945730
1220157898270990336
1220157843334057985
1220157827639128065
1220157822538678272
1220157816675147781
1220157758592495621
1220157757522956289
1220157750585352192
1220157741215301634
1220157736630882304
1220157725348372480
1220157682142916608
1220157636106022912
1220157601041801217
1220157572734431232
1220157532477513728
1220157531764465665
1220157528547315713
1220157523220525056
1220157511627464704
1220157502605664258
1220157474608730112
1220157459031101441
1220157422683082752
1220157390068252672
1220157389753802754
1220157352738844673
1220157314554122246
1220157271428206595
1220157256873971719
1220157254801821696
1220157243317862400
1220157223365562368
1220157207708348422
1220157124258471937
1220157074954473474
1220157063508066304
1220157025935454209
1220157020759683073
1220156999880474625
1220156955534118913
1220156939486711808
1220156938450849792
1220156934990352385
1220156925087756288
1220156918980927488
1220156891378020352
1220156842510290949
1220156806929862656
1220156788168777730
1220156755381899264
1220156744925577221
1220156734842527744
1220156709584412673
1220156706849787904
1220156700889579521
1220156692912099329
1220156651078148096
1220156648603443203
1220156647659565057
1220156635672276993
1220156632606244864
1220156604588359681
1220156549253009408
1220156544819613697
1220156487496032260
1220156466931175424
1220156465454841856
1220156419141488641
1220156359062310912
1220156312874573825
1220156282579177483
1220156271866679302
1220156259514667009
1220156186999181312
1220156150919966720
1220156059568033792
1220156052970332161
1220156009982742528
1220155960347582464
1220155887840583680
1220155862766866433
1220155862255206400
1220155815471960064
1220155766885232643
1220155728079544321
1220155724275208192
1220155706134806529
1220155683644985345
1220155682004951040
1220155656256348161
1220155648488292352
1220155628473155585
1220155617945563136
1220155593257816065
1220155586265792512
1220155571246174208
1220155560001142790
1220155543282544641
1220155520767725568
1220155520612352002
1220155503080136704
1220155494347628544
1220155453260197893
1220155446540898304
1220155428375605250
1220155311241089024
1220155290970140672
1220155248305721346
1220155235873804290
1220155233520607232
1220155194899456001
1220155192282402818
1220155189505810433
1220155169108787201
1220155044110258176
1220155039853039617
1220155038586114048
1220155022001963012
1220155002657955840
1220154962488881153
1220154962375659526
1220154947540594689
1220154942767321088
1220154909678419968
1220154858768125953
1220154836429221889
1220154817210765312
1220154808486645761
1220154804833378305
1220154801096478720
1220154789910077441
1220154765314793474
1220154709295751168
1220154695559213057
1220154693810298880
1220154680854093825
1220154669806129152
1220154650428616704
1220154574314430464
1220154487072944129
1220154474955788289
1220154463798743040
1220154427195047936
1220154407448457216
1220154391979864064
1220154369418629120
1220154343325761536
1220154343023710213
1220154335796969472
1220154329920749568
1220154308211216385
1220154293346557953
1220154254511366144
1220154154804555776
1220154151679688706
1220154151214055424
1220154144498937856
1220154115507929091
1220154105085059072
1220154037846396932
1220153931763859456
1220153924587384832
1220153884779270144
1220153861656068096
1220153783734296577
1220153754906812416
1220153745339822080
1220153741179019269
1220153734896005121
1220153665794781185
1220153652851032064
1220153636971536384
1220153633498513408
1220153603446337537
1220153503072628736
1220153475478110208
1220153465957163008
1220153450153029633
1220153443685285888
1220153431878402048
1220153384633716737
1220153335015268352
1220153289226031104
1220153204807213056
1220153150809821186
1220153127510380546
1220153124125470721
1220153121273536512
1220153115107823618
1220153072422395906
1220153065409478659
1220153043355865090
1220153042298798080
1220153008362676224
1220152991690428416
1220152990280994816
1220152979895939073
1220152969661906944
1220152944403726337
1220152937797713920
1220152919724441602
1220152898514046977
1220152862119997441
1220152859943026688
1220152827198070784
1220152813524856834
1220152813126213632
1220152724852838400
1220152702543335425
1220152684348526598
1220152675507036160
1220152668217401344
1220152666782748673
1220152662668255233
1220152619315785730
1220152561086488578
1220152503951486976
1220152500139036672
1220152437820088321
1220152431985582081
1220152428001222656
1220152426931482624
1220152407843360769
1220152394249572357
1220152386334994433
1220152313714626562
1220152306034831360
1220152232626147328
1220152191136063488
1220152169304936448
1220152155530620928
1220152135330852864
1220152042590785538
1220152023691063297
1220151972591915009
1220151967994875906
1220151931634626561
1220151909358551042
1220151871819612160
1220151855164141569
1220151850982199296
1220151840307892224
1220151829331267584
1220151815280287746
1220151811119534083
1220151780731842560
1220151763896078337
1220151754622291968
1220151723072860162
1220151681696063488
1220151661177364482
1220151599328366593
1220151556680515585
1220151548509999105
1220151534794575872
1220151489122816001
1220151448123650049
1220151425830936576
1220151423150755840
1220151380955938818
1220151374475694080
1220151356905775105
1220151348198617088
1220151334910881802
1220151333853884417
1220151276668801024
1220151272839335937
1220151264153128960
1220151258721476608
1220151237603098624
1220151200680534016
1220151186843672576
1220151175233855488
1220151173740625921
1220151171672920068
1220151153112936448
1220151152563707904
1220151137959075841
1220151121928511490
1220151009374138368
1220150971830951936
1220150939048390657
1220150932819841026
1220150790901391370
1220150771762810880
1220150728880115712
1220150692142362627
1220150669526458368
1220150642125295618
1220150601771888640
1220150589771763712
1220150540618780672
1220150539880546304
1220150539146514432
1220150530816823298
1220150515406921928
1220150484490694656
1220150474030178304
1220150463083040771
1220150447555530753
1220150440089640960
1220150428182241280
1220150331134398464
1220150321542041602
1220150311362297856
1220150308883460096
1220150285659590656
1220150272971935744
1220150250159013888
1220150242785366016
1220150203916808192
1220150188137803777
1220150184283385856
1220150153421570048
1220150136304570369
1220150128729673728
1220150126066503680
1220150088372109313
1220150087617318912
1220150086317019138
1220150048408797184
1220150041437974530
1220150035473715200
1220150005161349120
1220149975146889216
1220149967484063744
1220149919719124992
1220149915612934144
1220149878346731520
1220149866925449218
1220149799619563520
1220149789909753857
1220149745475211264
1220149744737058817
1220149730241544198
1220149699602042880
1220149693893746688
1220149672104226817
1220149655792648193
1220149646221332480
1220149595235213312
1220149570514096130
1220149537936957442
1220149475496194048
1220149449034366976
1220149445372850176
1220149433804832768
1220149429388242949
1220149425437388802
1220149392843460608
1220149388573581313
1220149341601574913
1220149219706789889
1220149213566140416
1220149201297989634
1220149195056664576
1220149158671044609
1220149145614184448
1220163945601884169
1220163791914176516
1220163516616904710
1220163115456892928
1220163086306488320
1220162636442038272
1220162332111835137
1220162042339852288
1220161261133918209
1220160771893559296
1220160126885056512
1220160090344308736
1220159995947429888
1220159815290241024
1220159538629730304
1220159485940989952
1220159371822477313
1220159272480387073
1220159183842004993
1220158503089623041
1220157947596046337
1220157523518349313
1220156319036035074
1220154198014058496
1220154174744166402
1220153877078663171
1220153779829395456
1220153541458722817
1220153191272198144
1220151557968351236
1220151219919802368
1220150732428472320
1220149988321304576
1220149419900731394
1220149397314367488
1220149338409558017
1220164167191146497
1220164160475975682
1220164103915761666
1220164060961837057
1220163970369249280
1220163962102149120
1220163860621119488
1220163836550008833
1220163829163753474
1220163704051748864
1220163674486251521
1220163575081263105
1220163525777199104
1220163519003480065
1220163332394500096
1220163328917377024
1220163317961879552
1220163317718835200
1220163317462749184
1220163292196417536
1220163283224813569
1220163240996401152
1220163227297779712
1220163222856032258
1220163177872273409
1220163140228452352
1220163136763748353
1220163113053511680
1220163093789052929
1220163068094644224
1220163062344245249
1220162971726307328
1220162880127021056
1220162847772037120
1220162819951214592
1220162808660123649
1220162805480865793
1220162795079114752
1220162792998572032
1220162777274142720
1220162756336287744
1220162732667752449
1220162690410106881
1220162667958034432
1220162667882541057
1220162488118992902
1220162472071528448
1220162416245268482
1220162413707685888
1220162377267548161
1220162375925452800
1220162366521802752
1220162325090574337
1220162307810123784
1220162279116664832
1220162245843243008
1220162215845580800
1220162138326650880
1220162106810609664
1220162092969279492
1220162064657809409
1220161995992858624
1220161976883503104
1220161963721883654
1220161930998046720
1220161901499256832
1220161896256434176
1220161863004102656
1220161830519300097
1220161803281408000
1220161671697592322
1220161577137164288
1220161565757829120
1220161524783669249
1220161505389359104
1220161500364435456
1220161484002492417
1220161438334873600
1220161391455281152
1220161387328000000
1220161385268686860
1220161325797527552
1220161261624676352
1220161221892214784
1220161209854500869
1220161208675979264
1220161195694424064
1220161159468216321
1220161108821995521
1220161064483950594
1220161032817008641
1220160945827147776
1220160925275021312
1220160868333150208
1220160858015326209
1220160849030942720
1220160823953252352
1220160769741869056
1220160754764021760
1220160635901706240
1220160576103407617
1220160574790737920
1220160529991380993
1220160522890502145
1220160401423269890
1220160341042257921
1220160298859909120
1220160228924231680
1220160035554095104
1220160024992837632
1220159991413272576
1220159949877084160
1220159921179807744
1220159917945950209
1220159917161623552
1220159904964440064
1220159887126061056
1220159848400203776
1220159847041134592
1220159810588381186
1220159798626250752
1220159767890604034
1220159765868773376
1220159681521307649
1220159657160908807
1220159602660036608
1220159563405647872
1220159497655615488
1220159470489096192
1220159466529705984
1220159425979154432
1220159408614690816
1220159350494375937
1220159275453927424
1220159176124653569
1220159145455710208
1220159112882900992
1220159020620582914
1220158973694730240
1220158968514801664
1220158968401711106
1220158899304595456
1220158878727360523
1220158870397415424
1220158849719525377
1220158815489802240
1220158811228516353
1220158786289184768
1220158741779308551
1220158720426086400
1220158715183222791
1220158676024975361
1220158644215566336
1220158640545464325
1220158619510964224
1220158549214367745
1220158541127774208
1220158538674208769
1220158498719326208
1220158433288044544
1220158391772905472
1220158364526632960
1220158325574131712
1220158322726227971
1220158317026107392
1220158282448269312
1220158280632131584
1220158269227814912
1220158232213065730
1220158228757086209
1220158171764805632
1220158099656454147
1220158072976334849
1220158062427807744
1220158046825000961
1220158023483543552
1220157961332498432
1220157928537083904
1220157885029597184
1220157821599174661
1220157804863987712
1220157781157662720
1220157701021302789
1220157676891410433
1220157607538757634
1220157566887645186
1220157499153645569
1220157484368826368
1220157451736993792
1220157405926850560
1220157403238424576
1220157377128861697
1220157362603880448
1220157347898593280
1220157342978699264
1220157341317914624
1220157336175697926
1220157225131397120
1220157208161345537
1220157207481868290
1220157186912866304
1220157174183149569
1220157155153776640
1220157144198107136
1220157143883509760
1220157128201011201
1220157113474920455
1220157075096948736
1220157068021243904
1220157060110671872
1220157048886722560
1220157046336569344
1220157016745709568
1220157005232517122
1220156913662357504
1220156886865121281
1220156870385487873
1220156844636692480
1220156744338485248
1220156741272379393
1220156720091103238
1220156712847470592
1220156696242212865
1220156594651975682
1220156567842062336
1220156536414187520
1220156490725543936
1220156435738386439
1220156412686290944
1220156366528008193
1220156366083502080
1220156242569715713
1220156205349425153
1220156195673165825
1220156182620336128
1220156159631470593
1220156157257551873
1220156151758835715
1220156042140454912
1220156012424024065
1220156011735945217
1220155938973208577
1220155933658976256
1220155918442213377
1220155835113848833
1220155833280937984
1220155823139127296
1220155788896931840
1220155708223586304
1220155678679085056
1220155571115941888
1220155489519955968
1220155488513425408
1220155453163761665
1220155348146884609
1220155252948684800
1220155231582842881
1220155214818201600
1220155184690561024
1220155164356558848
1220155162142003201
1220155153291960320
1220155106793967621
1220155101823762433
1220155045968105472
1220155033083416576
1220154952955252736
1220154945883779072
1220154910416818176
1220154833220591617
1220154794377039873
1220154785791217664
1220154783425875971
1220154766808043521
1220154763003809792
1220154759937699840
1220154735820464128
1220154733698023424
1220154664219340800
1220154649413443584
1220154638185328641
1220154634616090626
1220154617444491265
1220154551463899137
1220154550713118721
1220154481746178049
1220154455540236288
1220154420714864640
1220154417695076352
1220154401878228992
1220154359167713281
1220154338410221569
1220154330915000320
1220154317715451908
1220154308752109571
1220154303186210816
1220154302804656130
1220154275159924736
1220154270781042688
1220154264774823937
1220154247322521602
1220154222844317696
1220154217974788096
1220154176266629120
1220154163843289091
1220154108352458752
1220154096096727040
1220154020301623297
1220154005449363456
1220154002098114560
1220154001758605312
1220153980556210176
1220153904681213952
1220153882074062848
1220153760309223424
1220153756446158848
1220153736447832065
1220153710015217664
1220153639253078018
1220153616570281984
1220153470033903618
1220153425276567555
1220153389482266624
1220153384872792064
1220153333320601600
1220153308943474688
1220153305613004801
1220153293768278016
1220153282103955461
1220153265771311104
1220153257747763200
1220153252546781184
1220153215192309761
1220153208879730690
1220153086787883009
1220153070325129217
1220153062813159424
1220153046065385472
1220153029871075328
1220152967283666945
1220152872580435968
1220152869573287937
1220152751587356672
1220152745665138689
1220152725306060800
1220152706305642497
1220152630338576384
1220152624323887104
1220152467209375745
1220152402642227201
1220152361349455875
1220152345285287937
1220152313077096450
1220152295834505216
1220152218386673666
1220152172773425152
1220152163814371328
1220152148505305088
1220152057023410176
1220152054443839488
1220152034273435648
1220152033627389953
1220152029525483520
1220151932276350978
1220151912097636354
1220151892531126272
1220151857114382336
1220151838114222081
1220151792450715649
1220151748226093057
1220151747731054593
1220151706580811776
1220151636808667141
1220151629380374528
1220151616172519424
1220151614930972675
1220151601727328256
1220151594072756224
1220151570811125765
1220151547394392064
1220151535159648256
1220151516020998145
1220151422659878912
1220151413189283840
1220151406130163712
1220151368234651648
1220151312182063104
1220151298726625280
1220151293148221440
1220151275800551424
1220151272931778561
1220151250278219776
1220151241260453888
1220151230082768896
1220151216778276864
1220151183320346624
1220151145416601600
1220151127435399168
1220151124390334464
1220151112495329280
1220151045361405953
1220151034066210818
1220150933457461248
1220150873378045952
1220150863534030850
1220150818805960704
1220150783754362882
1220150776959590403
1220150772589125634
1220150765416660992
1220150677118185472
1220150650568310786
1220150621036318721
1220150601625088001
1220150594503168002
1220150588966494208
1220150585745215489
1220150582503043072
1220150563964256257
1220150560302616578
1220150500990996482
1220150497413419009
1220150495970394112
1220150493118259200
1220150477243002880
1220150335710408704
1220150323014262786
1220150296036311040
1220150177023086592
1220150159880798208
1220150127031209990
1220150116822241282
1220150104386080770
1220150060354240514
1220150036236926977
1220150035519823872
1220149938262134784
1220149856645181440
1220149757370232833
1220149693872844800
1220149664323788800
1220149652000894976
1220149618132033537
1220149539685879810
1220149534405353474
1220149528621277184
1220149489039630336
1220149478872645632
1220149451102224384
1220149435851632640
1220149432546668545
1220149370819162112
1220149349176369152
1220149321615589377
1220149310068752387
1220149297192280064
1220149280050163714
1220149265571438592
1220149259279843329
1220149231106715649
1220149186068434945
1220149184428310528
1220152568707538944
