1219801718998781952
1219801654909861888
1219801528216633344
1219801507085746176
1219801123004932096
1219801022601859072
1219800811817111559
1219800756238159872
1219800713955565569
1219800639288631303
1219800461554921472
1219800347016822784
1219800311348383746
1219800222164975617
1219800107018645504
1219800077197144064
1219800045496623104
1219799835043217408
1219799791556681728
1219799768546803714
1219799705682698240
1219799629899890688
1219799623759384580
1219799526199975942
1219799271748329472
1219799143570259968
1219798611405312000
1219798593562906624
1219798266608586754
1219798143044374528
1219798012660080640
1219798005420822528
1219797876127215616
1219797821504679937
1219797759382802432
1219797234029494272
1219797087505784832
1219796864062513153
1219796851416678400
1219796705132056577
1219796588085809153
1219796550957830145
1219796449694834688
1219796218815053824
1219796216659103744
1219796170513534976
1219796163802562560
1219796141253857280
1219796038220963841
1219795792153591808
1219795583050944512
1219795570224549888
1219795376061870080
1219795370223525888
1219795018371584000
1219794987451158528
1219794504481419267
1219794475624620033
1219794407253110784
1219794278429483008
1219794201891627008
1219794180274151424
1219794006822936576
1219793993992736775
1219793979694374912
1219793922567888898
1219793775855190017
1219793745958146049
1219793703566364672
1219793630082134018
1219793310325194752
1219793260773879810
1219793078216724485
1219793000638926849
1219792941327122432
1219792871357698048
1219792869277474818
1219792843037868032
1219792740940230658
1219792736779304960
1219792549390450691
1219792411615997953
1219792316300324866
1219791938846523392
1219791708633718785
1219791591222714368
1219791407377895424
1219791218743369728
1219791075595956225
1219790998953512960
1219790569775386624
1219790239616638976
1219790008829136896
1219789863295254528
1219789760048353282
1219789595895914497
1219789485564514304
1219789360725483520
1219789322427273217
1219789315707830273
1219789284842053634
1219789237169598464
1219789215761883136
1219789207708884992
1219789191120334849
1219789135285633025
1219788941529952256
1219788826551304197
1219788777843019778
1219788477782355968
1219788440000032768
1219788216653447168
1219788195799302144
1219788109245632512
1219787947555414016
1219787877657169921
1219787781175562240
1219787716281298944
1219787604880580608
1219787565688967168
1219787536576450561
1219787499268190208
1219787242115223552
1219787115581575168
1219787090595958785
1219786815445635072
1219786789277380609
1219801689336664064
