1220209458053361670
1220209241987977218
1220209155853750272
1220209132839436289
1220209063239139328
1220209000979058689
1220208986567401473
1220208922012934144
1220208868858437632
1220208836935589893
1220208788562759680
1220208750667145216
1220208749798993920
1220208733319507974
1220208700264210432
1220208657301827584
1220208642923945984
1220208614222200832
1220208584534962176
1220208583402328064
1220208581167009792
1220208574170685441
1220208550963765249
1220208433527320576
1220208426132754432
1220208219370508288
1220208142971277312
1220208087249903617
1220208080903987200
1220208077196218368
1220208051367612416
1220207977938006016
1220207941149528064
1220207887177269249
1220207872895856640
1220207852649762817
1220207769338437632
1220207664703119360
1220207640502030336
1220207557324627968
1220207517969592320
1220207514895052800
1220207508373020674
1220207465536425985
1220207460528476161
1220207448935620609
1220207443973722112
1220207439808737282
1220207276302139392
1220207239400525824
1220207214050213888
1220207077123153920
1220207066624688129
1220207061839032320
1220206989290156032
1220206976182968320
1220206937813340160
1220206933015175169
1220206851100307456
1220206831819280384
1220206760369311744
1220206734033158147
1220206666366488576
1220206611509235712
1220206556609961984
1220206397301895169
1220206377747927040
1220206251952439298
1220206207002128384
1220206196021284864
1220206187242827777
1220206169953918982
1220206104883286021
1220206097715400706
1220206077763096581
1220206050135171072
1220206038479097857
1220206013107916801
1220205999409238016
1220205984368513025
1220205958355410949
1220205928839925760
1220205905138135040
1220205769217495040
1220205769192243200
1220205768764354560
1220205683683008512
1220205680545751040
1220205602149978117
1220205563067240449
1220205512324632576
1220205503864659968
1220205499033047041
1220205496696745984
1220205494406610945
1220205447732482048
1220205408175955969
1220205374784983040
1220205356950802432
1220205355671740420
1220205345907314688
1220205259022307328
1220205192190128128
1220205160040820736
1220204965785997312
1220204937226915840
1220204933267382272
1220204798386900992
1220204623451115520
1220204612508057601
1220204537706942464
1220204530748608512
1220204318525095936
1220204284354019330
1220204210475687936
1220204197242474496
1220204162866016256
1220204103168675840
1220204078954729474
1220204052656599041
1220204040002232323
1220203907152076801
1220203846347251713
1220203843306184704
1220203805049929728
1220203801505779712
1220203793251520512
1220203753363644416
1220203743976673282
1220203734753562624
1220203675135528960
1220203631946817536
1220203628364955648
1220203601819131909
1220203532135038976
1220203507409657857
1220203456394416130
1220203430095904768
1220203371975598080
1220203159081103360
1220203152131096576
1220203103347183617
1220203027912507392
1220202993842298881
1220202988234575877
1220202985818611712
1220202625053810689
1220202613766909952
1220202579222781952
1220202565414948864
1220202538986823680
1220202537820868608
1220202404240601088
1220202319935102978
1220202270752722944
1220202256835809280
1220202252566134784
1220202200456212480
1220202159817535489
1220202126518837250
1220202125722030080
1220202090795921408
1220201900215132162
1220201849388584961
1220201848495276032
1220201847647948800
1220201846549049344
1220201843298430976
1220201797433860096
1220201773731909632
1220201685982883840
1220201636603150336
1220201631825846272
1220201583117524992
1220201577387982848
1220201573910859778
1220201570081693696
1220201561730797569
1220201554247946240
1220201515798806528
1220201459809247232
1220201410211516416
1220201374853619712
1220201370864836608
1220201350379851778
1220201321778774016
1220200979745923072
1220200967796404227
1220200864238800897
1220200863135825920
1220200854042697728
1220200844936740864
1220200761214238721
1220200743279452161
1220200741677293568
1220200737210355717
1220200705002110976
1220200668151144448
1220200655123406848
1220200616800268288
1220200555919937538
1220200420037070848
1220200419881836544
1220200220413198337
1220200153392369664
1220200100317691904
1220200066926796800
1220200065085726720
1220200042209955841
1220200033557020672
1220199940690935808
1220199894209556480
1220199870889431041
1220199815126175744
1220199802958417920
1220199736294199297
1220199707139551233
1220199630434185216
1220199608917188609
1220199574205235200
1220199567246970880
1220199543943331840
1220199537597468672
1220199519561879552
1220199428897890306
1220199387160367104
1220199283368120321
1220199281543397376
1220199213528600576
1220199154632122369
1220199137066520577
1220199066052833280
1220198959865638918
1220198910531997697
1220198875425910794
1220198846715719680
1220198786070405120
1220198756882231296
1220198728730128384
1220198684350128128
1220198662321713152
1220198598094147584
1220198593622990848
1220198446398877696
1220198436810764290
1220198410206081024
1220198409946247168
1220198323174416384
1220198206505504769
1220198190840000517
1220198182275010561
1220198171630022656
1220198162721378310
1220198124641230848
1220198110707601408
1220198102096760832
1220198082970898432
1220198029023727616
1220197939185885184
1220197878913781762
1220197823917907968
1220197767567507457
1220197701997989888
1220197700634845186
1220197679516401666
1220197664886808576
1220197615972900864
1220197602244866048
1220197597446623234
1220197486272270337
1220197471525265408
1220197401819897856
1220197370148745216
1220197365790978048
1220197209137762305
1220197184752115712
1220197161410842625
1220197028199895041
1220196966610669568
1220196960176611328
1220196953780342784
1220196943550472192
1220196941415505920
1220196927922495488
1220196893202010112
1220196876710043649
1220196803058061312
1220196772234039297
1220196683289694209
1220196681397997569
1220196599810293760
1220196588133457921
1220196577312034816
1220196537612951554
1220196522526216194
1220196490339143681
1220196418578575360
1220196366464569344
1220196362639245312
1220196258419265536
1220196155226759169
1220196142241042432
1220196126441320448
1220196066504536066
1220196035185778688
1220196030962192384
1220196006731505665
1220195946195107841
1220195905338511360
1220195854432317441
1220195790968315905
1220195774463643648
1220195769665433606
1220195739747270656
1220195695321403392
1220195673707909120
1220195663411105794
1220195641923723264
1220195573795520513
1220195515813572612
1220195484775542787
1220195475581734912
1220195353258971136
1220195231406141441
1220195192612900864
1220195093216448512
1220195087935660033
1220195017001664512
1220194983535370240
1220194927298187264
1220194875389308928
1220194835581112320
1220194820402094091
1220194805306753026
1220194760775716864
1220194728353775617
1220194721621929989
1220194672666038272
1220194640776908801
1220194597772513281
1220194558790815744
1220194544882528261
1220194470819520520
1220194450250403841
1220194450078666752
1220209537661243393
1220209511907987456
1220209501552300032
1220209494602473473
1220209478756290561
1220209462587187206
1220209462155235328
1220209457927356418
1220209448330784769
1220209413065039873
1220209402096914433
1220209387215769600
1220209382543314945
1220209372669759494
1220209353300406272
1220209340155604992
1220209310560608256
1220209294689239041
1220209293984591878
1220209238200541189
1220209238162542592
1220209211121946626
1220209190758748161
1220209182613204994
1220209169690767361
1220209163172630528
1220209153081147393
1220209144499593216
1220209133997056001
1220209111683354625
1220209100899766273
1220209083476631553
1220209043156766720
1220209039805599744
1220209002132328448
1220209001461211136
1220208924797726720
1220208857160437761
1220208796544299008
1220208790278000640
1220208767117086721
1220208737907957760
1220208717158809603
1220208697315491841
1220208690915172353
1220208685995057162
1220208674666233857
1220208670807429120
1220208670153330688
1220208653958971392
1220208636770701313
1220208609465757696
1220208593359843330
1220208573495463936
1220208569204654080
1220208548350578688
1220208532722573312
1220208525596475392
1220208468952375301
1220208466737786880
1220208444948353025
1220208379852808193
1220208340497657856
1220208331517648896
1220208297703116800
1220208219899006977
1220208192426110977
1220208190979051520
1220208166006210560
1220208160419590144
1220208152190152704
1220208148796993537
1220208141431820288
1220208138479161344
1220208120644784128
1220208088986161152
1220208082665390080
1220208079205089282
1220208076571041793
1220208062973132801
1220208035328475137
1220208022191890432
1220208015506231300
1220207972250353664
1220207965363290112
1220207961240297472
1220207949211025409
1220207857976479744
1220207852578430977
1220207827697815553
1220207827538464768
1220207816075431936
1220207741035143169
1220207737335734273
1220207730159276032
1220207703655579650
1220207690783195136
1220207646856232966
1220207644280905729
1220207617076674561
1220207609531101184
1220207581911646213
1220207520939008002
1220207474306764800
1220207420200247296
1220207390756196354
1220207346535632896
1220207335433494528
1220207320325447685
1220207311383343109
1220207298485870592
1220207246509895680
1220207228692520961
1220207179396894720
1220207156886044672
1220207153803218944
1220207106705494016
1220207071007653888
1220207064838037510
1220207028829712385
1220207027336687616
1220206980670709762
1220206974597509130
1220206971413917696
1220206965785124864
1220206946264858627
1220206936353726464
1220206926870409217
1220206894284853248
1220206832456630272
1220206832322478082
1220206822155403266
1220206810155454465
1220206806636449796
1220206801599094784
1220206796326854661
1220206791814012931
1220206779721584640
1220206770611605504
1220206669885407232
1220206580366479360
1220206557138341888
1220206520845115392
1220206510141251586
1220206506987012096
1220206453681606657
1220206444307369984
1220206386522415104
1220206382953091072
1220206376632209408
1220206340313759744
1220206338669568001
1220206329303711744
1220206320936091649
1220206317375111168
1220206292251209728
1220206280947597312
1220206196419776512
1220206186781237248
1220206160957050882
1220206124156313601
1220206111849975808
1220206108263903233
1220205983407886337
1220205955469561856
1220205908589936640
1220205884006993920
1220205876423749633
1220205851870474247
1220205836968103937
1220205833147027456
1220205818257321984
1220205788758708224
1220205763336949760
1220205741237137408
1220205621972094976
1220205598286860288
1220205582667272193
1220205548357861377
1220205521095008257
1220205519148703745
1220205471073697797
1220205467424579584
1220205457450524673
1220205454397067266
1220205452803354624
1220205444183945218
1220205436139261953
1220205402551476224
1220205402073260032
1220205399195836416
1220205398201896960
1220205396263981062
1220205353465303040
1220205342325235717
1220205333370400769
1220205310649880576
1220205298276696065
1220205291519774725
1220205268446916608
1220205258917343232
1220205238302281728
1220205230958227456
1220205209999134720
1220205205502840832
1220205199874297856
1220205164042211329
1220205152797282309
1220205149269975040
1220205145595641856
1220205139903934464
1220205127908253696
1220205090318868480
1220205082945277953
1220205067879337985
1220205035054718981
1220205033871904768
1220205033809043456
1220205029937668097
1220204993145274369
1220204979950014465
1220204971339026433
1220204916095905793
1220204901122183168
1220204893325021185
1220204845937741830
1220204812379226112
1220204796797276161
1220204791592144898
1220204781039321094
1220204762219474944
1220204749229842432
1220204676710371330
1220204659391905792
1220204656699363329
1220204635895537664
1220204627095846914
1220204622004019201
1220204617537073153
1220204587170189312
1220204554618191872
1220204521374109696
1220204486188122113
1220204467380834305
1220204464046391298
1220204427325276160
1220204409650475008
1220204386221060096
1220204385352835072
1220204332458463232
1220204324581597184
1220204274270867456
1220204251764404224
1220204243434389504
1220204193723535362
1220204170751303681
1220204154640977920
1220204151281520645
1220204132142927872
1220204092787654657
1220204072206077952
1220204068062162945
1220204018359685120
1220203991348346880
1220203969852522496
1220203967008755712
1220203962579599360
1220203958729183232
1220203917239173121
1220203897471610881
1220203861467488256
1220203845189623808
1220203790395215872
1220203782665056257
1220203755314077696
1220203751912476672
1220203666172514304
1220203623814029312
1220203596148609024
1220203583242555393
1220203564900839424
1220203474425532417
1220203467534409728
1220203430636974081
1220203396734451712
1220203390703005696
1220203354892075008
1220203308406587392
1220203242627330048
1220203240194760704
1220203236696588288
1220203111832158208
1220203109449732096
1220203100750766081
1220203051069276162
1220203035198025728
1220203021453258753
1220203015166029824
1220203011164651521
1220203009956667392
1220203009176563712
1220202972623208449
1220202955950845952
1220202955489497088
1220202946425540608
1220202919200317441
1220202909234880512
1220202908089606144
1220202898774036480
1220202895439585281
1220202861461557248
1220202795879452672
1220202731236773888
1220202721283735552
1220202700064751617
1220202675628912640
1220202666816610304
1220202665163907073
1220202577683288064
1220202550151933952
1220202543562862592
1220202531227258882
1220202508754264066
1220202491322781697
1220202472209178624
1220202445118197761
1220202438550048769
1220202383302512642
1220202361869590535
1220202348297039872
1220202269943181314
1220202266369712128
1220202237286240256
1220202222144765954
1220202167639924737
1220202138690818048
1220202118423834624
1220202109187981313
1220202043974905856
1220201994029162497
1220201885308604417
1220201827863416832
1220201819961323520
1220201815448289280
1220201797081395200
1220201771257094144
1220201751879540742
1220201692505018369
1220201690764390402
1220201679502491648
1220201659114016768
1220201638872461317
1220201625794441220
1220201624934572032
1220201612372672512
1220201604156030977
1220201600494387200
1220201548031987712
1220201531921711104
1220201523415617537
1220201513093517312
1220201460396384256
1220201455115653120
1220201451856658432
1220201394755358720
1220201362572496897
1220201333866655745
1220201329022373888
1220201322806296576
1220201311527997441
1220201256594968576
1220201238060339200
1220201226043658241
1220201208326934532
1220201185069584384
1220201171823947777
1220201165897510912
1220201157194211328
1220201156179374080
1220201124541558784
1220201115687342080
1220201091234582528
1220201084704165888
1220201059274174466
1220201033219149825
1220201024151085058
1220200974272221184
1220200963409088513
1220200892630102016
1220200891736895490
1220200886808412161
1220200859599925248
1220200838297092096
1220200823973498880
1220200798103228417
1220200777156845568
1220200718054973440
1220200716549197825
1220200700090769408
1220200698618548224
1220200694155632640
1220200679332962304
1220200647678550016
1220200646705631232
1220200641647144960
1220200637876408321
1220200620293910528
1220200601067446272
1220200590753402881
1220200541889785861
1220200508100448256
1220200505193857025
1220200483005927424
1220200474898358276
1220200465054363648
1220200460017160192
1220200361308360707
1220200360645521408
1220200341112672256
1220200294815911936
1220200288746921985
1220200244786405376
1220200228537548802
1220200159428141061
1220200151672860673
1220200147679793152
1220200143162462208
1220200117975777280
1220200106504310786
1220200033846321153
1220200031174529024
1220200024857927680
1220200022001647618
1220200019522813952
1220200018558107648
1220200001026109441
1220199999675351046
1220199975205818369
1220199972991205377
1220199955413000192
1220199951533322241
1220199934407905280
1220199925859807232
1220199884030005250
1220199883820240898
1220199877373808642
1220199873296896000
1220199871371730945
1220199866451681280
1220199862483865600
1220199841277468672
1220199801926455296
1220199776823570432
1220199774210494464
1220199764857217024
1220199751829712897
1220199730250240005
1220199710289354752
1220199690320244736
1220199683034775552
1220199652483403778
1220199643880968192
1220199624159318016
1220199567859372032
1220199563128033280
1220199560452038656
1220199544366911499
1220199541422596098
1220199530978635784
1220199417480761344
1220199413580288002
1220199413282308096
1220199395158659072
1220199368176885760
1220199311075495936
1220199310135922688
1220199287591600136
1220199278506803201
1220199273062653953
1220199259082907648
1220199239331926016
1220199213004312576
1220199198575841280
1220199193240731648
1220199169333153798
1220199158306336768
1220199148739129346
1220199130200363008
1220199123757830145
1220199113758838784
1220199093806551040
1220199075531784192
1220199072880984070
1220199061451505664
1220199017184927747
1220198967062884357
1220198937836937217
1220198929100410882
1220198916232118272
1220198838767624192
1220198811324141568
1220198804504203264
1220198797310976002
1220198796463751168
1220198726834065408
1220198719666171909
1220198560987107329
1220198557850001411
1220198544608563202
1220198540091092992
1220198527332048896
1220198495535222784
1220198483983880192
1220198445681528833
1220198401872023553
1220198400257216513
1220198398902456320
1220198340744433665
1220198321635000321
1220198317164023808
1220198308515393536
1220198292752961536
1220198269843918848
1220198268296032257
1220198259408269312
1220198248410836993
1220198243277000704
1220198200889552896
1220198196208709632
1220198160078798849
1220198157025497089
1220198132115374085
1220198084459692032
1220198054650925062
1220198028742520832
1220197996811321344
1220197971435933697
1220197967631613952
1220197966851510274
1220197962577408000
1220197902422855680
1220197854842507265
1220197779533774848
1220197779332460544
1220197768590872576
1220197762748182528
1220197741214736385
1220197719731396608
1220197717533585408
1220197710759743490
1220197710059331587
1220197704719945728
1220197691638022144
1220197621014454272
1220197613665845249
1220197613082902533
1220197592333680640
1220197572205133824
1220197554329092096
1220197488247877633
1220197482711453696
1220197420463579136
1220197417561337856
1220197407255695360
1220197406018396160
1220197401027178496
1220197399081078784
1220197396027592705
1220197391485358080
1220197379598499841
1220197372682063874
1220197371448938497
1220197367216918530
1220197341237432321
1220197339912187909
1220197324049276928
1220197323051012097
1220197318273785856
1220197307980771330
1220197300959617024
1220197295280414721
1220197286963306498
1220197279392501761
1220197254641913856
1220197244537671680
1220197217635532800
1220197208235991045
1220197161746554880
1220197151126380545
1220197133166546944
1220197091550453761
1220197045534777345
1220197026656182279
1220197021270757376
1220197003776253953
1220196990149169154
1220196977188704264
1220196959438483457
1220196941117579264
1220196823958278146
1220196816840314880
1220196795449393153
1220196792651829248
1220196783403327488
1220196769415532544
1220196765804236800
1220196762465357824
1220196723093426177
1220196701132263424
1220196678004686849
1220196674552856576
1220196646538997761
1220196635264737280
1220196600078729222
1220196567753379841
1220196544894382080
1220196535104786434
1220196513575342082
1220196503379042304
1220196472290856960
1220196463113670658
1220196424609959936
1220196397862903808
1220196384374054913
1220196352761532416
1220196344259850240
1220196328707362816
1220196318938714112
1220196311074594816
1220196288270143493
1220196272381935616
1220196253272723457
1220196240337461254
1220196220557254656
1220196214529904640
1220196192606248960
1220196181848010753
1220196177670393857
1220196149153406977
1220196141280546816
1220196112780234753
1220196082858070017
1220196064252186626
1220196050968940544
1220196049018441728
1220195977434238977
1220195931691397120
1220195906303098885
1220195880189427713
1220195845448126464
1220195834563706881
1220195803869827072
1220195780423798785
1220195773754699778
1220195714904592385
1220195705802776576
1220195705123270656
1220195702296285184
1220195660831608835
1220195658369355776
1220195648818909195
1220195630108200967
1220195617013547008
1220195605550518273
1220195577373302784
1220195573011140609
1220195572940001280
1220195565536829440
1220195564018532352
1220195561233510400
1220195555885772801
1220195511820595201
1220195508724977664
1220195506078408704
1220195503020752896
1220195478630875136
1220195445487677443
1220195436264349696
1220195428316131329
1220195413921161216
1220195400419643392
1220195392194781184
1220195375253872641
1220195347844255744
1220195337224081408
1220195333512159237
1220195300557541376
1220195293917896704
1220195291342635008
1220195279661457409
1220195279128997888
1220195270794678272
1220195268194226179
1220195257452642304
1220195223369703424
1220195213840281601
1220195190687715328
1220195183582744578
1220195183339302912
1220195167652573184
1220195162502193153
1220195156881575938
1220195137776750592
1220195121745911808
1220195117216210949
1220195108705964032
1220195047120887809
1220195041018286083
1220195039021686784
1220195032138829824
1220195007761653761
1220194989512130562
1220194978896531456
1220194972940390400
1220194962282860545
1220194938530488321
1220194914354380801
1220194903101018112
1220194896956407808
1220194875372724225
1220194843198197760
1220194826945253376
1220194811266859009
1220194797828354052
1220194795295035392
1220194785480175616
1220194749354627072
1220194743184838656
1220194742300041222
1220194724469850112
1220194720875335680
1220194718698688512
1220194707302703104
1220194656056758274
1220194651153395712
1220194645755322368
1220194640931909632
1220194628105752576
1220194623479373824
1220194603933913088
1220194595784601600
1220194586489970691
1220194554030120960
1220194547591811072
1220194444428959745
1220209501447577600
1220209465632481280
1220209445466062849
1220209429649317888
1220209422611308545
1220209411764912128
1220209404294791168
1220209394631114753
1220209370518081536
1220209358857998337
1220209305384697858
1220209290574778375
1220209288859176960
1220209236711329792
1220209232638828544
1220209216746598400
1220209161041956864
1220209089134911490
1220209041957363712
1220209027344412672
1220208988664414208
1220208968657788928
1220208949481365504
1220208911480999936
1220208886164094976
1220208870556983296
1220208845382770688
1220208843331964929
1220208820313452545
1220208737526468608
1220208715074138112
1220208707092377602
1220208702847901701
1220208691804168192
1220208676859826176
1220208655389184000
1220208639614439424
1220208639199281153
1220208634958712834
1220208620375134209
1220208565383655424
1220208521251344385
1220208511281500160
1220208509259829249
1220208499503722496
1220208485838680064
1220208475873001473
1220208474187091968
1220208453538308098
1220208446739369984
1220208401730457600
1220208232141950976
1220208163171000321
1220208118833065984
1220208103645499392
1220208088818438144
1220208059500253189
1220208035252932609
1220208030504980481
1220208019805327360
1220207973747707907
1220207833679114240
1220207798149177346
1220207769678045189
1220207758047358978
1220207664241623040
1220207622717968384
1220207599724818432
1220207589222469632
1220207573212614656
1220207562865418240
1220207545660379138
1220207531475329024
1220207394254356480
1220207390269804544
1220207362650361856
1220207358879518721
1220207348804796417
1220207296208232448
1220207274968469509
1220207267146031106
1220207190725799936
1220207157183942657
1220207140117237760
1220207139152633858
1220207112480911361
1220207078226132992
1220207078104371201
1220207075189391360
1220207036287328256
1220206987700527110
1220206973506875393
1220206936789942272
1220206852350205953
1220206812613480449
1220206778144710662
1220206671349182465
1220206618962350080
1220206575081705472
1220206574490112000
1220206552986083328
1220206546644172800
1220206489379295233
1220206478746968064
1220206458534412288
1220206439278362625
1220206430742929409
1220206350266970112
1220206324044054528
1220206296902684672
1220206208490954752
1220206184541483009
1220206136827076608
1220206123480825861
1220206115008458752
1220205996582170624
1220205970493562880
1220205898087321600
1220205883856228353
1220205844542959616
1220205816248242176
1220205783255642112
1220205760526811137
1220205658156478464
1220205631304617988
1220205622961950720
1220205594906202112
1220205546151673856
1220205533619048449
1220205533451259904
1220205465008857091
1220205454548140033
1220205362332209152
1220205353985548288
1220205352941019136
1220205323656429568
1220205312667308032
1220205295382589440
1220205215653212161
1220205167162818561
1220205139807494144
1220205134564577280
1220205098539732992
1220205095821836293
1220205011973689345
1220205010274799616
1220204982449983488
1220204931245801472
1220204893832667136
1220204859128893440
1220204826044190720
1220204807383928832
1220204793299439616
1220204784097136640
1220204733551370241
1220204648570793991
1220204646393733120
1220204605096779776
1220204502965542912
1220204424666210305
1220204352176054273
1220204295339028480
1220204261440552961
1220204221158457344
1220204200749125633
1220204178187804672
1220204173419073538
1220204167156961280
1220204163218464769
1220204158919176192
1220204115147362304
1220204086277988353
1220204083191042048
1220204029822636037
1220204020154765312
1220203968564846592
1220203955877302272
1220203876629929984
1220203819281219585
1220203792580464640
1220203764881117184
1220203752038203392
1220203745457377280
1220203734829092865
1220203657402015746
1220203599399092225
1220203579190829057
1220203561226661889
1220203492293242881
1220203455827955712
1220203406457016320
1220203393844568064
1220203345790435328
1220203321182519297
1220203316950577154
1220203296280981504
1220203289863688192
1220203258343559169
1220203252131590145
1220203212545777664
1220203132011122688
1220203059730702337
1220202992416083969
1220202938095681536
1220202911407337472
1220202911164055552
1220202902150623234
1220202890553249792
1220202871385395200
1220202844395122688
1220202839336681473
1220202823708594177
1220202821552726018
1220202805253804032
1220202764992679936
1220202759288287232
1220202754720894977
1220202714941906944
1220202634939977728
1220202633593376768
1220202611560910848
1220202577326817281
1220202575837978625
1220202479301820416
1220202467582828545
1220202417213640705
1220202406362910720
1220202386351849473
1220202380479881216
1220202349521711104
1220202316625694720
1220202292797788160
1220202226783621121
1220202221750513669
1220202207141720064
1220202192834924544
1220202177609814018
1220202132327919621
1220202063818186754
1220202053491773440
1220202052342644736
1220202040535613440
1220202017169256448
1220202009980231680
1220201981207179264
1220201933782147072
1220201846821793792
1220201839418925057
1220201839284707329
1220201839162822656
1220201838286462976
1220201768421863424
1220201751447363585
1220201700017025024
1220201691804577794
1220201680941277184
1220201650901733381
1220201648766631937
1220201637660299264
1220201630752075776
1220201628994699264
1220201606509019136
1220201540725682177
1220201487420100609
1220201477475467265
1220201462145224704
1220201456097288193
1220201348873867265
1220201330599284736
1220201325343854592
1220201315822751744
1220201312584732672
1220201302950645760
1220201270947958784
1220201248227332096
1220201229202018304
1220201226278559744
1220201223460012032
1220201194817232896
1220201124562472960
1220201024268402695
1220201001770045440
1220200905653407745
1220200884417658881
1220200876171677696
1220200854147473409
1220200831040909312
1220200828193034240
1220200810270752768
1220200801391517697
1220200791983652864
1220200785906147328
1220200750938234880
1220200684655718400
1220200599872069632
1220200577675735040
1220200572437114880
1220200559568965637
1220200532817534976
1220200446972899328
1220200428463218689
1220200419554557954
1220200400948621312
1220200394925596672
1220200365896978432
1220200360293199873
1220200304265830401
1220200303347273728
1220200302005104640
1220200275446771714
1220200250146639874
1220200219263942657
1220200163488288769
1220200160061358080
1220200159453351936
1220200115027116037
1220200106848182273
1220200104071581696
1220200057812721664
1220200037298237442
1220200025806069766
1220199998056550405
1220199992515674113
1220199986530529281
1220199952523112448
1220199911112744960
1220199894528544769
1220199858738475009
1220199792342708224
1220199785291927553
1220199780015435777
1220199777150763009
1220199755197882370
1220199751423012865
1220199739355828224
1220199737237757954
1220199716245229569
1220199710012690433
1220199681008922624
1220199676403703808
1220199672628666368
1220199582614933504
1220199568253517826
1220199551040196610
1220199526981689344
1220199378100592640
1220199340318384130
1220199292759085056
1220199284533911553
1220199274073423872
1220199255366930433
1220199230385508352
1220199194289496064
1220199181865717760
1220199170385989632
1220199139406802944
1220199026575822849
1220199013829484545
1220199013099552768
1220198975711694848
1220198974470180864
1220198961635581952
1220198940248825857
1220198899312402433
1220198856870154240
1220198838205472769
1220198834795700229
1220198797290168320
1220198793179750401
1220198793108312064
1220198783931371520
1220198761852493824
1220198730466570240
1220198714498637824
1220198692788944896
1220198656013299712
1220198593115631616
1220198589957398528
1220198578624389120
1220198547662000128
1220198539839463424
1220198500530409472
1220198488052502528
1220198473229729793
1220198448269578240
1220198446054944768
1220198421060915201
1220198380003123200
1220198358184288258
1220198347975397376
1220198341780226048
1220198307533934595
1220198195440963585
1220198173563662336
1220198106605604864
1220198104202383361
1220198082891210752
1220198023315111937
1220198019137540096
1220197949998845952
1220197948744699904
1220197918046425088
1220197877970014210
1220197866896887808
1220197835741597698
1220197787444355072
1220197768288854016
1220197726412996608
1220197719311912960
1220197701079334914
1220197610641752065
1220197584960151552
1220197583924027392
1220197526705528833
1220197420178427905
1220197398682558464
1220197393305485313
1220197388855283713
1220197378235387906
1220197352536862721
1220197350523592704
1220197289379188736
1220197195422584832
1220197143425712128
1220197118213873664
1220197117479702528
1220197092209106947
1220197002996260864
1220196983945801729
1220196972222668800
1220196942233378817
1220196920070680576
1220196881030053888
1220196876361916418
1220196871886508032
1220196826139152395
1220196752999047168
1220196741250568192
1220196645918466051
1220196568470560768
1220196528775557120
1220196502875693056
1220196487877013504
1220196441924276224
1220196439453655042
1220196438409240578
1220196397846106113
1220196387251343361
1220196381521899520
1220196338819878913
1220196322411565056
1220196300718837768
1220196252765147136
1220196191075368961
1220196183269761025
1220196117876359168
1220196066886324229
1220196047625977857
1220196046325919744
1220196044899745793
1220196004206538752
1220195973952987138
1220195952331513856
1220195904973692929
1220195851005394945
1220195820567515136
1220195777349222400
1220195765148143626
1220195761096282113
1220195729282498567
1220195725255966721
1220195672269279233
1220195586198114304
1220195571908202499
1220195561518686213
1220195559140544513
1220195546012405762
1220195534562111493
1220195446829662208
1220195434037157888
1220195338121707520
1220195310196137984
1220195258207809536
1220195192990339072
1220195176053764097
1220195173835190278
1220195156671913984
1220195119577518082
1220195074006380546
1220195068222623744
1220195038719807490
1220195026388602880
1220195017987436544
1220195013574811653
1220194962723221504
1220194922638086144
1220194920620797952
1220194900437864448
1220194891826892800
1220194866757541888
1220194847786721282
1220194831802105856
1220194800302878720
1220194787233554433
1220194768874958848
1220194725853986816
1220194708892205056
1220194604001177600
1220194584304717824
1220194575723192320
1220194569867812865
1220194560392880129
1220194546077839360
1220194513857187840
1220194484761300992
1220194476192256006
1220194471557521412
1220194459209621506
1220194445510860800
1220194445053825025
1220209081253801984
1220208958360772609
1220208645641605122
1220207941619372032
1220207559715409921
1220207525447884800
1220206839909928960
1220206417484759040
1220206297565425664
1220206082733133825
1220205328697978885
1220204927009509376
1220204882096984064
1220204782465495043
1220204432039694336
1220204368407846913
1220204359708893184
1220203878940958721
1220202731480080386
1220202633102684160
1220202597472186368
1220202489451954177
1220202284128206848
1220202200686706688
1220202072596865024
1220201836411416576
1220201420743303168
1220201350618681344
1220201142103072768
1220201128681336832
1220200747003863040
1220200465209544704
1220200091115343872
1220199962643795969
1220199610003550208
1220199534254383104
1220199482135941120
1220199356621447168
1220199327466811393
1220199323041816576
1220199292205318145
1220199272194478081
1220199056233857024
1220198979285090304
1220198857536987136
1220198691929149440
1220198659817476097
1220198652695719936
1220198459283623938
1220198358708391936
1220198231239380992
1220198105045299201
1220198048938151936
1220197782348132353
1220197779697360896
1220197696843042817
1220196937829421056
1220196347669708800
1220196257953538049
1220196150877159424
1220195497664831491
1220195401694924805
1220195250552991744
1220195076137078785
1220194737291874305
1220194659273625601
1220194640189517824
1220209537065480192
1220209525703303170
1220209512751214594
1220209508967825408
1220209454131494912
1220209449459019776
1220209421315276801
1220209393465036801
1220209376402792449
1220209374099980289
1220209354605056003
1220209346476269568
1220209254273093633
1220209156176539648
1220209140355620864
1220209121661726720
1220209107371773952
1220209091827531776
1220209061288927232
1220208994716807169
1220208983182475264
1220208979634077696
1220208935845666816
1220208928182530048
1220208890484158464
1220208773320466432
1220208726340243456
1220208690482909184
1220208661676613632
1220208655418527745
1220208640981860352
1220208610535301121
1220208581875650560
1220208552247205889
1220208520953380865
1220208441584545792
1220208430645800960
1220208425440702464
1220208424287264771
1220208331656253440
1220208255927906305
1220208205709471745
1220208078064365570
1220208070338347008
1220208033445236736
1220208031427973121
1220208010787573760
1220208007688196096
1220208000419475456
1220207995398893569
1220207928612773888
1220207922707230720
1220207882727092224
1220207878079778816
1220207863764668416
1220207844261163008
1220207737037967360
1220207633514151936
1220207623573655553
1220207593945280514
1220207415687172096
1220207414366162944
1220207403699847168
1220207396963774464
1220207355725402112
1220207293259767808
1220207261684883457
1220207237928407041
1220207230785449984
1220207167300521984
1220207146572271617
1220207125751709697
1220207029672992768
1220206990594437120
1220206947728707584
1220206869047697408
1220206852299878400
1220206834545356800
1220206803637563393
1220206775879786497
1220206774101463041
1220206743348662272
1220206714395467777
1220206699669344261
1220206613711159296
1220206554030362624
1220206543343357954
1220206508232925184
1220206492441284609
1220206389185765376
1220206303806722048
1220206274735792128
1220206271279828992
1220206257522475008
1220206227512127488
1220206179785179137
1220206154157944832
1220206147560452096
1220206138517417985
1220206133622628353
1220206127171768320
1220206122088333312
1220206076429328386
1220206074613006337
1220206051464605696
1220205923118899200
1220205913782403072
1220205908543754241
1220205904332836865
1220205810841739264
1220205763433418752
1220205728838901762
1220205700845953026
1220205696614129664
1220205677831868416
1220205658638696448
1220205431391313920
1220205305486663681
1220205273098272768
1220205252168818688
1220205228361908226
1220205081225678848
1220205054109634560
1220205022635384832
1220205005451468801
1220204970156314624
1220204933669998592
1220204883074154497
1220204875256147969
1220204844079669249
1220204798974341120
1220204683656122370
1220204652702158855
1220204568673308672
1220204497772765186
1220204418563338240
1220204411101831170
1220204284689571842
1220204262476500993
1220204256445136896
1220204224933322752
1220204163323265024
1220204146990567424
1220203920846397441
1220203900248027136
1220203883575705600
1220203882174799875
1220203855759040513
1220203833994801152
1220203775551557633
1220203771440943104
1220203752914767872
1220203723143532544
1220203701249294337
1220203611541499904
1220203601479512064
1220203597519937536
1220203593430515712
1220203583251140608
1220203355386966016
1220203207521193986
1220203188063571968
1220203174138712064
1220203108438921216
1220203025467396096
1220203017678442496
1220202987093741568
1220202909440319489
1220202737649872896
1220202656662089728
1220202645027078144
1220202620423372800
1220202530644418560
1220202488847978497
1220202456623255552
1220202324515115010
1220202206265257984
1220202202293317633
1220202153400094720
1220202136207646725
1220202124950130690
1220202067425280000
1220202026006728704
1220202017034915840
1220202005295054848
1220201949594734593
1220201918867345408
1220201887598817286
1220201867042443265
1220201828459196416
1220201823291621383
1220201805918793728
1220201805616795648
1220201795844132865
1220201782325866497
1220201767742230529
1220201744556118017
1220201717536563200
1220201649072832514
1220201420818976768
1220201419526959105
1220201416255508481
1220201287930634241
1220201257689702400
1220201210856099840
1220201199938334720
1220201192283705345
1220201185702899713
1220201171039612928
1220201165238853634
1220201113615355905
1220201113351335937
1220201075245891585
1220201062184783873
1220201049669062658
1220201012239196160
1220200899751989248
1220200899257126915
1220200897558368256
1220200804671356928
1220200785465630721
1220200769275617281
1220200736539066369
1220200711104823297
1220200710500864000
1220200700371783680
1220200654301319169
1220200639436713984
1220200629471039493
1220200622932160512
1220200610408140800
1220200608298196992
1220200600157216768
1220200582499262464
1220200572227182593
1220200567017836544
1220200500689174528
1220200453582905345
1220200360767131650
1220200336310308864
1220200332455636992
1220200330702417922
1220200324872294400
1220200319939801088
1220200311035285504
1220200263337644032
1220200238691962880
1220200235366043649
1220200200511221760
1220200099382538241
1220200003571834880
1220199987902078976
1220199973100195840
1220199964883718145
1220199957937954822
1220199947003289600
1220199930242822144
1220199893744148480
1220199889679855618
1220199798395035648
1220199746725281793
1220199732657573888
1220199715439960070
1220199707617579010
1220199677406007297
1220199521449336832
1220199494589079552
1220199482546999296
1220199476243189760
1220199468223672320
1220199462443913216
1220199436258664449
1220199421972865025
1220199384752828417
1220199360622972929
1220199359066902531
1220199283158159360
1220199242829942785
1220199215948877824
1220199178262892545
1220199159279415296
1220199159233499136
1220199142732943360
1220199106175365120
1220199082016366592
1220198899455090688
1220198898628612096
1220198810678247426
1220198749898715136
1220198716427997184
1220198694110158849
1220198688175226880
1220198686191276032
1220198650493583360
1220198538442878976
1220198536136077313
1220198453311000576
1220198423942647808
1220198356569468931
1220198320129421312
1220198102058930177
1220198101664710661
1220198070136127490
1220197853181677568
1220197837868236805
1220197798378950657
1220197766233653248
1220197734248042496
1220197704380440576
1220197694288932871
1220197674026037251
1220197648994422784
1220197582254657536
1220197560519839744
1220197488306479104
1220197464579461120
1220197457340047361
1220197385030262784
1220197327966593024
1220197210295537664
1220197193581301760
1220197126707335168
1220197098852798466
1220197092427280385
1220197081509482500
1220197069240930305
1220197061653487616
1220197024659689472
1220197013192572931
1220196999586140160
1220196993844170752
1220196929419796481
1220196889599102979
1220196795931820032
1220196753410084865
1220196623805845509
1220196589274157057
1220196565555404801
1220196547301797888
1220196493119774720
1220196403080650754
1220196386299203584
1220196379395420160
1220196369962455042
1220196119642361856
1220196015703093248
1220195995184558080
1220195892684378112
1220195867707097089
1220195855434645504
1220195847117275136
1220195659946479619
1220195631592923137
1220195624651329537
1220195565096407040
1220195548285657088
1220195548030029824
1220195525720305664
1220195500470595585
1220195401355026432
1220195397299331072
1220195381973155841
1220195299466964993
1220195141417304065
1220195111688118274
1220194990791577600
1220194972650987520
1220194967185833984
1220194895635406849
1220194871601811456
1220194853331431424
1220194809069129728
1220194780543504384
1220194711283126275
1220194689225084929
1220194652847869952
1220194632291815424
1220194578118205440
1220194565753196545
1220194521612349440
1220194512305360896
1220194486191419393
1220194445221560322
