1219832011604418560
1219831915685056512
1219831882273230848
1219831825624788993
1219831823955648512
1219831821069844481
1219831767152001024
1219831655004721152
1219831642702798848
1219831597693833216
1219831590580301824
1219831565036875778
1219831528261160961
1219831485751939077
1219831356487847936
1219831305292124168
1219831278955970560
1219831180767350785
1219831177873244160
1219831144058802176
1219831057316372480
1219830966480322560
1219830962344693762
1219830947480293377
1219830905289703424
1219830891511349248
1219830868556099584
1219830825900027906
1219830778995052545
1219830708530745345
1219830649990909952
1219830609985425408
1219830595364278278
1219830591320809472
1219830584656007168
1219830574140911616
1219830551558836224
1219830438174302213
1219830333908058112
1219830263682752513
1219830185102434310
1219830173148774401
1219830125325357056
1219830114021728257
1219830066357710848
1219830047277608960
1219830038482186241
1219830031922475008
1219829925177200641
1219829902750273536
1219829825361399809
1219829760160870400
1219829742762778625
1219829558813155331
1219829461186682881
1219829415888261120
1219829315560443905
1219829297445310465
1219829244207030278
1219829171364487168
1219829041517084677
1219828982427701248
1219828736138391553
1219828725417762816
1219828673479684096
1219828637739843584
1219828551882563585
1219828519573655552
1219828477655797760
1219828472702332928
1219828468218781697
1219828467094573058
1219828438917189633
1219828416096034816
1219828363793248256
1219828324400152576
1219828289554075651
1219828289545523200
1219828232947671040
1219828220339638272
1219828185539338241
1219828130338279424
1219828098025213952
1219828092849573890
1219828091700146178
1219828077926072320
1219828077632483329
1219828073652215813
1219828057122299904
1219828044296347648
1219828025812029440
1219827985416474624
1219827968920387584
1219827889585229824
1219827877463707653
1219827871331414016
1219827740079263744
1219827711176323072
1219827667312226309
1219827641441759232
1219827509484834817
1219827488660041728
1219827487980638208
1219827439179894784
1219827432284413952
1219827400135057408
1219827310263721984
1219827297588563968
1219827249400008704
1219827228156055559
1219827157796577284
1219827103228555264
1219827093631979520
1219827034697818112
1219827030667038721
1219826998152810496
1219826936995708929
1219826787204681729
1219826567213223940
1219826555955957760
1219826462745944065
1219826455124688897
1219826435294220288
1219826258793529344
1219826099615686656
1219826081957646336
1219825977175482368
1219825968665120768
1219825902776807424
1219825839459704837
1219825782530412544
1219825771344269312
1219825693728571395
1219825510353723403
1219825467835998208
1219825457710813184
1219825450479837184
1219825329767899137
1219825288558891011
1219825282774945792
1219825234368319489
1219825109675855872
1219825098464493569
1219824833736761347
1219824799926476801
1219824771619328000
1219824756259803136
1219824742099824640
1219824635715342336
1219824587233546242
1219824482145067009
1219824463367172096
1219824349940604929
1219824269053612032
1219824203454529536
1219824085397647361
1219824081765306370
1219824074785902593
1219824020784205824
1219824003134697474
1219823995509297152
1219823958796591104
1219823900130975744
1219823853993701376
1219823778538106880
1219823683092566016
1219823659084394496
1219823575231860738
1219823519262896128
1219823458835673089
1219823458218999809
1219823382386159616
1219823367701876736
1219823330234003462
1219823184125366272
1219823148998119425
1219823124419502080
1219823123169591296
1219823113799528448
1219822971583389696
1219822958761381888
1219822933222158336
1219822923202146310
1219822866545250305
1219822709519065088
1219822653118255105
1219822553323184128
1219822527628873728
1219822353405947906
1219822348653588480
1219822322535714822
1219822136140976129
1219822098354462721
1219822063214583813
1219821974983045121
1219821955878215680
1219821889264050176
1219821869085417473
1219821782661648384
1219821744724369408
1219821709068398592
1219821582924673024
1219821527224537089
1219821509881028618
1219821483175948288
1219821475323990017
1219821438800146433
1219821426066087937
1219821425709576193
1219821411272814592
1219821402796232705
1219821396383162368
1219821381132505090
1219821350086463488
1219821143839911936
1219821116606337024
1219821094451863552
1219821075527127040
1219821011215896576
1219821001619525632
1219820989657145344
1219820942672551937
1219820941385007104
1219820875219759104
1219820825500618754
1219820825257353217
1219820790704525313
1219820693300240384
1219820661910245376
1219820607644160000
1219820594490941440
1219820451616231424
1219820348239204359
1219820343755526144
1219820244082003969
1219820063252983809
1219820029115555841
1219820025458122752
1219819985117335557
1219819938468155392
1219819889306681345
1219819870646198272
1219819863562125319
1219819757022543872
1219819745526140930
1219819720620179456
1219819662466277376
1219819647895162880
1219819634251177985
1219819544488960000
1219819529959698432
1219819525484503040
1219819498972291072
1219819424879792133
1219819395037294593
1219819390876536833
1219819351089565698
1219819345955708928
1219819294957006849
1219819218381819904
1219819183028015105
1219819147908931584
1219819115071856640
1219819088249118720
1219819046750670848
1219818828949086210
1219818746266648577
1219818681246437376
1219818671981330432
1219818667703185408
1219818659998248961
1219818651576164352
1219818646635237377
1219818612279664640
1219818537683865600
1219818484290351104
1219818442628292610
1219818433165946880
1219818387829927937
1219818317675929601
1219818235803119617
1219818191318372353
1219818146099425286
1219818072887840768
1219818038633082880
1219818005674319872
1219818001337327623
1219817978084167680
1219817877404049412
1219817812824186881
1219817759539781632
1219817751235256321
1219817738798895104
1219817692338716673
1219817691973869568
1219817572788580352
1219817570880180225
1219817464416083968
1219817451925516288
1219817448083464192
1219817362288861184
1219817357524205570
1219817250783399938
1219817193241751553
1219817182021869570
1219817140670410752
1219817125650542594
1219817038354558976
1219816979592351744
1219816970566209537
1219816967802101761
1219816959652462593
1219831829991239680
1219831588281696259
1219830067393519616
1219830016030081024
1219829972728070144
1219829937596559361
1219829623761952769
1219829283918700544
1219827807745802243
1219827522453590016
1219827008487612416
1219826250816151553
1219826185049231360
1219825839207936000
1219825098871447554
1219825002213560320
1219824920244424710
1219824592484593665
1219822596642017287
1219822045367656449
1219821518718406658
1219821429954437121
1219821014735118337
1219819377157005314
1219818516473270273
1219817691659350016
