1219998069758009344
1219998063164579840
1219998051596554241
1219998036899831810
1219998015806570497
1219998013919240192
1219998008055672836
1219998006986051584
1219997967182110721
1219997944566427648
1219997933988466688
1219997888299794432
1219997861460561922
1219997856523833346
1219997855357816833
1219997838274371585
1219997826366812160
1219997755420172289
1219997696804524032
1219997692295884802
1219997684704202754
1219997674742714373
1219997674268692481
1219997673597603846
1219997667155116033
1219997661832654848
1219997651304927234
1219997618387943427
1219997565191696385
1219997538125631491
1219997531045711873
1219997467472584705
1219997450062245890
1219997443091099650
1219997422346219520
1219997412430729216
1219997334731403264
1219997315659943936
1219997282550067200
1219997269392445441
1219997268578906117
1219997259435249665
1219997248290983938
1219997239310983175
1219997236601540610
1219997235997483012
1219997231010516992
1219997216464670721
1219997183992303619
1219997147938066434
1219997134302457856
1219997133438406657
1219997131672641536
1219997121883136006
1219997113704206336
1219997091457531905
1219997073740914688
1219997069131141121
1219997039641100293
1219997025288192002
1219997022603792384
1219997000982241280
1219996995798163462
1219996987791237120
1219996932740976641
1219996889048928256
1219996880660242433
1219996868685508608
1219996861676711936
1219996843142238209
1219996841414221829
1219996838012473344
1219996833566642181
1219996804927950848
1219996785797550080
1219996729535320066
1219996726607536129
1219996719863062530
1219996697549393925
1219996695754395650
1219996673134465024
1219996658697674754
1219996656403472384
1219996641840848896
1219996640905293825
1219996612023463937
1219996564464263168
1219996543740260353
1219996531065004044
1219996520382070784
1219996514019201025
1219996481114996737
1219996472218812418
1219996457077362689
1219996456263782400
1219996443236282369
1219996415264321537
1219996374684618752
1219996352408694784
1219996311879135233
1219996298792833025
1219996295592435712
1219996256879161346
1219996240353669124
1219996205108748288
1219996148988964865
1219996144341864455
1219996128621539328
1219996078407327746
1219996066151641092
1219996046383894528
1219996041426001928
1219996019804573697
1219996003333365760
1219995992327704577
1219995941677228034
1219995934819373060
1219995924384092160
1219995890133487618
1219995843715043329
1219995804410183680
1219995793723097090
1219995783665197056
1219995770889428995
1219995722302607362
1219995604195168257
1219995603498721280
1219995593814265857
1219995585249345536
1219995575921336320
1219995559999819786
1219995528689340417
1219995438331330560
1219995417208901632
1219995350267846661
1219995326649708545
1219995294575710208
1219995291383934977
1219995248560087040
1219995240741920775
1219995234467241989
1219995220793753602
1219995219413864449
1219995215286743040
1219995200057237511
1219995152267333633
1219995138027589633
1219995131945914368
1219995126451384321
1219995104007610370
1219995072600707072
1219995063121580034
1219995043756494848
1219995032679329792
1219994996939452416
1219994989377265665
1219994985929625601
1219994929906274309
1219994929197277185
1219994906057420801
1219994904081895424
1219994903725342720
1219994800369229826
1219994799085932544
1219994752617086977
1219994724007862272
1219994721478680576
1219994714352562177
1219994712473513985
1219994702721835009
1219994691233624065
1219994675961925634
1219994675257298944
1219994606546239489
1219994583465123842
1219994581816762368
1219994559217852416
1219994525957005312
1219994501831450625
1219994491949649920
1219994446688923650
1219994446323949569
1219994443157135362
1219994413943984128
1219994384764145669
1219994359447412739
1219994352958656512
1219994337137909760
1219994320259944448
1219994290308468742
1219994261552345088
1219994254724030464
1219994251078979584
1219994242405236736
1219994230858354688
1219994188147617792
1219994175774642187
1219994159697682437
1219994154341732354
1219994144556421121
1219994105519976454
1219994085924229120
1219994066563162112
1219993988964343808
1219993951568039936
1219993852703952896
1219993828154843138
1219993812530917381
1219993802959618050
1219993762597888001
1219993742062637057
1219993722584211456
1219993692964036608
1219993673477316615
1219993627037855745
1219993626584981505
1219993542866735110
1219993535585214464
1219993533811175424
1219993463187480576
1219993456417890306
1219993446514970625
1219993442585141250
1219993385940987904
1219993372447952897
1219993345885462530
1219993286045126656
1219993263534374913
1219993259377774593
1219993251505033221
1219993238230196224
1219993220886564864
1219993195007836160
1219993183574249478
1219993152528035844
1219993148216107008
1219993114712166402
1219993049763319811
1219993047707996160
1219993042645594113
1219993003739222017
1219992988962775040
1219992970922868737
1219992965206216704
1219992933169917952
1219992932612100098
1219992927793025026
1219992909623308288
1219992905898528769
1219992884235005952
1219992876073078784
1219992863619993607
1219992859870363649
1219992848763883520
1219992842422099969
1219992825720258561
1219992811715682307
1219992811099037696
1219992723970760704
1219992722553044993
1219992679536304128
1219992673873952770
1219992662230605824
1219992661815283712
1219992647017910272
1219992633768054784
1219992626293686273
1219992623936503808
1219992616684703744
1219992614969266177
1219992565182877696
1219992550553112577
1219992546476285959
1219992543993057281
1219992491430227968
1219992464095875073
1219992451018035200
1219992421435613186
1219992393149112320
1219992390938906624
1219992389671981056
1219992374413348864
1219992365747843073
1219992324501057536
1219992319195340800
1219992301260492800
1219992260210757632
1219992227772014593
1219992226656182276
1219992221275054081
1219992213859512320
1219992138827493378
1219992110180421638
1219992092622983170
1219992076714237952
1219992023111032832
1219991991934758912
1219991991896944640
1219991984837931008
1219991979116785665
1219991977116291074
1219991944220286978
1219991898321932288
1219991895406981120
1219991887492321280
1219991860325814275
1219991854407655424
1219991845230374912
1219991743006834688
1219991691358130176
1219991689311522816
1219991686169927680
1219991641693528064
1219991625197391872
1219991599536537603
1219991532339638273
1219991464920436737
1219991429608550400
1219991390660239361
1219991363384680450
1219991316752478209
1219991296129032194
1219991279439958016
1219991245163909120
1219991229485780992
1219991215866859520
1219991210481344512
1219991179250556933
1219991169956007937
1219991138657918979
1219991094596861954
1219991087202340865
1219991053878644740
1219991021716635650
1219990994600378368
1219990982835474433
1219990955216031745
1219990946378657798
1219990908797476864
1219990905874198534
1219990904896925696
1219990904116629504
1219990842695393281
1219990789243142144
1219990786059583490
1219990750362054659
1219990746930900999
1219990746532581382
1219990739179970562
1219990707227758592
1219990686516305921
1219990652815101953
1219990603582320645
1219990602240208898
1219990600700661762
1219990581470023681
1219990552906620929
1219990532618735616
1219990526079926272
1219990506693910528
1219990505204764677
1219990498250608642
1219990401190440961
1219990361004814340
1219990356873359361
1219990342352506881
1219990341455052800
1219990303664271361
1219990279471669251
1219990240984612864
1219990226350723072
1219990186806763520
1219990180003663872
1219990161385111555
1219990135481069568
1219990128224952320
1219990122718023682
1219990122340462593
1219990097577365507
1219990073011265537
1219990064953884673
1219990042484961280
1219990037728768000
1219990027398209542
1219989978048090112
1219989972893274115
1219989953490321408
1219989949442904066
1219989900902240256
1219989844945973249
1219989841321967621
1219989798032674817
1219989784782917633
1219989761013768199
1219989704088506368
1219989701316222976
1219989700481515520
1219989688913551361
1219989587529031680
1219989525931397126
1219989483384233984
1219989451285250049
1219989375049703426
1219989368049299457
1219989321127608320
1219989306879762438
1219989293583568909
1219989205754904576
1219989190919827459
1219989181453295616
1219989162142638081
1219989162088173568
1219989118534340608
1219989103875371008
1219989051362537472
1219989017086824448
1219989009428107264
1219988968567136257
1219988928767221762
1219988891421286400
1219988871104073734
1219988868729954310
1219988864984440832
1219988863201902592
1219988835276378115
1219988825910452225
1219988814141296643
1219988802946596864
1219988763851423749
1219988750731829253
1219988739876958209
1219988689322835968
1219988683606183936
1219988657303584776
1219988648587907073
1219988615557677058
1219988597555658752
1219988561199534080
1219988555164004352
1219988549841358848
1219988544254435328
1219988522398035968
1219988507990487040
1219988494640189440
1219988478324117504
1219988439053094912
1219988426247868417
1219988411768958979
1219988352465805312
1219988351765315584
1219988347990315008
1219988341174755330
1219988322350551043
1219988307720970240
1219988305401516033
1219988288292786176
1219988248459608065
1219988218885615616
1219988157216718851
1219988133065973760
1219988131308437504
1219988089067778048
1219988070273032192
1219988067961929730
1219988064023601153
1219988051470049284
1219987982435770368
1219987976786268161
1219987963112759297
1219987948063678464
1219987893155958785
1219987874004848640
1219987858628456451
1219987858041102339
1219987851980476417
1219987840261672960
1219987825732595712
1219987807353147392
1219987777959419905
1219987730668695552
1219987670300004352
1219987656781725697
1219987652298117121
1219987646400860161
1219987646241329152
1219987621734232074
1219987616747020288
1219987613001666560
1219987611760103424
1219987566323281923
1219987549634154502
1219987535700643841
1219987518952759301
1219987503417085952
1219987493338189825
1219987463986470912
1219987400488820737
1219987398299410432
1219987367068459008
1219987350329208833
1219987314295889920
1219987213137506305
1219987207177605121
1219987188886253569
1219987172687777794
1219987170301292544
1219987163095478272
1219987139053658112
1219987115557163008
1219987091070820352
1219987088558501888
1219987058556592128
1219987047240421376
1219987044417576962
1219987043335516166
1219987035349405702
1219987024784056325
1219987017741881344
1219987015548030977
1219987006048088064
1219986968689500161
1219986950880403457
1219986924875788288
1219986900032860161
1219986878595813376
1219986862758080512
1219986862665797632
1219986856500133890
1219986853861974016
1219986850980429825
1219986835201568768
1219986775894110209
1219986774367375368
1219986719421947908
1219986714854330368
1219986698559541249
1219986658260594689
1219986621086359552
1219986599833980929
1219986593202810880
1219986457420541952
1219986425363554310
1219986411950084098
1219986399723692033
1219986371156365312
1219986332614889472
1219986324737921024
1219986319234994176
1219986299605540869
1219986291275812867
1219986254361550848
1219986226662473728
1219986222841499648
1219986222564638721
1219986217845972992
1219986213194682368
1219986202847326210
1219986178092552193
1219986139970461696
1219986123381968896
1219986009703796736
1219985983921364992
1219985975599910920
1219985972030517249
1219985966791872512
1219985960760377346
1219985889901805569
1219985887825682432
1219985875603509249
1219985808016338949
1219985805810262017
1219985791222415362
1219985780854198272
1219985714588344320
1219985711132282882
1219985704559742976
1219985686062927877
1219985650570727430
1219985615057539073
1219985612603719680
1219985601207980032
1219985592831893505
1219985564599975936
1219985563694051329
1219985542986772486
1219985530684833792
1219985500376793088
1219985498040688640
1219985480562774016
1219985458085683200
1219985449021853696
1219985417212235776
1219985393795371009
1219985386946158592
1219985381824892929
1219985374610690048
1219985373239005184
1219985349381967873
1219985338946457601
1219985332294311938
1219985317299740678
1219985307510222849
1219985295623380993
1219985276027768832
1219985256834633728
1219985241475076096
1219985203323686912
1219985175896977408
1219985139180044293
1219985109132038144
1219985086092890112
1219985085933461504
1219985082620043265
1219985081378492417
1219985081198153729
1219985014470766594
1219985012373643265
1219985003033001985
1219984990546604037
1219984984364072965
1219984981847470080
1219984971852464130
1219984957218541569
1219984956773957632
1219984935852765184
1219984931390132224
1219984899441979392
1219984874876080133
1219984872040738816
1219984855993286656
1219984852814123009
1219984850360459264
1219984846824583169
1219984835424337920
1219984826712772608
1219984767833137153
1219984760174469120
1219984735780257793
1219984729757237251
1219984723151413249
1219984714993299459
1219984687797624832
1219984654800969730
1219984652363939840
1219984642838798336
1219984638153756672
1219984629127696387
1219984585930395648
1219984575885082624
1219984543786000386
1219984501004210176
1219984472541663234
1219984472101310466
1219984457240915968
1219984446192963585
1219984424420495361
1219984422293975042
1219984407483777024
1219984405575487488
1219984396574429184
1219984378165633025
1219984359614058496
1219984352614002688
1219984336188952576
1219984309081210885
1219984297131679744
1219984278877962240
1219984276017614848
1219984274524262400
1219984190617399298
1219984163870167041
1219984029551865856
1219983929287020545
1219983909267607552
1219983866095722496
1219983844432138240
1219983835758198784
1219983790350704642
1219983778531151872
1219983739884838912
1219983729910697985
1219983648084176896
1219983643130712064
1219983629608050688
1219983603658039296
1219983555209678849
1219983554697777153
1219983554580549632
1219983538449195009
1219983512435970048
1219983498313785345
1219983476553850884
1219983459961143306
1219983449060270088
1219983437706203137
1219983402717282304
1219983337009233920
1219983333859430400
1219983326074720256
1219983325651197952
1219983325445705730
1219983319460347910
1219983310224592897
1219983300225392646
1219983289206935552
1219983274761691136
1219983265035182082
1219983262199812101
1219983248920498177
1219983246844403712
1219983223230476289
1219983219602395136
1219983207019569153
1219983203576033280
1219983135984771072
1219983135653400576
1219983104447844353
1219983082658373632
1219983052090163200
1219998148321587200
1219998095791886336
1219998028783738881
1219998013218672640
1219997901318787079
1219997892343001090
1219997823074099201
1219997796754849792
1219997734167408641
1219997725564919813
1219997710893240320
1219997688009089024
1219997609890385920
1219997502545354758
1219997484786888705
1219997467242061824
1219997436896215041
1219997362669727744
1219997354528575489
1219997350485221376
1219997297309822976
1219997278489829377
1219997272210956288
1219997236899172353
1219997225293508609
1219997166074310657
1219997120091918336
1219997033865662465
1219997025539743749
1219996990689267713
1219996956333727744
1219996955155128321
1219996888939683841
1219996882786758661
1219996880521682946
1219996871881449472
1219996823823298561
1219996724208394240
1219996719389253634
1219996550438383616
1219996470818103302
1219996449733132291
1219996443861106688
1219996432716857344
1219996378652467200
1219996225828605954
1219996168257601536
1219996167997542400
1219996123487588352
1219996093628518400
1219996043447697410
1219996039819612160
1219996017774350336
1219996001139744768
1219995953366614016
1219995901692768256
1219995898316374017
1219995859665833984
1219995847137558531
1219995835728969728
1219995834118393867
1219995820839227394
1219995793563635713
1219995739620696065
1219995631508344832
1219995493352144897
1219995481943658496
1219995464713424896
1219995400498753542
1219995330059489280
1219995294147866624
1219995179043774466
1219995110387126273
1219995100761055232
1219995065629569026
1219995020683399168
1219995016363307008
1219994989469396993
1219994984738222086
1219994877473116162
1219994823526141953
1219994803674304513
1219994794736275456
1219994684392501250
1219994641681899520
1219994597075505153
1219994502141603840
1219994464061575171
1219994457279541248
1219994393588813824
1219994391076462593
1219994104475607040
1219993925383086081
1219993912850337793
1219993905522868224
1219993882869620736
1219993864196374529
1219993820047134720
1219993774203392000
1219993707493019648
1219993638211444742
1219993528043884546
1219993359571271680
1219993352562589696
1219993294358188033
1219993186535215104
1219993182450024448
1219993163739230208
1219993138980212737
1219993113508212736
1219992945941549061
1219992927465664512
1219992922835148802
1219992902589243393
1219992855294496769
1219992823371423745
1219992803674968065
1219992772507136000
1219992765301325824
1219992753796288514
1219992732426326018
1219992725954551808
1219992718312525824
1219992667028774919
1219992647034499072
1219992574464708609
1219992573227323392
1219992566675828737
1219992506458411010
1219992481015554050
1219992477630791680
1219992458961932289
1219992432420380673
1219992384739532800
1219992339483189253
1219992313230848000
1219992281358323713
1219992249704112131
1219992238375100416
1219992229059559425
1219992205533831172
1219992187271815169
1219992166845444097
1219992144649211904
1219992141461479424
1219992121677090816
1219992073622949890
1219992038478757890
1219992033944854535
1219991955234385920
1219991949660147713
1219991933470162944
1219991905183793152
1219991898053459968
1219991805241880583
1219991761549852672
1219991646764318720
1219991637633511425
1219991595455406082
1219991569417138179
1219991559195656192
1219991529139228678
1219991503025491968
1219991486483156994
1219991336536944640
1219991279058055168
1219991213442383872
1219991185801920512
1219991160925515776
1219991038925799424
1219990897095393280
1219990864048451584
1219990809333784576
1219990806477459459
1219990779923333121
1219990772495204352
1219990701867446272
1219990698251952128
1219990566852689925
1219990502738558977
1219990483943878656
1219990446019108864
1219990340809003008
1219990086747656194
1219990073006931975
1219989939133149185
1219989926529290240
1219989894975516672
1219989781116964864
1219989763635068934
1219989735700979712
1219989448391159814
1219989327733637120
1219989326030766081
1219989273069248522
1219989086263554049
1219989068223664129
1219988893035950080
1219988858038882306
1219988846554693632
1219988840154304512
1219988604962754562
1219988577939005445
1219988441850662912
1219988416781258752
1219988387752361985
1219988384409669632
1219988374854959109
1219988365644312578
1219988349387182081
1219988217623019520
1219988131513958400
1219988104506773505
1219987969857114112
1219987842320855040
1219987789099474945
1219987729879986176
1219987578201337856
1219987482495705088
1219987414917115906
1219987176605343744
1219987150629896193
1219986911831478272
1219986834479964160
1219986665185447939
1219986629407862785
1219986624219500544
1219986525074722826
1219986505231302658
1219986441591304197
1219986246665150464
1219986233176330240
1219986189475647495
1219986014992773125
1219985876303769601
1219985868074520576
1219985829143035904
1219985818053304323
1219985788735148032
1219985753683283969
1219985713736736768
1219985704421224448
1219985686951944200
1219985676877230080
1219985636142108672
1219985518147977217
1219985391052300288
1219985185128644608
1219985098948263936
1219985062143430658
1219984939678085121
1219984924897243146
1219984882551676928
1219984840486866945
1219984838670733314
1219984834820395008
1219984753304059905
1219984701579857922
1219984680461561856
1219984537758752769
1219984296166883328
1219984212440375296
1219984184292208642
1219984130038849540
1219984001466634240
1219983883820646400
1219983862769389568
1219983679507746821
1219983584938741760
1219983532920958977
1219983455796125696
1219983169107054592
1219983143312089088
1219983139453329409
1219983120092368896
1219983107203317760
1219983104615387138
1219983062496436224
1219983056464777217
1219983055139590144
1219983055001014273
1219997770037321728
1219997599798788096
1219997276422201345
1219997194905718786
1219997003167326208
1219996700464467974
1219996623968718850
1219996136855023617
1219996005204156417
1219995369108582400
1219994631473000448
1219994371778629634
1219994353684271104
1219994278988013569
1219993233763323916
1219993161772068864
1219992676050751489
1219992483108515840
1219990914694885377
1219989921039036417
1219989725160902658
1219989694311813121
1219989362970152961
1219988631638556678
1219988344718970881
1219987856116146177
1219985551542996992
1219985501127471104
1219984979213635586
1219983887260094464
1219983385826775041
1219983156079661057
1219983110156308480
1219996646898991109
1219996049432928261
1219993939442225153
1219991033787760641
1219990687124463618
1219990569562148865
1219989712871378948
1219989581166047233
1219986615210332160
1219984743737020416
1219983463782027264
1219998128809500673
1219998114918141957
1219998095049621505
1219998084509437952
1219998067044298759
1219998040158687232
1219998015928168448
1219997915332120576
1219997909950849024
1219997901989928960
1219997879152062465
1219997860965552128
1219997819756535808
1219997806032756736
1219997664449835009
1219997658196123655
1219997618039734272
1219997538771767296
1219997503849816064
1219997474351247365
1219997457309782016
1219997437416353797
1219997384098234368
1219997383037112320
1219997325449252870
1219997287595892736
1219997279765114885
1219997276766117888
1219997246554542081
1219997197216837632
1219997167726645249
1219997147162128385
1219997095894994944
1219997078878736384
1219997056485318656
1219997021592965120
1219997008406044673
1219996991783985152
1219996990941077504
1219996986943791104
1219996981541490688
1219996929574109185
1219996915669946368
1219996885286453250
1219996867582234624
1219996824129294336
1219996804789493761
1219996795066933249
1219996793561174017
1219996778596110337
1219996724011393025
1219996722824404992
1219996711260696578
1219996696308002816
1219996696098361346
1219996673767890944
1219996597234225159
1219996552921522176
1219996548982927361
1219996514094854145
1219996504078700544
1219996460617543680
1219996372490838017
1219996371954040832
1219996363548692481
1219996264189833216
1219996257650909184
1219996243612532736
1219996232115900416
1219996197470867456
1219996187152879616
1219996172829503488
1219996162230374400
1219996129019887616
1219996121772253192
1219996034820079616
1219996021146771457
1219996018323939333
1219995995859189761
1219995983091662848
1219995962283659264
1219995955199496192
1219995946219704325
1219995940007837697
1219995899172204547
1219995863789031426
1219995835187941378
1219995809896443904
1219995804645167106
1219995775394045956
1219995762878308353
1219995745903878144
1219995694171410433
1219995689767309312
1219995671459192841
1219995625238024193
1219995622020800512
1219995600449626112
1219995597178052610
1219995588277800960
1219995583605174272
1219995560616189952
1219995553024503808
1219995550893969408
1219995515523342337
1219995501438754817
1219995440151552003
1219995436238430209
1219995423684747265
1219995409679962113
1219995406903328769
1219995389622751232
1219995383402835969
1219995359285563394
1219995301743931396
1219995292310933508
1219995286430334976
1219995275714093056
1219995270076743680
1219995258102005761
1219995231770136577
1219995205321084928
1219995187398635524
1219995158453899271
1219995124794417152
1219995097896570881
1219995075922493440
1219995064497143813
1219995053696806913
1219995038236717057
1219995034138836995
1219995002270388226
1219994992451575809
1219994990560059393
1219994962378530817
1219994952224034817
1219994951452254214
1219994925200105475
1219994908670320642
1219994905688317952
1219994870758068225
1219994813170319366
1219994779196493826
1219994776050847744
1219994775077707777
1219994756551512066
1219994745939931136
1219994724557156352
1219994718630764544
1219994678302597120
1219994676226211842
1219994667133079552
1219994666499805184
1219994656529899522
1219994651433717760
1219994638204985347
1219994603480342529
1219994519552217088
1219994496936685576
1219994455517720576
1219994453261406208
1219994444801249281
1219994433694982145
1219994397183365122
1219994343529799680
1219994337561534464
1219994327604191233
1219994297996644352
1219994286898348035
1219994252286906369
1219994205923106816
1219994110989406213
1219994108229382144
1219994086331027456
1219994083520806913
1219994036678709248
1219994026285252609
1219993874099245063
1219993826384740353
1219993705391652864
1219993658524602368
1219993586969632769
1219993549518716928
1219993453834063872
1219993420749402114
1219993397420683265
1219993396946898945
1219993371973832706
1219993353154154499
1219993295687946242
1219993286896758785
1219993264021037056
1219993246396559365
1219993181447692297
1219993153152749568
1219993142549786629
1219993117991944200
1219993062505467906
1219993054469378049
1219993009581953024
1219992974592892929
1219992969077493760
1219992965273145344
1219992939964715008
1219992887888400389
1219992874651013120
1219992840492679168
1219992803414966273
1219992775573135361
1219992764395319297
1219992763799941121
1219992753955921920
1219992726604677120
1219992634640519168
1219992626323083264
1219992617359822848
1219992604609171461
1219992557473751044
1219992545062600704
1219992461294084097
1219992431283752962
1219992415605608448
1219992379224141824
1219992287289081857
1219992248160358403
1219992233811808262
1219992216807936000
1219992204162359299
1219992189192699904
1219992177142460416
1219992143843995649
1219992039850311691
1219992035416870912
1219992005318627329
1219991987895488512
1219991958917042181
1219991951753273350
1219991892957417472
1219991884153655305
1219991867774898182
1219991816109527040
1219991784471834626
1219991781271621632
1219991768214622208
1219991755430428672
1219991729203568640
1219991727408218112
1219991706952581120
1219991696697511936
1219991686845100033
1219991685058318336
1219991660936880128
1219991649566298112
1219991635141906432
1219991627420372993
1219991604750057475
1219991581572227072
1219991581404516357
1219991573468868609
1219991550890872833
1219991502962606080
1219991473321459713
1219991432485752832
1219991384729378821
1219991345265201152
1219991328769089538
1219991328387321858
1219991214360940544
1219991205561257984
1219991199458779136
1219991181037314049
1219991167342759936
1219991165769928704
1219991157830062080
1219991154646667264
1219991152318996486
1219991138947387395
1219991129640202240
1219991108786065409
1219991085457584133
1219990993396629504
1219990950610710530
1219990949540950016
1219990920189231105
1219990919056891910
1219990903068053507
1219990894436397063
1219990888861986818
1219990845807423490
1219990817693028353
1219990809442844672
1219990728702480387
1219990705302409217
1219990688936398849
1219990645063872513
1219990643579260928
1219990607281582081
1219990605171851264
1219990594459598850
1219990570849853441
1219990505007640577
1219990499831865344
1219990491254665217
1219990488024924161
1219990474196443136
1219990459155542017
1219990443355586560
1219990422216265734
1219990410484838401
1219990325738926081
1219990306491265026
1219990300623605761
1219990298480336897
1219990295296626688
1219990276015415296
1219990275759706118
1219990232713572353
1219990226346467330
1219990213587623938
1219990207199510529
1219990201272942593
1219990199578419200
1219990155215417345
1219990106351767552
1219990089696043016
1219990078048456704
1219990064438091776
1219990048143298560
1219989992941989888
1219989978924507137
1219989941368676352
1219989907705192448
1219989870715686912
1219989845667241984
1219989827975708672
1219989823680806913
1219989782178099204
1219989767431032833
1219989743879852032
1219989742143647745
1219989711994814470
1219989674212478977
1219989656198172672
1219989599637798912
1219989594638376960
1219989591396114432
1219989565609369601
1219989502438957057
1219989488148996097
1219989480200761344
1219989446856073216
1219989431081267201
1219989429462286337
1219989405374480384
1219989369211109378
1219989355936092161
1219989349707599872
1219989335438544896
1219989296414781440
1219989280707219460
1219989268162105349
1219989262604464129
1219989251217149953
1219989251149815808
1219989247358164994
1219989193167949824
1219989169247870976
1219989168845131776
1219989165053362176
1219989137064898560
1219989136200753154
1219989128651182081
1219989122636374017
1219989107591581696
1219989102788898816
1219989045872189442
1219989031523516416
1219989025672646656
1219988995771256832
1219988985881092096
1219988972237131776
1219988932126892032
1219988930101006336
1219988900812378112
1219988865131274240
1219988843832758277
1219988802065895425
1219988783354933248
1219988782352674821
1219988724366413824
1219988666585468930
1219988666216378370
1219988658591158272
1219988647568531456
1219988637690945536
1219988515666173952
1219988461651775488
1219988450025172993
1219988435798241281
1219988403309117440
1219988385953087489
1219988363547049990
1219988349487853568
1219988313416716288
1219988302163562496
1219988299848278016
1219988291883282433
1219988291732242435
1219988276796260353
1219988263345295360
1219988254407176194
1219988177756143616
1219988176099512320
1219988175826845696
1219988157359448065
1219988128624021506
1219988110731288577
1219988105123389441
1219988101788913664
1219988085179437057
1219988049251061762
1219988044524081153
1219988026333392896
1219988018091696128
1219988016946544640
1219988007471603715
1219987999137697794
1219987934327328768
1219987903385939969
1219987866660622338
1219987822343421953
1219987732727877633
1219987716546486274
1219987714432327681
1219987667569594368
1219987637374611456
1219987616566665216
1219987583872073728
1219987558509285376
1219987556948987911
1219987543539666944
1219987516972863494
1219987508936790016
1219987486186754048
1219987483271876609
1219987478439874560
1219987437650350081
1219987421690908672
1219987419770114049
1219987371006889985
1219987362869989376
1219987355773345792
1219987348278128642
1219987340849897472
1219987340409495553
1219987299766652931
1219987272533073920
1219987245714870273
1219987240446615552
1219987218225385472
1219987162961022981
1219987134217625600
1219987054391701515
1219987035731062784
1219987031389949952
1219987020182884352
1219986998531739648
1219986985500258304
1219986936842084352
1219986930521108481
1219986921776017408
1219986894915657728
1219986880927846402
1219986828322697216
1219986775688597504
1219986703831781377
1219986587007799296
1219986573216739328
1219986509887082496
1219986500110020609
1219986388537442304
1219986356308340736
1219986334032388098
1219986309701423105
1219986304324124673
1219986269721309185
1219986267116621829
1219986228436553728
1219986211395080194
1219986144693108737
1219986101793959941
1219986075512397825
1219986068868648960
1219986052041117698
1219986046827532288
1219986040133320704
1219985963277000704
1219985944830300163
1219985872130658306
1219985803520069633
1219985802626850817
1219985775804071936
1219985744758001664
1219985690626183173
1219985689711992837
1219985624436002821
1219985622657572865
1219985589556015107
1219985579066028034
1219985527245430786
1219985499663802369
1219985489844768769
1219985425332363265
1219985369615060992
1219985351256739841
1219985335695728642
1219985328934539265
1219985301944164352
1219985250857648129
1219985244209598465
1219985231920422912
1219985194842828800
1219985163188424705
1219985151632928768
1219985133018570753
1219985108821839872
1219985071676915713
1219985049459679232
1219985045265379331
1219985010599649281
1219984993750904834
1219984900490592257
1219984829686669312
1219984772488990720
1219984771868168192
1219984742495543296
1219984718692671488
1219984706676064256
1219984659808800768
1219984520666988544
1219984509191376897
1219984440027426818
1219984422620893185
1219984411275382784
1219984355436699651
1219984284804509697
1219984262839009280
1219984244178472961
1219984217246961665
1219984189333753856
1219984173005336576
1219984125211348992
1219984099072446465
1219984090469810181
1219984082089627660
1219984056890228737
1219984050728783873
1219984027660308480
1219983996324433921
1219983975063736320
1219983971024396288
1219983948064772096
1219983947188273154
1219983914250321921
1219983899180306437
1219983879173562369
1219983862404567041
1219983841819009024
1219983831509479426
1219983794213507073
1219983742271279104
1219983713250840577
1219983693344690176
1219983664181731329
1219983648407130118
1219983613900382208
1219983609873891329
1219983602223665153
1219983596913446912
1219983580539117568
1219983534447906822
1219983534254768128
1219983501392433155
1219983500494852096
1219983499345575937
1219983464604356609
1219983426079490048
1219983370735816705
1219983362145677313
1219983345741811714
1219983298039934977
1219983262715502594
1219983177801822208
1219983150681489409
1219983142980685834
1219983092212879360
1219983058482475008
