1220118882293252097
1220118879587860480
1220118797559963648
1220118783609769985
1220118773014777856
1220118760515747842
1220118726852218880
1220118686331215872
1220118673710555136
1220118585441304576
1220118583390494720
1220118506470924288
1220118471087812608
1220118445624307713
1220118416339755008
1220118409590951936
1220118404968976385
1220118395942649856
1220118366972784640
1220118323947589632
1220118321443561474
1220118315282182152
1220118294931197952
1220118283015290883
1220118235460161537
1220118226962649089
1220118210558791680
1220118203323387905
1220118195631116288
1220118149313572867
1220118132225867776
1220118079788797952
1220118018245701633
1220118000034099201
1220117993939722240
1220117992228315136
1220117978475307008
1220117964394860544
1220117964319547401
1220117958564823040
1220117940445548545
1220117940328071175
1220117843838107652
1220117824875769856
1220117803824533506
1220117760371515400
1220117755883663360
1220117726099902464
1220117724220751872
1220117723327406082
1220117715307913220
1220117707926003712
1220117673473904640
1220117661776064512
1220117650073968642
1220117624874590209
1220117537641230336
1220117523963817991
1220117520914567169
1220117491684233216
1220117477478277120
1220117474768752642
1220117420787949568
1220117390366781445
1220117346288832512
1220117343340118017
1220117311002202113
1220117273236713472
1220117236674899977
1220117209755897856
1220117204609298432
1220117186330517505
1220117174783635456
1220117161609433096
1220117142231756802
1220117123298541568
1220117115098632193
1220117101190569984
1220117097826488321
1220117082638962688
1220117075978608641
1220117056273690624
1220117054683959296
1220116982399479808
1220116954888851456
1220116940187783168
1220116936224149504
1220116909212831744
1220116864640200705
1220116852438945793
1220116788110774272
1220116783992012800
1220116766166339584
1220116727142539266
1220116717566713856
1220116626261057536
1220116625749397504
1220116619923533824
1220116590026547200
1220116571953225728
1220116566127382529
1220116538470125570
1220116526990315522
1220116523945201665
1220116401865682946
1220116347675242496
1220116330247966720
1220116324984115200
1220116310614577153
1220116275524927490
1220116254289276929
1220116237625307137
1220116223100252160
1220116205106688000
1220116202183385092
1220116189789114369
1220116185896931330
1220116136278163457
1220116113238839297
1220116107585040385
1220116095673171968
1220116081576071170
1220116073602867200
1220116043252846594
1220116016505720832
1220116006930022400
1220115984880668672
1220115974575181824
1220115957907107841
1220115957085020160
1220115916467462144
1220115898372984832
1220115883298902016
1220115859219329025
1220115840227561473
1220115822636687361
1220115811786018816
1220115761336922113
1220115719653920768
1220115659188621313
1220115650737254400
1220115627689619456
1220115602498560000
1220115573255917573
1220115567002124288
1220115553194561536
1220115542566109184
1220115529123483648
1220115522332786691
1220115519174598661
1220115518427975680
1220115488531001344
1220115402447114241
1220115392301096970
1220115373363802112
1220115326484058118
1220115283194437632
1220115267931365376
1220115257387102208
1220115237850009603
1220115216542945280
1220115209555259394
1220115197865742338
1220115180895399936
1220115141955670017
1220115003061231616
1220115001693761536
1220114969813028864
1220114843816079361
1220114802028056576
1220114781232824321
1220114764170481664
1220114751088398336
1220114723653541889
1220114673585967104
1220114658813566977
1220114657031049218
1220114642510532609
1220114627457093637
1220114615788605448
1220114604275261441
1220114586680119296
1220114578211844098
1220114566492958720
1220114543965282304
1220114498020872194
1220114453292666880
1220114340071628801
1220114319913947137
1220114271779995648
1220114268105953280
1220114250863206401
1220114197536825347
1220114165383208962
1220114148568326145
1220114144885493760
1220114113659047940
1220114096101699585
1220114060097789952
1220114031396212736
1220114019786379266
1220113967311392770
1220113953587634187
1220113927037693953
1220113916266778625
1220113891453284352
1220113869802262529
1220113867621224449
1220113862143422470
1220113826345037826
1220113744447053825
1220113737878777856
1220113679523336192
1220113586590232576
1220113563529834496
1220113539316076546
1220113514020397062
1220113496555343872
1220113489508864000
1220113476984508417
1220113474644213761
1220113421066260484
1220113412665020416
1220113383929843712
1220113273959436288
1220113266862698497
1220113242925797376
1220113241097064449
1220113173895774208
1220113098033573893
1220113061333237760
1220113022712188928
1220112983306584064
1220112979359744000
1220112976105086976
1220112943569829889
1220112930257211393
1220112915770085377
1220112862493974528
1220112838188052482
1220112820471123968
1220112796500856833
1220112766616395776
1220112742813786113
1220112670864613377
1220112437753434113
1220112398666944516
1220112388663533568
1220112388520890368
1220112373052145664
1220112364852383745
1220112341712482311
1220112333462294529
1220112317196775424
1220112300868341761
1220112274297425928
1220112223345020928
1220112108207120385
1220112090540728320
1220112081728311296
1220112081002823687
1220112035977080832
1220112034114756608
1220112004813185024
1220111973133668352
1220111972122996736
1220111861741305857
1220111833110994945
1220111831051702273
1220111757831737344
1220111732204539905
1220111724612812807
1220111684393529344
1220111655452934151
1220111641523695616
1220111447784595459
1220111438481633281
1220111434761297920
1220111432693571589
1220111397268459520
1220111378285047810
1220111305429913601
1220111294717726720
1220111271514734595
1220111204963799040
1220111178539487232
1220111168326569984
1220111147631808513
1220111104665366532
1220111101830094849
1220111097790943238
1220111072411181062
1220111042241613826
1220111031177007109
1220110980711178240
1220110956170301445
1220110933369880577
1220110925056761856
1220110921739014144
1220110919667077120
1220110912264265728
1220110909378461698
1220110893297455104
1220110878722482176
1220110862519762944
1220110816092909568
1220110728218021889
1220110718315290624
1220110717858111489
1220110711797489666
1220110704356753409
1220110693820579843
1220110665303646208
1220110657854550017
1220110653786071041
1220110639500316674
1220110614376472578
1220110613856374786
1220110580264075264
1220110551881342977
1220110542846644224
1220110541101969413
1220110508147142656
1220110498802339840
1220110490837250048
1220110480464732160
1220110454128771074
1220110407077068802
1220110335526367232
1220110302978756608
1220110297370853383
1220110258556682240
1220110258326200322
1220110224339734530
1220110172703674368
1220110140856127488
1220110103153643520
1220110079006871553
1220110068953354246
1220110006856691712
1220110003287273474
1220109987399290887
1220109889047072771
1220109883971964928
1220109871846166530
1220109852309147649
1220109819605995520
1220109814707015680
1220109743001305088
1220109733941694465
1220109631042641921
1220109620598988808
1220109610499002368
1220109537786482689
1220109503397429248
1220109497034735617
1220109495893970947
1220109478701490178
1220109455041253376
1220109390901985280
1220109388397940736
1220109379283968013
1220109329904414722
1220109232105840641
1220109202057842693
1220109193727959040
1220109188938059778
1220109148748222470
1220109133069869056
1220109094037618689
1220109052971233286
1220108973367549952
1220108941885169664
1220108937690828801
1220108878412689410
1220108862109495299
1220108848603770880
1220108847261437953
1220108813459763202
1220108756211638274
1220108755444076544
1220108740373962758
1220108702449119234
1220108690063228929
1220108687664209927
1220108645641465856
1220108619187990528
1220108583343403010
1220108557221154816
1220108553698074627
1220108521825501184
1220108512107335681
1220108486639603718
1220108396264857601
1220108390690697216
1220108369446547466
1220108340845600768
1220108321039847424
1220108307618074624
1220108301238591488
1220108244129067009
1220108236961042433
1220108228161363969
1220108218845757440
1220108200432762880
1220108196859133952
1220108185656274944
1220108161715245062
1220108159223844865
1220108135676948483
1220108120434843652
1220108070744924164
1220108044807344129
1220108037983297536
1220107996027670528
1220107988368752640
1220107960166297607
1220107938016178177
1220107933188407296
1220107864989192198
1220107786874445824
1220107785087700992
1220107785024802823
1220107768688005121
1220107730263969795
1220107728238120963
1220107699901194240
1220107691017850881
1220107687356239872
1220107673624072197
1220107653512355840
1220107650165346311
1220107647178936322
1220107633463635969
1220107561149653000
1220107554858196993
1220107489762365440
1220107443902001158
1220107349039280128
1220107348703875073
1220107317301141505
1220107279426637824
1220107198602326022
1220107189513347074
1220107118633717760
1220107070063697922
1220106997011484672
1220106985208721410
1220106959560425472
1220106913217564672
1220106866014838784
1220106864291016705
1220106849665503232
1220106840425390080
1220106815658065920
1220106811765854210
1220106787153764353
1220106770439458816
1220106629179461632
1220106600947388416
1220106546803331072
1220106544299347969
1220106532341403648
1220106525462683654
1220106509121740801
1220106372060274688
1220106369434603520
1220106295384002560
1220106281786269696
1220106278313193472
1220106259665473538
1220106253591932928
1220106201683226624
1220106192674086912
1220106176546967552
1220106169538240512
1220106161044803584
1220106117239517184
1220106109265956864
1220106103268298752
1220106101095575552
1220106095169036291
1220106052949237761
1220106000260390912
1220105988830912512
1220105958103359488
1220105869402279936
1220105850724978688
1220105802993659904
1220105763781214208
1220105708110135296
1220105631803367429
1220105591143579649
1220105541143236608
1220105535887945728
1220105476840419328
1220105431705477121
1220105431244328961
1220105415565799424
1220105388038721536
1220105373278818305
1220105358099861506
1220105346087366656
1220105230693621766
1220105172556251137
1220105138532241409
1220105105761951744
1220105104415580161
1220105088708108288
1220105018612834305
1220104986597654529
1220104971217039360
1220104970348965889
1220104932113747978
1220104930373054465
1220104902334144526
1220104895530983424
1220104859480969218
1220104825234493443
1220104822797455361
1220104783991885831
1220104762093268993
1220104760751116288
1220104744678477824
1220104744485761024
1220104744166920198
1220104741318950918
1220104697526308874
1220104686499520512
1220104648272568320
1220104643608567808
1220104528340516866
1220104505708072960
1220104501144801283
1220104461823160322
1220104459470213120
1220104405170651137
1220104379744653312
1220104340938977280
1220104337562562560
1220104306529132549
1220104288896241665
1220104282646642688
1220104246630199297
1220104226660999168
1220104207769972737
1220104205521866757
1220104191575642112
1220104187054194688
1220104148227706888
1220104145992065030
1220104134516449280
1220104112194379776
1220104106657767425
1220104097770213376
1220104096352477184
1220104075095748608
1220104046712934401
1220104017600221185
1220103996737818624
1220103984322510848
1220103954962493440
1220103926583832576
1220103910334943232
1220103901107695618
1220103884233936896
1220103875832795136
1220103873848913922
1220103864914890752
1220103852097073153
1220103849559711745
1220118899531886592
1220118847765782531
1220118835946295298
1220118715217387520
1220118549835976705
1220118528612802560
1220118515664842753
1220118375013089287
1220118314690785280
1220118267416784899
1220118238228598784
1220118228447498240
1220118218200666118
1220118205550776320
1220118161049243648
1220118131085135872
1220118113800208384
1220118105331888128
1220118104585527296
1220117970225188864
1220117840000319489
1220117816982036480
1220117810413621248
1220117777236672512
1220117743359254528
1220117739693436928
1220117717291634688
1220117668193132544
1220117657543901185
1220117654356164608
1220117645112041478
1220117563071324161
1220117496512024578
1220117408154836992
1220117402463043584
1220117399871152131
1220117359832133632
1220117331176775681
1220117239749279744
1220117211454545920
1220117201149186055
1220117120794521600
1220117090599751681
1220117073969348608
1220117026280071168
1220116956390535171
1220116945749659653
1220116931392364544
1220116864556130305
1220116851696390145
1220116844650094593
1220116544119885826
1220116522846179328
1220116486175391744
1220116462356004865
1220116457612140544
1220116441266917376
1220116437248823296
1220116433864216577
1220116313840013312
1220116114610343936
1220116081207054336
1220116043600973830
1220116001322233857
1220115964135522304
1220115962684416000
1220115941222207490
1220115879771373568
1220115876537688064
1220115872007643138
1220115682441994241
1220115644747845633
1220115640821874690
1220115575139176453
1220115439767842816
1220115350055870464
1220115316388368385
1220115305277452288
1220115302588903426
1220115229037617152
1220115178525790208
1220115173085564930
1220115115137093632
1220114940893089792
1220114900216774656
1220114865441783808
1220114806562344960
1220114790200168448
1220114723078844418
1220114667189592064
1220114663851089920
1220114622918819840
1220114608163344388
1220114597199245312
1220114572037718018
1220114547832508420
1220114435483762691
1220114394819911681
1220114347604660225
1220114346195521551
1220114302323101696
1220114114980110336
1220114061251108867
1220114043509166082
1220113926815395840
1220113913380888576
1220113882334859266
1220113851078844416
1220113850189508609
1220113848524390400
1220113818124091392
1220113817050333185
1220113792022876160
1220113766714609664
1220113760402018305
1220113635881541632
1220113635214708736
1220113627639775232
1220113596081770496
1220113565245300736
1220113505182859264
1220113460362665991
1220113458219376643
1220113455996448770
1220113424891416581
1220113389839638528
1220113373968334854
1220113343320453120
1220113293596954624
1220113288769335296
1220113246201372673
1220113198411436032
1220113192413732864
1220113114978349056
1220113105725939715
1220113044421763072
1220112979422777344
1220112859280994304
1220112783011995650
1220112718046343168
1220112688728231938
1220112686429564929
1220112652678004736
1220112646030221313
1220112627734663169
1220112611263623169
1220112549942718464
1220112534650413056
1220112501246873600
1220112455751229441
1220112426768662529
1220112409853136899
1220112367561756672
1220112361903808512
1220112341393498114
1220112338495258626
1220112311806910464
1220112298242641920
1220112252126150656
1220112237777641473
1220112214910214144
1220112183645917185
1220112132466970628
1220112107309555712
1220112073419632641
1220112036165586944
1220112033426833408
1220112026959257603
1220111997590573057
1220111979961933824
1220111917496160256
1220111874475331585
1220111853143150592
1220111821878657024
1220111820796485632
1220111812777205760
1220111759962361856
1220111751435284480
1220111725086892033
1220111721034993664
1220111688495591424
1220111664701415427
1220111653942882304
1220111639757967366
1220111537387368448
1220111474590269441
1220111467338502145
1220111394965729280
1220111391929126918
1220111389097897990
1220111330285441030
1220111281220227073
1220111264640372736
1220111210827468801
1220111179223388162
1220111119131410432
1220111061078007808
1220111042161926150
1220110991754743815
1220110990185922560
1220110957864800256
1220110917125492738
1220110897462566912
1220110886221815811
1220110871151751173
1220110838670950400
1220110829175046145
1220110808304308226
1220110792948760581
1220110781301346309
1220110757796315137
1220110706915315712
1220110667992031232
1220110614644842496
1220110564304859141
1220110550903947266
1220110438446379008
1220110393802018816
1220110358242844674
1220110353343926273
1220110265582346240
1220110265338888192
1220110186733588480
1220110169117360129
1220110119490506752
1220110119117045761
1220110072233308165
1220110070156935169
1220110066008907777
1220110018248355846
1220110013513060352
1220109988552740864
1220109942025154561
1220109939219357703
1220109788400508932
1220109786009800710
1220109755403780096
1220109600977874945
1220109530584973312
1220109526826995714
1220109449525891074
1220109443452542976
1220109387831726080
1220109359314800648
1220109338687299586
1220109315522076679
1220109244642492416
1220109212237418497
1220109183099514881
1220109154909552641
1220109068649533440
1220109054283927555
1220109023829057536
1220109005718261760
1220108987120726017
1220108968699187201
1220108842576547840
1220108821282152451
1220108743293059072
1220108702457434113
1220108680206651394
1220108559691608064
1220108528473518081
1220108471472918529
1220108407413387269
1220108390233526273
1220108355190034438
1220108317206310912
1220108242673532928
1220108218770305026
1220108105612189702
1220108094937747463
1220108071214702592
1220107999689216002
1220107920156827649
1220107867606454274
1220107854239035392
1220107746013597696
1220107666988494850
1220107629730631680
1220107616493371392
1220107565612187649
1220107533999910912
1220107516153159685
1220107511346487297
1220107499002572800
1220107426097246211
1220107415196139525
1220107389560426496
1220107334778871812
1220107330731118592
1220107222719614976
1220107179794952194
1220107099306364932
1220107084206874626
1220107079245008897
1220107074597605376
1220107052120530946
1220107044012875776
1220107031203532800
1220106980846526464
1220106980297248768
1220106970826526720
1220106936189775872
1220106884952150016
1220106834037628929
1220106826156474369
1220106808229916672
1220106796477468672
1220106766735724544
1220106714051174401
1220106646799683590
1220106642743812096
1220106637572222979
1220106601681641472
1220106555443613697
1220106506328322049
1220106485645991936
1220106426837762048
1220106424610709507
1220106422748360711
1220106420156338176
1220106391047684104
1220106301667188738
1220106209992331264
1220106193676488706
1220106123467845632
1220106103624695808
1220106025375805445
1220106019889733632
1220106016337035265
1220106002365698048
1220105993218072577
1220105972066045954
1220105942408159232
1220105941632159744
1220105884677877760
1220105860971515904
1220105847390588928
1220105794311589888
1220105684643205122
1220105624509247490
1220105616880033792
1220105611389685760
1220105598475259904
1220105545509507072
1220105513527996417
1220105434922717184
1220105287144759298
1220105226541260800
1220105202201591808
1220105163702263809
1220105090813526016
1220104997934731264
1220104937151123457
1220104888329408514
1220104866841817088
1220104808251609088
1220104784327389184
1220104782414827522
1220104724915146759
1220104640856907776
1220104592018591745
1220104560309493760
1220104548104069120
1220104494672961538
1220104492680728576
1220104463630860289
1220104449693081600
1220104324925313025
1220104305811709952
1220104287423909889
1220104275415764993
1220104271695245312
1220104156926619648
1220104047643938816
1220103899220074496
1220103873777422337
1220103868765364225
1220103867444224001
1220118896717549569
1220118884507930624
1220118861007089664
1220118846515838976
1220118828492808192
1220118823635968000
1220118814571937794
1220118805969539072
1220118788672192513
1220118786168229889
1220118762801725446
1220118714894385153
1220118699350167553
1220118677737168896
1220118568756486144
1220118563987644416
1220118561135321089
1220118538020708357
1220118504831180802
1220118490746511360
1220118449625739265
1220118443829157889
1220118436103249920
1220118369250217984
1220118337608392707
1220118323205197827
1220118243924299776
1220118219954016258
1220118214199455750
1220118112499974144
1220118090144305154
1220118069990895617
1220118034708336640
1220118030195228673
1220117989850341377
1220117877887512576
1220117868035133441
1220117833570373632
1220117832723124224
1220117801341317121
1220117774548160512
1220117744160559109
1220117738133360640
1220117733347446784
1220117710467629056
1220117710115344385
1220117708085321730
1220117661327286272
1220117642490462208
1220117614787268609
1220117590892113920
1220117554456354823
1220117543026741248
1220117523535929344
1220117511708061700
1220117491835441152
1220117463402041344
1220117383232266240
1220117380556156928
1220117309592748032
1220117299807449089
1220117286385745927
1220117278160773123
1220117252831358978
1220117245294252037
1220117223076839424
1220117201199476736
1220117156676784128
1220117154860806145
1220117136372162560
1220117097352589312
1220117080193798149
1220117071037530112
1220117060933451776
1220117030420013056
1220117027076968448
1220117017425936384
1220117013537771520
1220116933355458561
1220116912652222464
1220116880721108994
1220116875780263938
1220116793878024195
1220116786777088005
1220116781336944640
1220116779101327362
1220116740581085191
1220116709891174401
1220116701997604870
1220116680245948418
1220116667478331392
1220116596422795264
1220116590022316032
1220116552432877571
1220116527703302146
1220116510854864901
1220116501501485057
1220116497332428803
1220116490353020928
1220116479070392321
1220116457520029699
1220116451329282049
1220116382609702918
1220116366101032960
1220116349684518912
1220116337340502017
1220116323897724929
1220116251852206080
1220116150056448001
1220116135175127040
1220116015834525696
1220115956518637569
1220115903125184513
1220115858573295617
1220115837014683648
1220115800893222912
1220115783075975170
1220115776604078087
1220115753808076802
1220115665643876357
1220115635247579138
1220115573499101185
1220115538078261248
1220115532654858240
1220115437389864960
1220115350353776642
1220115331294859264
1220115319273844738
1220115311355187200
1220115296482017281
1220115294083076096
1220115279335657473
1220115256850014208
1220115239095672838
1220115230665183252
1220115192077524993
1220115185207259136
1220115153854836736
1220115138130268160
1220115126621110272
1220115115808190464
1220115114650742786
1220115107134476293
1220115102680174594
1220115079875702784
1220115072762073088
1220115045515792385
1220115000594968581
1220114959683723266
1220114935637823490
1220114883792064514
1220114804544888834
1220114797661999104
1220114745564336128
1220114696751153157
1220114685309046784
1220114678644342785
1220114510398124033
1220114505688141825
1220114505184763904
1220114429569724416
1220114418647883777
1220114331867631616
1220114261252247552
1220114150497693702
1220114085804761088
1220114045715603462
1220114003982028800
1220114002665041921
1220113998688944133
1220113974739386368
1220113921366872064
1220113916501491713
1220113864550948866
1220113860562169857
1220113809857306624
1220113761203343363
1220113754769121280
1220113738944131079
1220113720539521026
1220113717620142080
1220113669939331072
1220113632408809473
1220113610283847682
1220113549495697408
1220113508232118273
1220113452766679042
1220113449952432128
1220113441597378567
1220113435985416193
1220113380175822854
1220113356251488257
1220113342250881025
1220113341894537216
1220113244263780352
1220113233777790981
1220113229680082944
1220113221933240320
1220113202199113728
1220113173212213248
1220113127720783873
1220113102546636801
1220113090781597703
1220113063308746752
1220112963400617990
1220112911600844802
1220112904487231488
1220112885638037504
1220112878000312320
1220112852599627776
1220112843300917255
1220112811604566017
1220112792897777664
1220112777337024513
1220112771884318720
1220112711037673474
1220112666452058112
1220112662438273027
1220112655844892673
1220112643102576643
1220112609359421441
1220112567055474688
1220112550316204037
1220112536361525248
1220112518363910145
1220112469756194816
1220112357122138112
1220112353850585088
1220112267120979968
1220112239451045895
1220112199861047298
1220112198976135168
1220112167120166912
1220112160602324993
1220112156399689728
1220112104486662144
1220112101542264832
1220111912945451016
1220111899062362113
1220111896960856064
1220111668992204800
1220111666748067840
1220111572833427456
1220111555456589824
1220111550884630528
1220111503279435780
1220111501945499648
1220111445792305153
1220111437088952321
1220111422975287299
1220111378976915456
1220111370454126592
1220111339911139329
1220111336950108160
1220111268805111809
1220111264074080257
1220111255584690177
1220111217626402821
1220111204468830208
1220111185179181058
1220111166757732352
1220111147946467331
1220111099992739841
1220111068086898688
1220111027347578880
1220110999363162113
1220110973861859329
1220110961874325504
1220110845117550592
1220110837005705216
1220110825077141504
1220110792420483079
1220110763085434882
1220110716285280257
1220110701605216256
1220110666947801091
1220110660408922119
1220110614774706176
1220110595573407750
1220110570382225413
1220110522567348224
1220110520381997058
1220110507379548160
1220110491407855621
1220110473296637953
1220110460340654081
1220110441155911681
1220110406523506690
1220110397262516225
1220110343122358277
1220110309165338626
1220110288738930689
1220110285488513024
1220110279700307976
1220110277095645186
1220110204408418305
1220110135592411138
1220110119922331649
1220110015719190528
1220109977983115265
1220109946882351104
1220109944420089856
1220109916179968001
1220109911612248064
1220109851612680192
1220109833141047296
1220109805131423744
1220109792254943232
1220109776807481345
1220109764883025922
1220109759698874370
1220109751239041026
1220109740417716224
1220109710323585026
1220109662600646656
1220109649380290560
1220109641859858433
1220109630803795968
1220109592329367553
1220109591041794051
1220109582208569344
1220109565179629568
1220109507361214464
1220109447655120897
1220109431607844865
1220109428508254210
1220109425446281216
1220109396807520256
1220109380101844993
1220109333263978499
1220109305145253889
1220109260958457856
1220109206864519168
1220109197460692992
1220109196877803520
1220109191899164672
1220109178913554434
1220109174492815361
1220109168842956803
1220109151172546561
1220109113516077056
1220109098802393091
1220109061317787649
1220109014111080449
1220108955252330496
1220108945450127361
1220108902731218956
1220108876567187461
1220108874541223936
1220108856233164800
1220108827393241089
1220108793415184387
1220108775794737152
1220108758103269376
1220108754391203840
1220108730861268992
1220108726725529600
1220108694567845888
1220108682060607490
1220108621595512839
1220108617464061958
1220108615161245696
1220108587541782528
1220108573537001473
1220108519212380161
1220108512698589184
1220108493056696320
1220108467500961794
1220108452204294144
1220108443320758275
1220108434915385346
1220108369954033665
1220108350194622469
1220108336248393728
1220108334654619648
1220108282657943554
1220108280799924225
1220108234482012161
1220108206439092224
1220108166752587778
1220108118111158273
1220108117926563840
1220108075232681984
1220108055003783169
1220108054185857025
1220107994236641285
1220107981909413888
1220107925844385792
1220107910232952833
1220107839428947969
1220107830386020352
1220107808009404416
1220107799742513152
1220107767895097345
1220107757749264384
1220107755849207820
1220107747762606081
1220107746491555845
1220107611523231745
1220107594838237184
1220107585732390912
1220107549539733504
1220107389665513473
1220107370237513735
1220107365586034707
1220107352231288832
1220107332836896770
1220107272694661122
1220107267099459585
1220107248946622465
1220107216918929408
1220107186929426433
1220107180273172481
1220107177785876480
1220107049658351618
1220106997749768192
1220106966837661696
1220106921522450435
1220106916115836928
1220106849208492034
1220106832104034304
1220106821907730432
1220106789636587520
1220106775476617217
1220106741368659968
1220106719461699585
1220106716064305152
1220106712163717121
1220106671046836224
1220106657042030593
1220106634019475457
1220106590658842624
1220106575349780480
1220106428842680320
1220106356495212545
1220106328024088576
1220106327692861441
1220106317353963522
1220106306322825217
1220106274462810113
1220106270864224262
1220106234902319116
1220106220603875328
1220106215008718848
1220106182943072256
1220106153645899776
1220106095605227524
1220106084507013120
1220106068782657536
1220105985521414144
1220105978219200513
1220105964642111488
1220105944694247424
1220105933369630722
1220105903808155650
1220105881922129921
1220105829216587781
1220105761214386176
1220105746987155456
1220105725558624259
1220105717379526656
1220105716016414721
1220105713118105601
1220105710341505024
1220105611762962432
1220105601482706944
1220105571862446081
1220105567471046657
1220105562324709377
1220105560277704704
1220105546633818112
1220105525377093633
1220105513339211776
1220105511003181057
1220105505718161408
1220105503415640066
1220105414391607296
1220105382783094784
1220105334808809474
1220105324557848576
1220105312818036736
1220105285533982721
1220105280907882496
1220105278969933824
1220105218819526656
1220105215589875712
1220105209592066048
1220105158622838787
1220105153421836290
1220105126347599872
1220105109880918017
1220105100892495873
1220105062761947137
1220105027362029569
1220105014892322816
1220104996781318144
1220104960156807169
1220104904494256131
1220104898852872193
1220104861246803969
1220104814748524544
1220104812215271431
1220104644128436224
1220104572276019200
1220104565107974146
1220104425395507200
1220104366213992461
1220104346509049856
1220104311247532032
1220104304612323329
1220104290972336128
1220104283288408065
1220104271321948160
1220104262333730816
1220104238770114566
1220104237490683905
1220104143269842944
1220104140363370496
1220104124773142530
1220104116959051776
1220104104485277697
1220104095479939074
1220104058930900993
1220104011535257600
1220103990639091712
1220103989657849862
1220103985094438913
1220103933361823744
1220103920069963776
1220118828232757248
1220118061132304384
1220117989422399494
1220114624063905794
1220113134792454150
1220112252591800321
1220112164075081729
1220110854382899202
1220109224249712640
1220108847961952256
1220108583465037826
1220107973009166337
1220107838984544256
1220107129031282688
1220106840463290369
1220106386186498049
1220106136092733441
1220105888951762944
1220104051288764416
1220104034763378688
1220118872923295749
1220118862500261888
1220118854556364801
1220118832955527169
1220118830590021632
1220118825745686529
1220118818405507072
1220118779020988416
1220118772972834817
1220118752274063362
1220118734641254410
1220118650591408128
1220118609898373120
1220118589388144640
1220118561437302784
1220118559088676864
1220118556773236736
1220118531586449408
1220118529095147520
1220118520203071489
1220118509599981569
1220118476380991488
1220118472732106752
1220118465387712512
1220118457192042497
1220118431753740289
1220118404964597761
1220118399050797058
1220118241273495552
1220118181530013696
1220118176685608961
1220118151561535488
1220118099841765388
1220118018371608578
1220118008498216962
1220117944690204672
1220117886506864640
1220117875492474881
1220117846262415360
1220117779086499840
1220117761050976260
1220117760555900928
1220117721070931968
1220117688975908864
1220117677785722884
1220117590325878784
1220117486827270144
1220117480602910720
1220117467151814656
1220117436088885249
1220117396054315009
1220117376571596800
1220117330002210816
1220117325866647552
1220117301317513222
1220117273790140416
1220117212511588352
1220117212142288899
1220117184417939456
1220117140772204544
1220117124439531520
1220117077228498945
1220117071150759936
1220116979312402432
1220116963248066561
1220116958366048256
1220116927474847744
1220116903290535937
1220116890959433730
1220116882675523584
1220116841810427905
1220116839650381825
1220116832285147136
1220116820734152704
1220116794482012161
1220116789008441344
1220116742481027072
1220116698898083842
1220116689645256704
1220116686197514240
1220116677729210368
1220116613480865792
1220116611002056706
1220116604329046017
1220116587174416386
1220116550692286464
1220116517024620544
1220116509164359680
1220116446287626246
1220116439551500288
1220116429166518273
1220116382953758723
1220116382638989313
1220116341765492736
1220116337839804417
1220116333389545477
1220116325495984130
1220116321406504960
1220116305820430336
1220116219522691074
1220116187075485696
1220116163104952320
1220116142766735366
1220116094339485703
1220116079579713536
1220116066048843776
1220116024164569089
1220116014022582273
1220115989288968192
1220115953536598016
1220115937182961664
1220115908213071873
1220115899585155073
1220115859894489088
1220115854685163520
1220115787584888835
1220115771105447936
1220115742470942721
1220115727308464130
1220115683616395264
1220115677983465472
1220115623574818816
1220115585327140867
1220115582399369216
1220115561507627008
1220115544491188224
1220115509020123138
1220115505622634496
1220115503257149440
1220115497733128192
1220115463084093440
1220115369651773440
1220115359015096320
1220115307643097088
1220115252727013376
1220115245257183233
1220115223677480965
1220115220917415936
1220115194677878784
1220115175115591682
1220115168065093632
1220115164734918658
1220115143096328197
1220115142995857409
1220115124540694528
1220115122493980673
1220115105867649025
1220115087005847552
1220115084434911232
1220114974711992321
1220114916406972416
1220114906919440384
1220114868331786240
1220114861088235535
1220114857732632576
1220114822181736449
1220114786769362955
1220114782168190976
1220114761813319686
1220114708637736960
1220114705320173568
1220114598352703488
1220114570292928513
1220114568166412289
1220114524998656001
1220114510041829377
1220114500092776449
1220114487107358721
1220114471676452865
1220114433822744577
1220114404601143297
1220114376516083720
1220114343645323264
1220114333004267521
1220114314700263424
1220114289832464387
1220114227601391616
1220114191178059776
1220114080679235584
1220114079466942464
1220114057044398082
1220114053751803905
1220114048689139713
1220113999670530048
1220113998214860800
1220113982981312512
1220113927885000704
1220113822624755712
1220113820388974592
1220113816144486400
1220113761979289606
1220113725052473344
1220113633742655488
1220113574577623041
1220113552641388544
1220113539945418758
1220113529048633349
1220113524090949639
1220113515798646784
1220113443266727937
1220113425197486080
1220113415890276353
1220113415001313280
1220113412031680516
1220113379781558272
1220113378909097984
1220113371116138496
1220113278061420544
1220113248386678785
1220113244192411655
1220113231689273344
1220113230476873728
1220113187149897729
1220113176689348608
1220113155885416448
1220113147832328192
1220113099010777088
1220113094128668674
1220113070384541696
1220113019335823361
1220113009999339521
1220112957146746880
1220112949748084736
1220112949651656707
1220112912187920384
1220112896195276801
1220112887269576705
1220112830663249920
1220112812745396224
1220112804495032323
1220112775034363905
1220112715856760832
1220112713176584193
1220112687696240641
1220112528908308480
1220112512860946435
1220112494208987136
1220112366215413761
1220112333776642048
1220112317276291072
1220112296833241088
1220112280748036097
1220112178189078530
1220112166189060096
1220112113257058304
1220112100569337856
1220112085985591296
1220112031497490437
1220112017526157312
1220111996504485888
1220111983577403393
1220111974677110784
1220111969212096517
1220111945589764096
1220111934533431296
1220111919501189120
1220111903986475015
1220111899955691521
1220111881484013568
1220111862471307265
1220111795135758336
1220111736931602432
1220111697026994178
1220111691725332480
1220111685958209537
1220111581989740550
1220111580165234688
1220111561399898113
1220111514146758657
1220111493464637440
1220111458354237440
1220111402855288833
1220111334223810562
1220111302535843849
1220111277223305218
1220111050244157440
1220111006753599494
1220110973018701824
1220110965301227523
1220110913149308928
1220110895474339840
1220110888549535745
1220110874419113984
1220110828654882816
1220110820992081920
1220110819729408000
1220110813958033408
1220110777094430726
1220110752746336262
1220110729908387840
1220110660517928960
1220110645926014984
1220110599754960897
1220110580574556166
1220110575218413577
1220110574425706496
1220110523330510849
1220110495799181312
1220110417772441600
1220110415641956353
1220110383685558272
1220110342568714241
1220110321798537217
1220110254857306112
1220110233122504704
1220110223651889152
1220110209210732544
1220110153036464130
1220110073369890823
1220110062666113031
1220110058735968261
1220110027396124673
1220109976812707840
1220109929605935109
1220109925977772033
1220109907384553472
1220109905572573186
1220109869048446976
1220109851168137216
1220109823154495490
1220109764270706689
1220109662307192837
1220109590047518720
1220109540579893249
1220109537824444416
1220109520040415232
1220109506555723776
1220109469989982209
1220109455070642177
1220109433994383360
1220109432673198085
1220109373269131264
1220109321918275584
1220109274702995456
1220109262992572421
1220109163419836417
1220109099574026241
1220109099007991810
1220109085468545025
1220109010919137282
1220108938055536640
1220108919969763328
1220108913325924352
1220108899375693824
1220108897131859969
1220108870472757248
1220108852915363840
1220108839174930434
1220108797596688385
1220108775010467845
1220108767162970114
1220108764956762112
1220108752533114880
1220108727598166017
1220108691820679168
1220108670597521409
1220108662930194432
1220108635445088257
1220108605040447488
1220108536430178306
1220108529832382466
1220108529073369088
1220108524618952704
1220108505459245113
1220108482852069376
1220108443375280134
1220108427478913025
1220108382423715840
1220108349724819457
1220108319806885888
1220108315318865920
1220108163317452802
1220108154572361731
1220108115753996288
1220108104341213184
1220108100591591424
1220108079011966983
1220108061257404418
1220108046254460933
1220108031876190208
1220108013828108288
1220107926943092736
1220107915912187909
1220107899130630144
1220107897700413440
1220107896156901376
1220107857225383936
1220107726308593665
1220107724626612224
1220107677033852928
1220107673879883776
1220107658713124864
1220107658558087169
1220107657282875392
1220107621321060352
1220107610264764417
1220107594821296128
1220107592074235905
1220107584960651264
1220107548579237888
1220107534956056576
1220107514047553537
1220107498436415490
1220107497169727489
1220107491364618241
1220107466001866755
1220107403552870401
1220107310011314176
1220107309390745606
1220107298363904001
1220107289547476993
1220107255317614592
1220107209343938560
1220107202897170432
1220107199801896960
1220107191581102081
1220107185885188098
1220107163596705793
1220107117882957824
1220107013843234816
1220106916107472896
1220106850873430016
1220106804073418753
1220106771630522368
1220106747379167233
1220106611550650368
1220106582110982146
1220106578595999744
1220106540662906880
1220106527425662978
1220106506424680449
1220106498312953857
1220106401357291520
1220106386325065733
1220106380188635136
1220106375797387267
1220106366427156481
1220106361368989699
1220106326698840066
1220106284441227264
1220106270734086145
1220106251914248192
1220106249502486529
1220106239314550785
1220106207786151936
1220106168422539265
1220106161350938625
1220106102219501568
1220106094057385984
1220106080753197058
1220106078136033282
1220106049446989824
1220105906639294464
1220105877853810689
1220105832639213570
1220105821213741056
1220105801358069760
1220105795393802240
1220105788485582849
1220105700283682816
1220105615214698496
1220105586395811840
1220105569752584192
1220105552057044992
1220105545241128960
1220105514102722560
1220105503226748928
1220105493257035776
1220105477423419393
1220105435883167746
1220105314562912256
1220105256220184576
1220105244199268353
1220105235810672640
1220105216411885568
1220105213580693504
1220105187500544000
1220105180080852992
1220105133629104132
1220105129569005568
1220105127131930624
1220105078419460096
1220105064465010688
1220105052653850626
1220105045435277312
1220104948131794944
1220104937075429376
1220104899641278464
1220104839759265794
1220104832595435520
1220104779281719297
1220104773766209538
1220104753478356992
1220104731869302791
1220104730376011777
1220104710499135488
1220104681931841545
1220104671202828288
1220104665179684866
1220104656212254720
1220104618568507392
1220104576839237633
1220104545931603971
1220104474389250056
1220104449068236801
1220104440784416768
1220104401169211392
1220104380466089984
1220104377349832704
1220104354482384896
1220104271082946570
1220104248089772032
1220104233254440960
1220104232176582656
1220104188811608064
1220104170683949056
1220104162349920256
1220104117126946819
1220104095857610764
1220104052953927681
1220104033165303815
1220104021811322880
1220103995353632768
1220103992002449409
1220103988877463552
1220103972318597124
1220103856551579652
1220116582359339013
