1220027061965938689
1220028339420680194
1220028302628290566
1220028271200473089
1220028259737460738
1220028206335418368
1220028150840729601
1220028143467220992
1220028135716065281
1220028131018301441
1220028115251937280
1220028090044289024
1220028079533199360
1220028061782966272
1220028051649548288
1220028027633119232
1220028025431085056
1220028024726478848
1220027973509709828
1220027912281296899
1220027889585922048
1220027888336080897
1220027885458788352
1220027835051626503
1220027824603402241
1220027817385242625
1220027805888438272
1220027793339113472
1220027787488243714
1220027786812891139
1220027780299218945
1220027717611139072
1220027659251482625
1220027641861935107
1220027634035367936
1220027589697441793
1220027586115448837
1220027583150133249
1220027574560096256
1220027573826211841
1220027552904904704
1220027544747106304
1220027533774721024
1220027474660249601
1220027471405424640
1220027467425099780
1220027467152445442
1220027448160550912
1220027431500877825
1220027430016028674
1220027404791492612
1220027367139115008
1220027324344741888
1220027305025851392
1220027301577969665
1220027285278883840
1220027260146802688
1220027228999888902
1220027227451998208
1220027201086722048
1220027198146400256
1220027184238039042
1220027145679855616
1220027141170925568
1220027140529213443
1220027125782151169
1220027107725717510
1220027081721032704
1220027076473999365
1220027073407877120
1220027058203570178
1220027057846931457
1220027035223035906
1220027013253279745
1220027009973280768
1220027001886605312
1220026998812180484
1220026987894525952
1220026981665910784
1220026970085511168
1220026968751497216
1220026959863930881
1220026945448173568
1220026936552034305
1220026893262630915
1220026882902646785
1220026842431643649
1220026839659245568
1220026825382027264
1220026795476553729
1220026793085657088
1220026747195924480
1220026723510751232
1220026715646259200
1220026630594351106
1220026618120429568
1220026610985787392
1220026608100220931
1220026569814614018
1220026565276459010
1220026553389719552
1220026541452578816
1220026521596940294
1220026487534837760
1220026480387862529
1220026472531927040
1220026463602143234
1220026351773569025
1220026334451122176
1220026333989949440
1220026332194598913
1220026326876409859
1220026320999960579
1220026302318641152
1220026268453916672
1220026263080927234
1220026234735906817
1220026228658376704
1220026216117415937
1220026210014695427
1220026176527163392
1220026168797278214
1220026151386537984
1220026130813505537
1220026093329178626
1220026052782673925
1220026048202641408
1220026035997069312
1220026035292528647
1220026001264119809
1220025958750617600
1220025954120028160
1220025949967618049
1220025932964122637
1220025924588011521
1220025887086669824
1220025886562349057
1220025862734729216
1220025849799270401
1220025844078469121
1220025837732466689
1220025766638833664
1220025682463346689
1220025667665977345
1220025655787692039
1220025643020230656
1220025618810789894
1220025586006949888
1220025577354252290
1220025575328215041
1220025559452987394
1220025558291095552
1220025548879077382
1220025511247826945
1220025486148952068
1220025485012480001
1220025482223087616
1220025424828420098
1220025396449529856
1220025386056052736
1220025379164950528
1220025373498281984
1220025289930985473
1220025286286348291
1220025284855988227
1220025279164420106
1220025257483886592
1220025255583981569
1220025254157922304
1220025252593504257
1220025243206672384
1220025195051868161
1220025183970287616
1220025081642004480
1220025067360440324
1220025036955742208
1220025032660811778
1220024975806959617
1220024974423085056
1220024973856792576
1220024973097623552
1220024940591710210
1220024908845109255
1220024893929951232
1220024837319675904
1220024826347151360
1220024807225462786
1220024802737623040
1220024768788779008
1220024758185521152
1220024757871173632
1220024749461360640
1220024725251846144
1220024720780718082
1220024717412839426
1220024698429497345
1220024670264725508
1220024638744530948
1220024637607813120
1220024623644979202
1220024618297114624
1220024597472477184
1220024597422247940
1220024586412220416
1220024579244089346
1220024578396782592
1220024577285332992
1220024575150317568
1220024565880872960
1220024557496438785
1220024550261501952
1220024545261674497
1220024539930939392
1220024538303471616
1220024503255945216
1220024449266782208
1220024426105884674
1220024387929174016
1220024373089898498
1220024358527283201
1220024351950397441
1220024344899805184
1220024333139173376
1220024322586238981
1220024315220905986
1220024300549431296
1220024288520130562
1220024233243209728
1220024207234473989
1220024174028214272
1220024173075914752
1220024168269393926
1220024147050422275
1220024146538782721
1220024141635436550
1220024128226246656
1220024122232594433
1220024075579342848
1220024038078263298
1220024017064812545
1220023963323183106
1220023960018018305
1220023948278140928
1220023929714040832
1220023928531439616
1220023925574258688
1220023877578838016
1220023865838977024
1220023851280629760
1220023837913313280
1220023816279285760
1220023792732385280
1220023677842087941
1220023670715740160
1220023665959542786
1220023637081829376
1220023621185228802
1220023591883898880
1220023585500286978
1220023539883036674
1220023527832682496
1220023526238769152
1220023425521065985
1220023395007463425
1220023387856277504
1220023386124046338
1220023379056582656
1220023371250970625
1220023364808597505
1220023312710922241
1220023299142561792
1220023282289782786
1220023273305649153
1220023232910086144
1220023225637330945
1220023186453983238
1220023166262824960
1220023164639629312
1220023139515555840
1220023132729364480
1220023106321944577
1220023102777843712
1220023080048685056
1220023078673141760
1220023047811411968
1220023046997708802
1220022991846891520
1220022991779782656
1220022970418192389
1220022917477482496
1220022903258914817
1220022861185933312
1220022852713418752
1220022837785706501
1220022820714860544
1220022711625240578
1220022682240081920
1220022676862816257
1220022669657235458
1220022662715584512
1220022646286561281
1220022645585932288
1220022641848963073
1220022636480208901
1220022633535692800
1220022578938441728
1220022537884700674
1220022519798824960
1220022500337184768
1220022445748428807
1220022426643267585
1220022403306336257
1220022377976934402
1220022317192900608
1220022245352849408
1220022197898633217
1220022126217793537
1220022105603039232
1220022083662598145
1220022076922351616
1220021963810312193
1220021952993165312
1220021880544870400
1220021763477778432
1220021743584047104
1220021687430844422
1220021675007324160
1220021629473959936
1220021617230860290
1220021612860174336
1220021580421451776
1220021562935599104
1220021561715036160
1220021528198336513
1220021512335323137
1220021507172245504
1220021464516132866
1220021464042287105
1220021416764100610
1220021415799377923
1220021413211525125
1220021405468766208
1220021395133849601
1220021378574946306
1220021356936548353
1220021343967539203
1220021339807010816
1220021320622182402
1220021280797339650
1220021232822714368
1220021206490984449
1220021173083308032
1220021152199913472
1220021147225534464
1220021146336342021
1220021126115594240
1220021095954288640
1220021079038709761
1220021077939838977
1220021027197128704
1220021017411833856
1220021015989932033
1220020983991611397
1220020979125981185
1220020963296804865
1220020958771191810
1220020947375345665
1220020937430589441
1220020921483890688
1220020907995025411
1220020891305705474
1220020884301213696
1220020883131195393
1220020880081936385
1220020857277501440
1220020855461249024
1220020834661806080
1220020834489729024
1220020828462616576
1220020824196861954
1220020821051224066
1220020809755852800
1220020800817778688
1220020797307265024
1220020780060332032
1220020757612376065
1220020726389850113
1220020718420795394
1220020717779111936
1220020707926536192
1220020692999004160
1220020675924000768
1220020664633085952
1220020639802843138
1220020636296404992
1220020625009332224
1220020588728725506
1220020567840919552
1220020552846528512
1220020551298830337
1220020514766245889
1220020467508973571
1220020439222816768
1220020411464736768
1220020363565961217
1220020338924257280
1220020336269246465
1220020299590176768
1220020289494560768
1220020258364444672
1220020184447995904
1220020183043137541
1220020173702422528
1220020170099322880
1220020161853308929
1220020119100968960
1220020104164933632
1220020090130718720
1220020087098429443
1220020077136764930
1220020045801234433
1220020045163778048
1220020022329786368
1220020010543910912
1220019969322184704
1220019968353456128
1220019961281646594
1220019956500193282
1220019927144267777
1220019901752119297
1220019900921647104
1220019898786643969
1220019890808995840
1220019887374000128
1220019857107771392
1220019854230654976
1220019804356120577
1220019787713130502
1220019778275774464
1220019773452492801
1220019767341244416
1220019755807059969
1220019749301575681
1220019739378012160
1220019738467762187
1220019721904500740
1220019708201787410
1220019689348378626
1220019678887673856
1220019678325755904
1220019671300214785
1220019666464038912
1220019610495463424
1220019606217281537
1220019597136494598
1220019586302709762
1220019570750169090
1220019559819816962
1220019546100248577
1220019544607150083
1220019540479881217
1220019520124796928
1220019500894035969
1220019483357720578
1220019472783687680
1220019423937007616
1220019389417893888
1220019337609850880
1220019336984911873
1220019335588040704
1220019310753656835
1220019305812656128
1220019288456814592
1220019271629144072
1220019246668886017
1220019239404351488
1220019237185413120
1220019235801440257
1220019218625781761
1220019204990128128
1220019204167958529
1220019169573441536
1220019134785839109
1220019129266114561
1220019016208736256
1220019010382770177
1220019006125608960
1220018997384507393
1220018996831047681
1220018961120743424
1220018954648924161
1220018945542979586
1220018939947651074
1220018921509654528
1220018912227680266
1220018895949570051
1220018861002711040
1220018828010119169
1220018814240415745
1220018808695533569
1220018805956579331
1220018792459145221
1220018771592654848
1220018755218083841
1220018755117502465
1220018739137187845
1220018708384534530
1220018695998791682
1220018693662334977
1220018692509093888
1220018686368546817
1220018681721192448
1220018668119166977
1220018653393039368
1220018630886166528
1220018589161480192
1220018588557479941
1220018557133578240
1220018550884241408
1220018548560551936
1220018529837166594
1220018527312191494
1220018513684856832
1220018507934339072
1220018495011688449
1220018493485207555
1220018486526783488
1220018483259486208
1220018482076536833
1220018468579368960
1220018465333030913
1220018446349557762
1220018421896642560
1220018412107202566
1220018409381027840
1220018385779429376
1220018379920150528
1220018377059655682
1220018362115416068
1220018359959375872
1220018359603007489
1220018355035348992
1220018350916612096
1220018338467893249
1220018323678777344
1220018319887126530
1220018316011560963
1220018310999244801
1220018302396833792
1220018293207072769
1220018289411182592
1220018288274694146
1220018285850365952
1220018213427261440
1220018171639422976
1220018150768381952
1220018145408311297
1220018129989861376
1220018122473664512
1220018093533159424
1220018070858555392
1220018052802273282
1220018007319236608
1220017972124631040
1220017966902923265
1220017948338860032
1220017940654936064
1220017936196304896
1220017928990601217
1220017924792029184
1220017923269517314
1220017889975197696
1220017881833971712
1220017867854356488
1220017847264350208
1220017802754580480
1220017788405866496
1220017782827442179
1220017781703368709
1220017761742741504
1220017761662963712
1220017760228511744
1220017757607071744
1220017757007147008
1220017756814434304
1220017712673513474
1220017696940707848
1220017680339668992
1220017670168424449
1220017659661684736
1220017654959955969
1220017637952040961
1220017617567649792
1220017574223597569
1220017505885810689
1220017487628009474
1220017447937376258
1220017445328637957
1220017440085762050
1220017418216456192
1220017385421320193
1220017380686024705
1220017375397007361
1220017361576697856
1220017315271581696
1220017286397882370
1220017283197784065
1220017274460860416
1220017273915703303
1220017271856254976
1220017269453004800
1220017264092643329
1220017242974408704
1220017229317591040
1220017219582689280
1220017213731553280
1220017158471598080
1220017156802404359
1220017132873945088
1220017131661733888
1220017128679428097
1220017127220023296
1220017120106315776
1220017117300502529
1220017110514110464
1220017102414864386
1220017085939453952
1220017072576614401
1220017069422329857
1220017064481566723
1220017060064964611
1220017020260868097
1220017014720225280
1220017010463121416
1220016996890230785
1220016989370044420
1220016969480425472
1220016942452371456
1220016927835213824
1220016925536735232
1220016923552907264
1220016902933581830
1220016841042595842
1220016816531001344
1220016808478105600
1220016804229255169
1220016788894887936
1220016755105419264
1220016751901102080
1220016748310691840
1220016746460958720
1220016735841136643
1220016721077161994
1220016720875642881
1220016707575484416
1220016693755502593
1220016686931136513
1220016685135982593
1220016659441815552
1220016637127954433
1220016630710730752
1220016575677259776
1220016566609174529
1220016552323375109
1220016544144678913
1220016508966973440
1220016505020014594
1220016498510528512
1220016471096668161
1220016417447260160
1220016347175948289
1220016346228043781
1220016328209158144
1220016326233772033
1220016312078028801
1220016311348203520
1220016281195360256
1220016251042353153
1220016249054171136
1220016232633700363
1220016230481977344
1220016226107158528
1220016209871196160
1220016208801619971
1220016168737492993
1220016142279794688
1220016097350602753
1220016095681110017
1220016085375836165
1220016058456858625
1220015978467164161
1220015967662510080
1220015949543354369
1220015948142276610
1220015941565677569
1220015907155652609
1220015876822487041
1220015863241134080
1220015845197389830
1220015833004625920
1220015827321122816
1220015801589096450
1220015795561955330
1220015782408740867
1220015781775314949
1220015734169845760
1220015719406022657
1220015640003649537
1220015639689146370
1220015638590251008
1220015593157484544
1220015555618508800
1220015541659848705
1220015538291793926
1220015529496215552
1220015433773993985
1220015381256912898
1220015370754580481
1220015346591182855
1220015303641440256
1220015295135305728
1220015294158188547
1220015292174290955
1220015282858553349
1220015279025065990
1220015262402936834
1220015259483656193
1220015256023465990
1220015251879448577
1220015250176692224
1220015228110299136
1220015211635019777
1220015210162872321
1220015177325826049
1220015170946134018
1220015155213455362
1220015139480592386
1220015110435037184
1220015092890308608
1220015075823480832
1220015067774824450
1220015058773848064
1220015035109408769
1220015019427012615
1220015015178199041
1220015006013587459
1220014962937974784
1220014931468279809
1220014930549706755
1220014907896127488
1220014897355866112
1220014860374810627
1220014857786929154
1220014838216134658
1220014815139155968
1220014784617291776
1220014770289442816
1220014748789563395
1220014740027662337
1220014735996923904
1220014721409212426
1220014657739657218
1220014653884989441
1220014647778127872
1220014644691005442
1220014612373999623
1220014606204014593
1220014591645638656
1220014579922677762
1220014561241288704
1220014499366760448
1220014437010198528
1220014397034319873
1220014396119842817
1220014371847462916
1220014345419153419
1220014332454604800
1220014327584870400
1220014318793588736
1220014277874147330
1220014263118565376
1220014247645732864
1220014152346791937
1220014112387862529
1220014104426905600
1220014084747337729
1220014072550305792
1220014021455372288
1220014014198992897
1220013998135021568
1220013983350099970
1220013958981214213
1220013948012883969
1220013943210397696
1220013934574309376
1220013877410312192
1220013874671312896
1220013856929480706
1220013831490916353
1220013814030241794
1220013784468684801
1220013768480116737
1220013759491641344
1220013750469779463
1220013732014718976
1220013723684728833
1220013723483623427
1220013677765636096
1220013676180074496
1220013664062922752
1220013650267791361
1220013635101065216
1220013625898868737
1220013619028643840
1220013612170907649
1220013606311469056
1220013601194487810
1220013578926936064
1220013548690034688
1220013544416169984
1220013536723816449
1220013522517725185
1220013504561807366
1220013487314784256
1220013471896465408
1220013466934816774
1220013440321966083
1220013418226311170
1220013401285505026
1220013326987681792
1220013304111718400
1220013302706667521
1220013301242793986
1220013287397523458
1220013276190453762
1220028343346532353
1220028228833644544
1220028204561256448
1220028203344904192
1220028163842985984
1220028155278135296
1220028122659094535
1220028114597642240
1220028110055387137
1220028073816444929
1220028064194654209
1220028049523200001
1220028019890212864
1220028019554820102
1220028018963439617
1220028006820790272
1220027953595084801
1220027879133630464
1220027815069806597
1220027802860175360
1220027780907192322
1220027779514802182
1220027760954966022
1220027701702135810
1220027671717076992
1220027588988502021
1220027536970637312
1220027514019438594
1220027510890516480
1220027491131318272
1220027455655874560
1220027453609009152
1220027449280475137
1220027428136816641
1220027426178129920
1220027357718708224
1220027348298240000
1220027292438728706
1220027286793211911
1220027219021426689
1220027205901848576
1220027191364218885
1220027144652222469
1220027131477970944
1220027128781164545
1220027111978819591
1220027109801746433
1220027084007006210
1220027084002775045
1220027002784108544
1220027002679226369
1220026995159064578
1220026989030952961
1220026969623916544
1220026950669914112
1220026900086583296
1220026861746622464
1220026860177780736
1220026855060721664
1220026790179041280
1220026782096797701
1220026771908612096
1220026724458684417
1220026720981417985
1220026712114659328
1220026695056388096
1220026676525953026
1220026623363375104
1220026615813435393
1220026552496226304
1220026550453555201
1220026497471258629
1220026425555783681
1220026394526175232
1220026321549627392
1220026291904110593
1220026288255057920
1220026213021863936
1220026191916273664
1220026189332406272
1220026181157715968
1220026167454863360
1220026137738244096
1220026132394844161
1220026114879283202
1220026049443971072
1220026026522112001
1220025971455094784
1220025952270315520
1220025931802169344
1220025891520118784
1220025870611410944
1220025870028431361
1220025835152760832
1220025783097405440
1220025756383940614
1220025743075233793
1220025616021577733
1220025558630682624
1220025533666168832
1220025485889101825
1220025427596464128
1220025423586787330
1220025406062882816
1220025294003699712
1220025291856175104
1220025247891521537
1220025212529532929
1220025189901033472
1220025148004167681
1220025146217381888
1220025068576636929
1220024998586224641
1220024985739300865
1220024963379294209
1220024944597164032
1220024914209411072
1220024911571423233
1220024882081067009
1220024864725196800
1220024811121827845
1220024701465985025
1220024593856917504
1220024541486829568
1220024511904370689
1220024354148429824
1220024326545526786
1220024325836722176
1220024262041292800
1220024251584929792
1220024203451170821
1220024195461132293
1220024161923477505
1220024110991974401
1220024037113356288
1220023948622036999
1220023905806471169
1220023874890256384
1220023823392825344
1220023783328608257
1220023744476762112
1220023712415506435
1220023591640555520
1220023530680512513
1220023529350955008
1220023507125460992
1220023498849931275
1220023481946951680
1220023453924777984
1220023371099856897
1220023319916773377
1220023318058688512
1220023269207601152
1220023241974132737
1220023186013741056
1220023095026581505
1220023003926257664
1220022981402996742
1220022907843174400
1220022892420718598
1220022869058560000
1220022612774072320
1220022565571137536
1220022558285692928
1220022550106951682
1220022484390547462
1220022328458993666
1220022277107879937
1220022267796574213
1220022195897847808
1220022160531562496
1220022144043667456
1220022122732343297
1220022112695402496
1220022108094230529
1220022035285336064
1220021925549764608
1220021853281865735
1220021769613934592
1220021756305584129
1220021699342675969
1220021686592057344
1220021662520754176
1220021626185478144
1220021618073694210
1220021557340172288
1220021546804240385
1220021510850531333
1220021433683722241
1220021426574577665
1220021413119176707
1220021391912624128
1220021384740515840
1220021383771643904
1220021354889654274
1220021286568714240
1220021277328539653
1220021265269837824
1220021243748999170
1220021236102782982
1220021174828261378
1220021156205350912
1220021139306467328
1220021111254966272
1220021077440520192
1220021057622380545
1220021050009882625
1220020976081145857
1220020947308044289
1220020870682267649
1220020862310436865
1220020819319042054
1220020805163266049
1220020743641026560
1220020727643926530
1220020711923699713
1220020708618539008
1220020660270817281
1220020647897726978
1220020635180470272
1220020603337527296
1220020596689358848
1220020591064862720
1220020565118869504
1220020481773858821
1220020457103069184
1220020439134523394
1220020349414166528
1220020301842378760
1220020296763297795
1220020295618088960
1220020278790643713
1220020277666443264
1220020261006655488
1220020243948425217
1220020233374584832
1220020232854671362
1220020227351576576
1220020227003625473
1220020193625243648
1220020130832240640
1220020102977867776
1220020089254223872
1220020084808257536
1220020077208035333
1220020071671615488
1220019978394533891
1220019961403297792
1220019939290968064
1220019935797305346
1220019921624670209
1220019919800041473
1220019849243443205
1220019830591574018
1220019811624767488
1220019806700593152
1220019692787638273
1220019631454244864
1220019553146523650
1220019549606572033
1220019538835591169
1220019512847695872
1220019487467917312
1220019448666394625
1220019435928346625
1220019401446920193
1220019385248768001
1220019374888603648
1220019323990728705
1220019317611229184
1220019304688574465
1220019297218510849
1220019276372824064
1220019256210771968
1220019159276249088
1220019153144184832
1220019138778689536
1220019135112867841
1220019134584344576
1220019125843456001
1220019111616532481
1220019096596541440
1220019027914833920
1220018951498993665
1220018913976569856
1220018913867636742
1220018861195567109
1220018857416347648
1220018855080157185
1220018819176910848
1220018806359318532
1220018768501526528
1220018744421834752
1220018646140866560
1220018637496516610
1220018600104194049
1220018544265424902
1220018533721001984
1220018494848110593
1220018484492419074
1220018477705990144
1220018361456717825
1220018351017119745
1220018331937312768
1220018318494461952
1220018289725734912
1220018256892719104
1220018224219049985
1220018185602203649
1220018142480605184
1220018133244633088
1220018125036539904
1220018109089644545
1220018090366271488
1220018082401251328
1220018060880252929
1220018038856044545
1220018010934542336
1220017966546178056
1220017952780455937
1220017938750525440
1220017936535969792
1220017929808297984
1220017872736382977
1220017856043048966
1220017840276684800
1220017823025520641
1220017820836057089
1220017819749769216
1220017803337404416
1220017754570293248
1220017746613690369
1220017711150845952
1220017606255448064
1220017548323782656
1220017536588107776
1220017512613470209
1220017470204973058
1220017459358388225
1220017454404947968
1220017435631210497
1220017428786118656
1220017384892686336
1220017367310200833
1220017342333145088
1220017313170124800
1220017264944005120
1220017238956134400
1220017211579850759
1220017189526228993
1220017186569252864
1220017129489149957
1220017126984912897
1220017112611033091
1220017098786775046
1220017091756953601
1220017090171559936
1220017074069590018
1220017068621357058
1220017042457120768
1220017031770038272
1220017016716832768
1220017008407871489
1220016836210675712
1220016814865944577
1220016714043150336
1220016608753504257
1220016600549675013
1220016597537939457
1220016583327637507
1220016499173163008
1220016442281578496
1220016404415569920
1220016366054297600
1220016347037433856
1220016252204220417
1220016195539214339
1220016161674285056
1220016091646152704
1220016075938521088
1220016052806901760
1220016043684327426
1220016040450482176
1220016035656544256
1220016025208528899
1220016024969367554
1220016014211125249
1220015924515950593
1220015891414319109
1220015864784703488
1220015818760585223
1220015773155901440
1220015735432331264
1220015683964026880
1220015647888793600
1220015474353889283
1220015392262885377
1220015376433590272
1220015374634246144
1220015319894282242
1220015305386147840
1220015261979295745
1220015240206700545
1220015235723034624
1220015178592317441
1220015098149785601
1220015029015269376
1220014931237576704
1220014923939340288
1220014908386856960
1220014885116887040
1220014876375928832
1220014807308361728
1220014769068838913
1220014766468386816
1220014751020802048
1220014714354196481
1220014679956905984
1220014660440604672
1220014609463050241
1220014499337392128
1220014454479511553
1220014437777715200
1220014340960423937
1220014326896939008
1220014244021731328
1220014217882816512
1220014200950415361
1220014159422803969
1220014108684079104
1220014019429294080
1220013992204107776
1220013918661140481
1220013881948401665
1220013876160294913
1220013854903562242
1220013834825371648
1220013825321095171
1220013796107776001
1220013777891950592
1220013753397153793
1220013705103953920
1220013694836281344
1220013677266341888
1220013651198803969
1220013574325555202
1220013483657441281
1220013483233689601
1220013472026521600
1220013464531292161
1220013363826061313
1220013287531634690
1220013263540215809
1220013251846500352
1220013251569823748
1220027667048779787
1220027610362601472
1220026798320373760
1220026585962684416
1220026266293800961
1220025465571725312
1220024445667921920
1220024406191280128
1220024013256216577
1220023760843104257
1220023031612895233
1220021342755598338
1220021327446388736
1220021209578004480
1220020973249998859
1220020832698818563
1220019641118003208
1220018483859263488
1220018400266801152
1220017486592200707
1220017176683466753
1220017170970578945
1220015860464701440
1220015281205960704
1220015037328261121
1220014341598121986
1220014118201110530
1220013654944485379
1220013250164641792
1220028074852380672
1220023826022428673
1220022610538319873
1220017709636669440
1220016021173485568
1220028348035764224
1220028324556107776
1220028319841710081
1220028246303170560
1220028202896089089
1220028167592775681
1220028156632944640
1220028142812848128
1220028142670303232
1220028117613338624
1220028079625527298
1220028071509708801
1220028069278187524
1220028068695138311
1220028040085786624
1220028034742394880
1220028034482262016
1220028025766584323
1220028019613396993
1220028013376626689
1220027974248009734
1220027964076843013
1220027862528299008
1220027835991101446
1220027829259137027
1220027828391104513
1220027760753639424
1220027733494894593
1220027682978779137
1220027668936028160
1220027668197851139
1220027639097970690
1220027601843965952
1220027583485497345
1220027581963145216
1220027543690059776
1220027515852378112
1220027481492729856
1220027473078865920
1220027470377697280
1220027469752946690
1220027466967736320
1220027363041464321
1220027358490611712
1220027345559588864
1220027340606124033
1220027323728023552
1220027310851665921
1220027285023096834
1220027275631943681
1220027270640726016
1220027261694435329
1220027164298444802
1220027142638985216
1220027139594113024
1220027102591954945
1220027090197721089
1220027089593741312
1220027058862071809
1220027008547086336
1220026954579136514
1220026951534096385
1220026915274268672
1220026907653074947
1220026824807395343
1220026822588420097
1220026796340654081
1220026750182227974
1220026673984229376
1220026672713490432
1220026633471627265
1220026577725075456
1220026549598068736
1220026526042873856
1220026517167710208
1220026490097520641
1220026488692457472
1220026475836919809
1220026468631076864
1220026412083617795
1220026397730668545
1220026390554271744
1220026251190132738
1220026249579393025
1220026202037112832
1220026178213306368
1220026124031279104
1220026117941161986
1220026082046304257
1220026049825632256
1220026014329376768
1220025966392569856
1220025964748390402
1220025945521905664
1220025935623262208
1220025923761623040
1220025890744102912
1220025888785477633
1220025839187742720
1220025790148104192
1220025758443327488
1220025746179137537
1220025742081318913
1220025715426504711
1220025691665620992
1220025674678722562
1220025673072377857
1220025631242510337
1220025618647134208
1220025607586627586
1220025510295756801
1220025486723563520
1220025447859224576
1220025401272963072
1220025283656503297
1220025252626845696
1220025222847516676
1220025140487999489
1220025096791785482
1220025088822730752
1220025083441188865
1220025033281753094
1220025016642940929
1220025012624642049
1220024902754996224
1220024900209061891
1220024889081356289
1220024882710351873
1220024864100085760
1220024841534869504
1220024806579433472
1220024764049346560
1220024755509547008
1220024753475538944
1220024735834296320
1220024664447180800
1220024657753014274
1220024634105630721
1220024632809529352
1220024609665429505
1220024603587817472
1220024586722373632
1220024557152690178
1220024532544770048
1220024475632226310
1220024469579804674
1220024461375623169
1220024427934560257
1220024413103575041
1220024401799909377
1220024368941547520
1220024348846718976
1220024330102431745
1220024308434702337
1220024284309008387
1220024281645699073
1220024278533300224
1220024262976843783
1220024243787894784
1220024239312400384
1220024238435901442
1220024224636702720
1220024185508057089
1220024137969594368
1220024134240886784
1220024103559663617
1220024095007551488
1220024083187892229
1220024067798925312
1220024064665718786
1220024056784834560
1220024042771615745
1220023999629025281
1220023992662122496
1220023970319208449
1220023906645377025
1220023858000007168
1220023832183889925
1220023770783592448
1220023750462255104
1220023749186965505
1220023728341274624
1220023721542463489
1220023570962751488
1220023470400122880
1220023467166162944
1220023426091573254
1220023415186259975
1220023403425468417
1220023379933220864
1220023369946497024
1220023344436797440
1220023336488591363
1220023310790033409
1220023296349130752
1220023223753928704
1220023190350483457
1220023185053310976
1220023148076306432
1220023093051240448
1220023077754560516
1220023064445911043
1220023006535266304
1220023004652089351
1220022952676274176
1220022919084023808
1220022917167104000
1220022900515909635
1220022885022081024
1220022874288816129
1220022840176652294
1220022837752160256
1220022806848475136
1220022805699297280
1220022786279690241
1220022760908509185
1220022696957759488
1220022694193876992
1220022662090461184
1220022649704701952
1220022649587302400
1220022620042801153
1220022610269999104
1220022605291323392
1220022587901636608
1220022585498505216
1220022576111673351
1220022469316055040
1220022442523070465
1220022437393268737
1220022432695758848
1220022419861184523
1220022407622082560
1220022302689112065
1220022274167844865
1220022250071564289
1220022235798364162
1220022213241462784
1220022189279178753
1220022163823980544
1220022092856512513
1220022069947179009
1220022055791484928
1220022005082337280
1220022002259517442
1220021960916316168
1220021953462882304
1220021938543788032
1220021896986497024
1220021883791384585
1220021872567283712
1220021831387602945
1220021794259628035
1220021773560766464
1220021771992293379
1220021760696832000
1220021744481771520
1220021736835436545
1220021736512479232
1220021713687273472
1220021671031189505
1220021670079012865
1220021666736111616
1220021651254833152
1220021646767087616
1220021638424494080
1220021606178807808
1220021596896800778
1220021596544389120
1220021575451205632
1220021566005829632
1220021565972262913
1220021559726833665
1220021540684693505
1220021537434210305
1220021517557198849
1220021439904014338
1220021422967357442
1220021399349104640
1220021371251699712
1220021335189020674
1220021326783696898
1220021309968502784
1220021304931254272
1220021299906371585
1220021299411484672
1220021291090096128
1220021251680296960
1220021223637295104
1220021219975671809
1220021198819676160
1220021161611808768
1220021141508517889
1220021128799891457
1220021127730356224
1220021050945220609
1220021042674118656
1220021040220233733
1220021031311572992
1220021026924396545
1220021024022048768
1220021016094826497
1220021000085168129
1220020981625999362
1220020973967237123
1220020938596589568
1220020929775849474
1220020902693363712
1220020902051450880
1220020894300459008
1220020878618046471
1220020855406612480
1220020851686461440
1220020849945628678
1220020848658010112
1220020846149791745
1220020837698260992
1220020777522778119
1220020776801226752
1220020730265554944
1220020723734863872
1220020710828961792
1220020704789307393
1220020689161207808
1220020683545047041
1220020680218959878
1220020616713117696
1220020597054328832
1220020594374103040
1220020573415395329
1220020559070875648
1220020505085796352
1220020492498653186
1220020491613888514
1220020464204107776
1220020455010193410
1220020452615061505
1220020436135743494
1220020424832094208
1220020400383332352
1220020387934806021
1220020381387579392
1220020360520839168
1220020336839798784
1220020333593284608
1220020325284564992
1220020324101582849
1220020306296762369
1220020302396231680
1220020295949418496
1220020270057963520
1220020247106932736
1220020243113771008
1220020242170204171
1220020229050269696
1220020228740001794
1220020224700715008
1220020216710619136
1220020193339920384
1220020177347260417
1220020102147530752
1220020088759152640
1220020088637730816
1220020070996275206
1220020031452590082
1220019966553911296
1220019943326081025
1220019931774738432
1220019925806350336
1220019922798927873
1220019920768917504
1220019895519322112
1220019890351816714
1220019859532193795
1220019858559074305
1220019800136511488
1220019770033983488
1220019768318545922
1220019767018287104
1220019761075179521
1220019727281610752
1220019716963606528
1220019700496662528
1220019668489916416
1220019667282145291
1220019641860247552
1220019636827119616
1220019618246348800
1220019611405443073
1220019598424043521
1220019567692398594
1220019553347891202
1220019500717875206
1220019473547243530
1220019456480555017
1220019403648983041
1220019370778337286
1220019352914690048
1220019347562934273
1220019333490823168
1220019331519713282
1220019318705938432
1220019316747272193
1220019307113058305
1220019294773313536
1220019277845143553
1220019252108853248
1220019245553258496
1220019210593677312
1220019199554097152
1220019138938253312
1220019129932861440
1220019103651573762
1220019096017870848
1220019084924006401
1220019056272523264
1220019050035785728
1220018996399026177
1220018986458312710
1220018962794209280
1220018958004150274
1220018913628409856
1220018901888598016
1220018895676833793
1220018821852954626
1220018808234094593
1220018783852453888
1220018675882717184
1220018650654085121
1220018642995286016
1220018639455150082
1220018637043531779
1220018636871675909
1220018612045537280
1220018608715304962
1220018588913893378
1220018584153284614
1220018541463855105
1220018526598991874
1220018510451105792
1220018508710412298
1220018507892568064
1220018504675536896
1220018497654272000
1220018497419390976
1220018482923868160
1220018478330957825
1220018478003867650
1220018474833104897
1220018474530902016
1220018448828289024
1220018441945374720
1220018438837620736
1220018422337028096
1220018420281831424
1220018408034467840
1220018400811876353
1220018400107220992
1220018378183729153
1220018368792625153
1220018365453889537
1220018360152358912
1220018341483429890
1220018338165751809
1220018336005836800
1220018335422668800
1220018323145940993
1220018322059792385
1220018306200961025
1220018288488603653
1220018287402196993
1220018257962455041
1220018252233019397
1220018220352057345
1220018215000166400
1220018208276566016
1220018201775439873
1220018188957757443
1220018180015321088
1220018178270560256
1220018160268730368
1220018136574918657
1220018125569085440
1220018119906877440
1220018100109635585
1220018099761471494
1220018094942441474
1220018092543053824
1220018090395783168
1220018079553523712
1220018077586182144
1220018074641977350
1220018074616725511
1220018074147004417
1220018072611950597
1220018043939504129
1220018039795716096
1220018033311342593
1220018015179354112
1220018005368664066
1220017986083467264
1220017984262955008
1220017973739630596
1220017972770746374
1220017964084269057
1220017956685479936
1220017949035114496
1220017938008363008
1220017936607387649
1220017935323844609
1220017910904770560
1220017901127766016
1220017895729717248
1220017867657306112
1220017867598585856
1220017856483676162
1220017848661110785
1220017840507494400
1220017839110705152
1220017831762374668
1220017824317485056
1220017804381958144
1220017783456567299
1220017769955184642
1220017755086376960
1220017717383704578
1220017715278053376
1220017696676425729
1220017696525320192
1220017690619760640
1220017656754884608
1220017653756186624
1220017630020501506
1220017628506230784
1220017606205300736
1220017573388931074
1220017567936499712
1220017564216168450
1220017523174912001
1220017502257917952
1220017497560309760
1220017491864256512
1220017472302006273
1220017437279543296
1220017413355376640
1220017409106403328
1220017400508272641
1220017371441594368
1220017302759825409
1220017298976755720
1220017257805275141
1220017234413703168
1220017162716188673
1220017148807938048
1220017135482630144
1220017126116921344
1220017123688361989
1220017110358921219
1220017095871590400
1220017094667972612
1220017089622302723
1220017082550509568
1220017073734156290
1220017072828227586
1220017042339835904
1220017021733277702
1220017013084446721
1220016993937633281
1220016982420082688
1220016981304168450
1220016955421151233
1220016935632457728
1220016917206962176
1220016916875616257
1220016907195121667
1220016897795727361
1220016894750707717
1220016891504152576
1220016885179338753
1220016874802405381
1220016874051661824
1220016868100050945
1220016867156414472
1220016851725381633
1220016850295230467
1220016835640250368
1220016834365267968
1220016831735439366
1220016829843890177
1220016826677190657
1220016825443864576
1220016811611172870
1220016805890027520
1220016800030773254
1220016781634326528
1220016756133113856
1220016740874248192
1220016724436799489
1220016710448627712
1220016696468967424
1220016695244443649
1220016694766129152
1220016689334702085
1220016670623879170
1220016670065872896
1220016638143057921
1220016619692417025
1220016599375085568
1220016589845647360
1220016585265410048
1220016578218971137
1220016551904120832
1220016523865137153
1220016483901812740
1220016429354885120
1220016410513924099
1220016385276960778
1220016362552086528
1220016358705942528
1220016350053261313
1220016311067168768
1220016299473981440
1220016284579942401
1220016245149294592
1220016213457129472
1220016207333511168
1220016194389889026
1220016192510943233
1220016189159739392
1220016160344805376
1220016100915716103
1220016090153213952
1220016078455050240
1220016065981440001
1220016048151330817
1220016038567239685
1220016021593100293
1220016019877527552
1220016006728282112
1220016003460939776
1220015979276595202
1220015950281330688
1220015941532045312
1220015931042291713
1220015929888690176
1220015922481487873
1220015917733568512
1220015914382327808
1220015900985827330
1220015874473545728
1220015855066435584
1220015845906116608
1220015774074658818
1220015766449209345
1220015750733131776
1220015661759336448
1220015639454052352
1220015618528727040
1220015618302205952
1220015605731905536
1220015604997836800
1220015603416588288
1220015603072692225
1220015594637905920
1220015590670127104
1220015586865901568
1220015586563903490
1220015582747164675
1220015580310384641
1220015546978029570
1220015545023631364
1220015501654384641
1220015465940111361
1220015458352390145
1220015424286289924
1220015419563610119
1220015418699476992
1220015415071584258
1220015413117050882
1220015408188575746
1220015399921582081
1220015367797362688
1220015364848766978
1220015346364473344
1220015330996736001
1220015327796518913
1220015327259648001
1220015303964401664
1220015283835936768
1220015229825945601
1220015216957837314
1220015208707645444
1220015202302939137
1220015189229232128
1220015186159067137
1220015185437581312
1220015159328083974
1220015151367090177
1220015145151156227
1220015144283136001
1220015082920239104
1220015059864379393
1220015047847620608
1220015016713150464
1220015015039848450
1220015000426819584
1220014970731036678
1220014935993794560
1220014932244213760
1220014918121844736
1220014910685376513
1220014894231314437
1220014872978587649
1220014863247798272
1220014827260657664
1220014811624493056
1220014807404797952
1220014804850462720
1220014758998478849
1220014755412230146
1220014750471340032
1220014698210480129
1220014660080017409
1220014633160863745
1220014554291359744
1220014539527213056
1220014537417490433
1220014502567129090
1220014499685519360
1220014490428891136
1220014483516592129
1220014479603380227
1220014460095598592
1220014453208571904
1220014452180865024
1220014394207133697
1220014388079407106
1220014347033833472
1220014334589526016
1220014332295118848
1220014309914247169
1220014301328445440
1220014274241880066
1220014269238071296
1220014266327003137
1220014193291620353
1220014184269852673
1220014174773882892
1220014172458692610
1220014171883962369
1220014170432630784
1220014160345321472
1220014159678435329
1220014119606202373
1220014116581998592
1220014084994863104
1220014072730546179
1220014064048328704
1220014062727090176
1220014060168675333
1220014056171429888
1220014050328760320
1220014046771990529
1220014022960939008
1220014010575151105
1220013989456838656
1220013968728756227
1220013958247129088
1220013957567565824
1220013941138452480
1220013932154363904
1220013927850893312
1220013927376900097
1220013889708077056
1220013880728072192
1220013847563554818
1220013825593937920
1220013824176050181
1220013817200963585
1220013790571442176
1220013788826669057
1220013759139368960
1220013758631874563
1220013744689840136
1220013694425239553
1220013692361658369
1220013691896320012
1220013672820592642
1220013661369950209
1220013655024132097
1220013654478749697
1220013642265047041
1220013601001365510
1220013579275055108
1220013572215865344
1220013527143858179
1220013490401763329
1220013484269699073
1220013478502633475
1220013477646999553
1220013458806267904
1220013457673805825
1220013422080905216
1220013419719360512
1220013401247600641
1220013370050588672
1220013344913948673
1220013298030129153
1220013292334329863
1220013281613619205
1220013263531868163
