1219946584726593537
1219939083620777984
1219952794775511045
1219952740220227584
1219952656346746881
1219952544127959042
1219952530786000897
1219952522309308416
1219952512574377985
1219952512524017670
1219952491464232960
1219952460585951232
1219952455447916544
1219952411198074880
1219952409226764294
1219952404256428032
1219952361365557249
1219952350657437697
1219952345804443649
1219952321565560833
1219952308970237954
1219952297977008128
1219952181048115202
1219952165214740481
1219952163692208128
1219952133505597440
1219952089557803008
1219952064157179905
1219952049887965186
1219952049141489664
1219952013129273344
1219951993520885761
1219951959089864704
1219951952953430016
1219951933517156353
1219951917586993153
1219951910398066688
1219951831209652224
1219951778936053760
1219951763618484224
1219951759210295296
1219951713416884225
1219951609918173185
1219951538203807744
1219951506679459845
1219951491726893056
1219951483677896704
1219951476862222336
1219951450924519424
1219951431060459520
1219951418662014977
1219951331143753733
1219951328409063424
1219951315687702528
1219951310658854913
1219951274264756226
1219951260889243648
1219951247136034816
1219951223278882818
1219951170174771203
1219951119918649344
1219951114034073601
1219951107822292992
1219951101316911105
1219951079309312001
1219951076209614853
1219951055691288580
1219951040558256128
1219951000246722562
1219950963856830465
1219950956999335937
1219950954608578560
1219950930877145088
1219950916591345664
1219950819430322181
1219950808961363968
1219950784135065600
1219950718423048192
1219950717307379712
1219950705760444421
1219950696319135745
1219950693244710913
1219950674340995072
1219950665390313472
1219950629378052102
1219950629130592256
1219950628300034050
1219950458208432128
1219950387983192066
1219950334287720448
1219950323449528322
1219950258677067776
1219950186103001088
1219950141727219712
1219950104100118529
1219950096563023872
1219950090460200960
1219950051868454912
1219950027847503872
1219950003197747201
1219949967642632197
1219949871874088960
1219949849853952007
1219949833642967042
1219949805243453441
1219949803142107137
1219949789988769793
1219949783122616320
1219949772448194560
1219949725773787141
1219949647432757248
1219949614595477505
1219949509398024196
1219949480600133632
1219949474283474944
1219949460253483011
1219949452678647814
1219949392570044416
1219949386903572480
1219949363822309376
1219949350652121089
1219949337305735168
1219949250928369664
1219949233144520707
1219949072385282051
1219949055968608256
1219949052068007936
1219949025350299649
1219949016013791232
1219948947831021569
1219948945604075525
1219948932882685952
1219948898829193218
1219948864939184131
1219948794990735360
1219948793765990400
1219948766876381185
1219948685817151490
1219948552190857217
1219948518716010496
1219948499585904640
1219948485774073857
1219948464139882497
1219948430463651842
1219948393365037058
1219948324226326533
1219948317443932160
1219948087466242051
1219948076837810176
1219947998098182145
1219947928095207424
1219947906880495616
1219947879881535489
1219947867856654337
1219947821421469701
1219947790496866305
1219947736209883136
1219947736130314241
1219947720846254081
1219947717264322560
1219947709458571264
1219947701204332545
1219947700864659458
1219947699371421696
1219947678009827328
1219947607851765761
1219947589698772992
1219947576713273345
1219947557784297473
1219947520723443712
1219947463005614080
1219947451710427136
1219947410744659969
1219947325738700802
1219947325692485632
1219947319690506240
1219947290296799235
1219947255836311552
1219947218834092032
1219947174294966272
1219947170146680833
1219947153474445312
1219947111082491908
1219947106443649026
1219947061296226310
1219947014462398464
1219946943641718786
1219946924024979457
1219946880731242496
1219946876620898311
1219946846937681920
1219946845520252934
1219946839794802688
1219946839618850818
1219946795742257153
1219946790990106624
1219946766864408577
1219946645179244545
1219946626166317057
1219946562475962369
1219946552204169218
1219946530917847040
1219946522680287233
1219946511410352129
1219946457450471426
1219946389322338305
1219946364949450752
1219946302903148544
1219946295680557056
1219946273396219906
1219946272620236801
1219946266442059777
1219946128172560384
1219946114025021441
1219946080487591936
1219946078260355073
1219946062305165312
1219946002972643334
1219945968755511298
1219945944675946496
1219945926485086209
1219945917790351362
1219945815302475776
1219945796994588674
1219945795828338688
1219945789037981697
1219945783572750337
1219945760311169027
1219945707723001857
1219945687166672897
1219945554177929216
1219945538994479105
1219945527371952129
1219945473538084864
1219945454009536512
1219945431800668162
1219945389660327937
1219945388683268097
1219945330843815936
1219945309289295873
1219945294164611077
1219945275122470912
1219945243522600962
1219945243149160455
1219945145912553474
1219945141940736000
1219945109652934657
1219945050622373888
1219944978379501568
1219944974093103105
1219944943755481088
1219944913514778629
1219944901795815424
1219944780701917184
1219944763551559680
1219944735160381440
1219944726780092417
1219944701345849345
1219944675454439424
1219944627903569920
1219944622249644032
1219944589001445378
1219944570810699777
1219944553894924290
1219944489101467648
1219944457300254720
1219944424286932992
1219944413717135362
1219944402883354624
1219944383396614150
1219944340325371904
1219944276198453248
1219944265947594755
1219944261765996544
1219944235614527489
1219944234544922626
1219944218908454913
1219944197635092480
1219944170833555456
1219944158636298242
1219944065464139778
1219943999521349632
1219943944508911617
1219943925877702656
1219943915354316806
1219943910941872129
1219943898065383424
1219943879107129344
1219943864032800768
1219943819069685760
1219943814766313473
1219943803659878400
1219943791773114368
1219943772907343874
1219943709082415104
1219943695459504129
1219943597576880129
1219943543378259968
1219943485664526337
1219943477250752512
1219943465536118784
1219943450059182080
1219943439523110912
1219943397625958402
1219943306223915008
1219943292160204800
1219943222610251778
1219943174933626881
1219943119795507204
1219943109926109187
1219943077889986567
1219943006586974209
1219942956007706628
1219942951255756801
1219942911820881921
1219942887489712128
1219942856674160640
1219942855919140865
1219942839829827585
1219942799686107139
1219942795869188096
1219942651748896768
1219942534291562497
1219942530630017029
1219942448086102017
1219942418608533505
1219942418075869184
1219942364648632320
1219942332587565056
1219942322651176960
1219942301608370176
1219942284193665024
1219942269152833536
1219942256125321219
1219942240468054021
1219942151330639872
1219942141956325377
1219942138315567107
1219942124742836224
1219942106342363137
1219942004068700160
1219942003170889728
1219941879594344450
1219941872740814848
1219941859234988032
1219941722328879107
1219941670969413632
1219941561850650624
1219941544322428930
1219941494695460864
1219941420770840577
1219941383428956160
1219941361614577664
1219941254299037696
1219941208623144961
1219941183482318848
1219941172732473344
1219941163534295040
1219941062447456256
1219941036690042881
1219941008466743301
1219940930704281605
1219940916665909249
1219940863519940609
1219940824093323265
1219940788488065029
1219940776509149184
1219940719642628096
1219940707663798272
1219940697752645632
1219940694195867649
1219940592551108608
1219940584972062720
1219940569809448960
1219940521889521664
1219940513840648192
1219940511089332225
1219940505343184896
1219940499307413504
1219940443539963904
1219940439324753926
1219940423453401093
1219940411764068353
1219940351915495430
1219940351433216001
1219940327399649280
1219940219186794496
1219940200605982720
1219940180884381698
1219940010557952000
1219939929872064512
1219939903787732994
1219939839908499456
1219939784094674944
1219939724728528896
1219939685595860992
1219939673805676544
1219939637952753666
1219939618918821889
1219939569258418181
1219939517366444037
1219939469236764674
1219939467542200321
1219939446877048833
1219939436416335877
1219939351888461824
1219939318594187265
1219939304371376129
1219939279041896450
1219939276349231109
1219939257860657152
1219939232560467970
1219939063744159745
1219939036954939392
1219939036598501378
1219939005481062401
1219938979736408064
1219938932336418816
1219938929345843202
1219938923927035904
1219938873322721280
1219938867756838912
1219938809766240257
1219938790879432704
1219938762140061696
1219938727700652033
1219938644611305472
1219938639704154112
1219938633010024448
1219938618279591936
1219938606653038593
1219938604820070400
1219938567167733760
1219938544736784385
1219938541549117440
1219938532086644738
1219938481864134656
1219938329283579905
1219938311281827841
1219938249487126528
1219938082604142598
1219938047527194626
1219938029575593985
1219937990002335748
1219937936168439809
1219937920901099520
1219937806455209989
1219937789132886016
1219952835875356673
1219952751846682624
1219952707093422081
1219952684033302528
1219952640919920642
1219952616941088768
1219952568916250624
1219952553888223233
1219952545826631680
1219952522279829504
1219952519297683458
1219952513123639296
1219952459524624384
1219952426267971584
1219952422673502209
1219952406282166273
1219952378960474112
1219952253425147907
1219952247154495488
1219952200513925120
1219952097925332992
1219952016299966464
1219951970544283648
1219951905922641920
1219951879746048006
1219951863589560321
1219951613097336837
1219951578200723456
1219951543983603712
1219951489906429952
1219951443987189761
1219951299526975490
1219951235001774080
1219951209718697985
1219951121545953280
1219951075945373697
1219950917975306240
1219950815009357825
1219950813486837760
1219950803835744257
1219950727319048192
1219950695626862592
1219950690052624384
1219950680523169793
1219950655462232064
1219950652375199745
1219950610679648262
1219950523320684549
1219950507353047040
1219950482988224517
1219950446694948864
1219950413908078592
1219950307787935744
1219950234081447936
1219950188737060864
1219950179291287555
1219950053504245760
1219950034801709056
1219950031093944320
1219950009879121921
1219949964861657088
1219949922759454720
1219949867734163457
1219949784779444224
1219949775165906944
1219949704462553088
1219949690323554304
1219949684615086080
1219949529119674369
1219949507875487744
1219949502158663680
1219949500321517569
1219949449541111808
1219949392750235649
1219949387872235520
1219949353344724993
1219949335497981952
1219949316673921026
1219949294188261377
1219949273426477063
1219949271228661763
1219949262026375173
1219949253981655041
1219949231718289408
1219949231101878273
1219949207311675392
1219949184465305600
1219949134532079622
1219949126554542080
1219949101699092480
1219949058803916800
1219949048800497664
1219948965031895042
1219948957796716546
1219948889387651074
1219948884119695361
1219948835411283968
1219948781291966464
1219948672684658689
1219948653005037568
1219948544951369729
1219948540459307009
1219948524793561088
1219948473644134400
1219948468807929857
1219948467214176256
1219948247201931264
1219948058797957120
1219948055610286081
1219947916111966208
1219947911552757761
1219947889587150848
1219947866522705922
1219947865318907904
1219947792849752064
1219947769126735878
1219947766169817088
1219947715406123009
1219947682438844418
1219947649312251904
1219947580957720576
1219947580143984642
1219947510044643328
1219947471515852800
1219947463341031425
1219947375009001472
1219947339290271745
1219947290430885888
1219947287452872704
1219947159941857283
1219946985530130432
1219946830638669824
1219946807263776770
1219946747725664256
1219946729404977153
1219946549175668736
1219946538199183360
1219946529772855296
1219946453876895744
1219946420725145600
1219946374738972673
1219946363942686721
1219946310838538240
1219946293302157315
1219946170866446337
1219946092126703617
1219946051789967360
1219945911297593344
1219945891517403137
1219945877751517185
1219945849322520576
1219945844255817733
1219945842930524160
1219945837775638529
1219945822466347009
1219945799993434113
1219945798286209024
1219945658376847361
1219945635366891520
1219945604060594177
1219945568287502337
1219945567620497408
1219945558682558465
1219945543872335872
1219945453514412037
1219945444089810946
1219945443825606656
1219945421448966147
1219945387810623489
1219945356319834113
1219945320844537856
1219945289194172419
1219945263797686272
1219945194486824960
1219945177390780417
1219945149284810752
1219945110302887936
1219945041495384065
1219945016547774465
1219944920653283328
1219944910599536642
1219944846724489216
1219944767204671488
1219944695276507141
1219944680088985600
1219944641459392514
1219944629136580609
1219944562598141953
1219944561620815872
1219944527445688321
1219944354984284160
1219944324139536385
1219944320075059200
1219944285157482496
1219944179859513344
1219944117376966656
1219944106241081344
1219944073940725760
1219944035722252288
1219943985952591872
1219943975148232705
1219943944114429952
1219943834416644096
1219943770222784512
1219943738220281857
1219943681173544961
1219943386775531521
1219943361487917057
1219943350733660162
1219943336682766337
1219943288943202309
1219943282328973315
1219943270693818368
1219943232013926400
1219943229753159680
1219943226607570944
1219943179983691776
1219943168981864448
1219943154511597570
1219943152011894784
1219943129010192385
1219943057606488065
1219942991244091392
1219942980557033472
1219942961300946945
1219942927058788353
1219942853956206592
1219942811425918976
1219942780853616641
1219942757336113152
1219942747362058241
1219942719750955009
1219942707449204736
1219942674255446016
1219942616042590208
1219942571759173636
1219942535017091074
1219942514066513920
1219942492470116352
1219942423150972928
1219942402019885056
1219942353160400896
1219942196515786753
1219942168397254661
1219942151179522048
1219942038369472512
1219942035584581634
1219942004823453696
1219941990948909058
1219941982195396609
1219941982149042176
1219941981025030145
1219941873713696768
1219941862141648896
1219941848015196160
1219941835071807488
1219941784026923008
1219941695372120064
1219941661481914368
1219941570377592832
1219941458557526016
1219941450718121984
1219941442317103104
1219941434838732800
1219941414596825088
1219941412436709376
1219941412214411265
1219941381092904960
1219941374574772225
1219941372662149120
1219941353154441216
1219941316429111296
1219941280559403008
1219941177991892993
1219941115308019713
1219941106621800450
1219941044126486529
1219940950866153472
1219940826366857218
1219940813276209154
1219940804594061313
1219940772750905346
1219940764857372672
1219940714072567808
1219940680719454208
1219940652743421952
1219940416591552512
1219940385025224705
1219940312828850177
1219940269522423810
1219940249322713088
1219939964571373568
1219939848821202945
1219939700338651137
1219939689936777217
1219939653412741121
1219939650090913792
1219939629492658176
1219939619652997120
1219939550463696897
1219939490124316673
1219939433044033536
1219939372276957184
1219939367952584704
1219939293910593536
1219939252441497603
1219939225346301952
1219939181373165568
1219939073894141958
1219939017589833728
1219939016482541568
1219939001672404993
1219938800379412480
1219938703742648323
1219938592560160768
1219938533365800960
1219938392143585280
1219938383088230401
1219938321142407168
1219938280751288320
1219938278259847168
1219938249751154689
1219938163046731776
1219938054636359680
1219937988483997696
1219937938638696451
1219937913070206976
1219937854731644928
1219952820151037952
1219952817101852672
1219952772323262465
1219952678714740738
1219952515824914433
1219952482371006464
1219952442944540672
1219952428835115008
1219952269136842753
1219952152187154432
1219951983257366528
1219951975279648769
1219951966463283200
1219951935190597632
1219951889929781250
1219951801736318976
1219951754906869760
1219951710472327168
1219951707238621187
1219951651592622080
1219951599730286592
1219951560370688000
1219951468263772160
1219951457295831042
1219951384474406912
1219951305936048128
1219951294376378368
1219951203913740288
1219951021138432003
1219951004524765185
1219950944961671168
1219950870864859136
1219950858177261569
1219950834001305601
1219950820302696448
1219950787402452992
1219950773527707648
1219950714799054851
1219950687083204608
1219950594787618817
1219950591750766592
1219950559383445504
1219950489686556673
1219950473110622208
1219950349999435776
1219950299344986112
1219950241316651008
1219950170290343936
1219950134303305729
1219950134248779776
1219950092263649281
1219949956577935360
1219949921928994819
1219949889897029632
1219949852001476610
1219949836281106433
1219949829733793792
1219949821769003009
1219949808670121985
1219949758946643970
1219949721529147392
1219949700863971333
1219949700171825154
1219949689610498048
1219949675123499008
1219949534328963072
1219949532022104064
1219949493640224768
1219949390233776130
1219949363025367040
1219949339964887040
1219949291332145153
1219949184067022848
1219949179281321984
1219949175137132544
1219949127942971393
1219949119835377664
1219949098981187585
1219949082925400064
1219949079507062784
1219949049379295233
1219949048100261888
1219949023949250560
1219948999869898757
1219948998842187776
1219948992995323904
1219948910988361729
1219948837021851650
1219948799210078209
1219948760840597504
1219948740292829184
1219948729165172737
1219948581127323648
1219948577058742272
1219948485249769472
1219948484666654721
1219948368295796741
1219948348536311809
1219948336783994881
1219948209222701057
1219948208463343616
1219948172853694464
1219948054956036096
1219948016351633409
1219947984730849280
1219947951318949888
1219947950870151168
1219947948852858882
1219947928954916866
1219947889813868544
1219947873426522112
1219947869857374209
1219947839406714881
1219947831844208641
1219947796742062083
1219947760847220738
1219947744191746050
1219947717486469122
1219947710586900480
1219947707432865792
1219947700243714048
1219947647726956544
1219947643268263942
1219947590910914562
1219947555712167937
1219947519024619520
1219947509944070144
1219947507515609088
1219947477715116032
1219947402662236163
1219947352674328577
1219947345728565249
1219947299767554048
1219947243626627072
1219947213607931904
1219947212735537152
1219947181873872896
1219947174970003456
1219947148784963584
1219947146297913344
1219947130636439553
1219947063858941953
1219947055071653888
1219947033252917248
1219947032707682304
1219946980803170304
1219946866135224321
1219946836145905664
1219946812892540928
1219946722585194496
1219946721293283328
1219946713764352000
1219946692314718208
1219946690016235520
1219946685687848961
1219946664971997184
1219946624685891585
1219946600342048768
1219946555534446593
1219946554250780672
1219946517013893120
1219946506381340673
1219946502786674689
1219946496486977537
1219946436063686656
1219946398474559488
1219946383597133824
1219946333240299520
1219946281847537665
1219946256275070976
1219946253779226625
1219946195415633921
1219946148745469952
1219946126679232512
1219946121650413569
1219946087345205248
1219946079921135617
1219946063525605377
1219946062628163586
1219946060207968257
1219946015974780928
1219946006269190144
1219946000166592513
1219945959943069696
1219945932718034944
1219945921829654528
1219945890342932486
1219945889969639425
1219945856184377345
1219945855920279559
1219945829579943941
1219945721778012161
1219945715235000320
1219945691767640069
1219945664513052672
1219945655050932228
1219945588374097922
1219945562822402048
1219945546414092288
1219945483336065024
1219945480483954689
1219945388712636416
1219945388003643393
1219945382148481028
1219945365606215683
1219945365262258177
1219945364423430144
1219945314397769728
1219945298610376709
1219945240158560256
1219945238418153472
1219945149301772290
1219945138396385285
1219945119903817730
1219945043265564673
1219945028258271232
1219944995676798976
1219944993290424320
1219944959555407873
1219944939838222336
1219944918078119937
1219944910675034112
1219944901909061632
1219944855754956800
1219944851547885568
1219944792488140800
1219944743402188806
1219944699605045248
1219944674141462528
1219944665098506241
1219944639760867328
1219944635382030337
1219944579819982850
1219944578138234880
1219944568411394050
1219944542281117696
1219944536169779200
1219944498693718017
1219944482013110272
1219944469287653376
1219944467978911745
1219944437020872704
1219944378703069184
1219944356263546880
1219944347514343424
1219944333077622784
1219944313838194689
1219944291637907457
1219944203037413376
1219944198817738754
1219944150860210176
1219944113006612480
1219944047143538688
1219944033193222144
1219943996740468737
1219943996681621505
1219943988263821312
1219943865031045120
1219943735666126848
1219943720910376961
1219943660449497093
1219943600525586432
1219943553482145794
1219943440093413379
1219943435513352193
1219943426541727746
1219943416378859526
1219943329250459648
1219943286179319808
1219943211222781953
1219943105371103232
1219942979772788736
1219942954262941696
1219942601463218176
1219942581418721280
1219942579757862912
1219942575206854657
1219942557892993024
1219942501164994561
1219942403747921921
1219942017578471429
1219941835302264832
1219941611007811584
1219941515667156993
1219941497988173824
1219941493932204032
1219941281205563392
1219941272036597760
1219940762009374720
1219940602210672640
1219940573416693766
1219940527384207360
1219940448300687361
1219940427043766272
1219939718642786304
1219939708307824640
1219939673637900288
1219939540921733120
1219939511167152128
1219939340731736065
1219939133251960832
1219939100666535936
1219938961562525696
1219938864170766337
1219938821506326528
1219938401417334786
1219937935983697920
1219937771021750272
