1220268162806992896
1220268159539675137
1220259256630333446
1220269863093977089
1220269845536743424
1220269839895261184
1220269820047974400
1220269759578746882
1220269728012406786
1220269697314312192
1220269505584209920
1220269306598055936
1220269197776822272
1220269108358500352
1220268966062350336
1220268959716593664
1220268914602471424
1220268730720014337
1220268722281156609
1220268390993973248
1220268341656465408
1220268281606443008
1220268091973591041
1220267948121710592
1220267918430175232
1220267702079516672
1220267306082807808
1220267214114369536
1220267178970185728
1220267160993517569
1220266811788120066
1220266751813799936
1220266745002364928
1220266620456787969
1220266565796605953
1220266398842146817
1220266386292903937
1220266365199835136
1220266262141579265
1220266246664544256
1220266217014878210
1220266124106842117
1220266074043637761
1220265833253015553
1220265727787184128
1220265715963441157
1220265586640457729
1220265428389330944
1220265291315236864
1220265285195685888
1220265244989194241
1220265168787079168
1220265001698635777
1220264868256849920
1220264629194100742
1220264586391277570
1220264548617326592
1220264496179974144
1220264456426528768
1220264450768261120
1220264368534904833
1220264356904087553
1220264184509689856
1220264102808805379
1220264074727936000
1220263990049243137
1220263961691664384
1220263937582735360
1220263622871416832
1220263514532696064
1220263485558468609
1220263202799353861
1220263202618896384
1220263135770222592
1220262841783148544
1220262685264240641
1220262685092114432
1220262568431779841
1220262517806641153
1220262516682567680
1220262446029471745
1220262434226655232
1220262405651030017
1220262373287657472
1220262235311763456
1220262215409860608
1220262170434441222
1220262152461869056
1220262067246116864
1220262038569533445
1220262025047068672
1220262010732056577
1220262003802951681
1220261934806814720
1220261868561948672
1220261788433907713
1220261777318928385
1220261776161292288
1220261653125701637
1220261552466616320
1220261466831511552
1220261414343970816
1220261395650039809
1220261305107521537
1220261108893790208
1220261098105913345
1220261048499998720
1220261019802570752
1220260988932542464
1220260839770480641
1220260698363531268
1220260691153539072
1220260677836734464
1220260490426777600
1220260450832510977
1220260426581266433
1220260376694022144
1220260241192996865
1220260237950640128
1220260236721717248
1220259857003053057
1220259844449501185
1220259817866121217
1220259746348859392
1220259714400968704
1220259681630916610
1220259446095519745
1220259378202390529
1220259158961709063
1220259116272123904
1220259106482601984
1220259103097966593
1220259045107351552
1220258983266652161
1220258958511833088
1220258958310506497
1220258953302405121
1220258901381152768
1220258563450449922
1220258560505860096
1220258488577691649
1220258297476833281
1220258284361392128
1220258252954447873
1220258030291304448
1220258008082587648
1220257993805008896
1220257906676858880
1220257798459576320
1220257753425268736
1220257623871643648
1220257572869099521
1220257545832390656
1220257442363297792
1220257416450887680
1220257401145896960
1220257387631669248
1220257116260380672
1220256978783604738
1220256946915291138
1220256921132900352
1220256889168154624
1220256720816992256
1220256667029450753
1220256655679426561
1220256639879503873
1220256600260337665
1220256506458800128
1220256458127937537
1220256281090412544
1220256128988340224
1220256112055934978
1220255961878687745
1220255935307776002
1220255825345830917
1220255804856487936
1220255804605063168
1220255763991613440
1220255674724163586
1220255654906159104
1220255644441145350
1220255628003893248
1220255624950435840
1220255587314700288
1220255572915867649
1220255568041926656
1220255518863908864
1220255481312305152
1220255460898627584
1220255430762487808
1220255327863504897
1220255308444000256
1220255297417158661
1220255282669944834
1220255275950710785
1220255211991773184
1220255156593291270
1220255154081030146
1220255133533118466
1220255123433250816
1220255117905137664
1220255117632401414
1220255096933691393
1220255035608748032
1220255013630595072
1220254905828618241
1220269932266418176
1220269904693284865
1220269900645707776
1220269897285951488
1220269891929853952
1220269885416181761
1220269863383502848
1220269858677383168
1220269848174960640
1220269814159200256
1220269765471735808
1220269761860231168
1220269747218141184
1220269718646509569
1220269714754039808
1220269705350406147
1220269700296466432
1220269688191705088
1220269675189325824
1220269656130256897
1220269643736088580
1220269619178393600
1220269613138595840
1220269611201060864
1220269599251283968
1220269592372707329
1220269580268048384
1220269579206721536
1220269576107253765
1220269569777926146
1220269567512961025
1220269567437611010
1220269548965781504
1220269527532859393
1220269507635109888
1220269493907345412
1220269485078089729
1220269483014541312
1220269472566501376
1220269467604676609
1220269460810096640
1220269451435814912
1220269442644484096
1220269409027018753
1220269398893592577
1220269393956851713
1220269391981379586
1220269367193210886
1220269358548574209
1220269337656877057
1220269295281692672
1220269266848514049
1220269263908245504
1220269240726327297
1220269228038787073
1220269215438888960
1220269205615861760
1220269203380412416
1220269193334906880
1220269172015489025
1220269170576650245
1220269155615535105
1220269141002682368
1220269120375214081
1220269088351641600
1220269081737039872
1220269080185163781
1220269076473237504
1220269068462112769
1220269064729300992
1220269012787105792
1220269003110641664
1220268994302660609
1220268984026746880
1220268976053243904
1220268963893874688
1220268952992923648
1220268952661774336
1220268942247153665
1220268939088818176
1220268931186741248
1220268926933684225
1220268901797257216
1220268901612707845
1220268871690674177
1220268869152980993
1220268834243760128
1220268827918815232
1220268823376465920
1220268819337248768
1220268807656103946
1220268801784074240
1220268755424428033
1220268742900252672
1220268725720494080
1220268675586019328
1220268657541931013
1220268644124332032
1220268629339467776
1220268625715593216
1220268616463065089
1220268608606982144
1220268597722992640
1220268596334596097
1220268575685926914
1220268487072874496
1220268485395116032
1220268459990364160
1220268446702682112
1220268445926707202
1220268437617799168
1220268410241568769
1220268399600771074
1220268398015393792
1220268376590712832
1220268367791063041
1220268367249993728
1220268361537540097
1220268357267550208
1220268347650002944
1220268342088364032
1220268336480583680
1220268322043899906
1220268290049622017
1220268286019014657
1220268274681667585
1220268266230206464
1220268264317648897
1220268263113818112
1220268251906813952
1220268234034810880
1220268229702115335
1220268217676881920
1220268212857651200
1220268202984382464
1220268174924341250
1220268144909942784
1220268144041709568
1220268140602380291
1220268130615742464
1220268129491804162
1220268127465791488
1220268100555132928
1220268093915549696
1220268092841918464
1220268070121295872
1220268065125855232
1220268023547748352
1220268013171216385
1220268005654794240
1220268001594871808
1220267999564746753
1220267993617391616
1220267950097092608
1220267947127537664
1220267945718272000
1220267933538168832
1220267931818504192
1220267929721360392
1220267927221370880
1220267921232093184
1220267892588941312
1220267889346994176
1220267878840197120
1220267874364735489
1220267865791746048
1220267845730201600
1220267835714232320
1220267826780368896
1220267825853390850
1220267822711894016
1220267798447833088
1220267791585964032
1220267789413470209
1220267769087721472
1220267741371781120
1220267707217563648
1220267694731091969
1220267683792310272
1220267675516952576
1220267643803848710
1220267632638644224
1220267611335716864
1220267607753809921
1220267598459195393
1220267591316516864
1220267586073399296
1220267561557708801
1220267504825552897
1220267485720608769
1220267476291686400
1220267467894751232
1220267466158432256
1220267424445894656
1220267390631464966
1220267366866542593
1220267365377568768
1220267364878413826
1220267347644039170
1220267340803256320
1220267330304909313
1220267311870828545
1220267302056157186
1220267278006194177
1220267275611062272
1220267273828483073
1220267267432169473
1220267250579435520
1220267234712543232
1220267232300687362
1220267203351572480
1220267181742510088
1220267165959327745
1220267152831180800
1220267147869310976
1220267147001126913
1220267143687598080
1220267142869733376
1220267137471787009
1220267124716785664
1220267120224718848
1220267119763279873
1220267116575653888
1220267104496078848
1220267098405883904
1220267096665399296
1220267094719135744
1220267094069018624
1220267092038971393
1220267071394570245
1220267044857417729
1220267041606651904
1220267025412558849
1220267021507547137
1220266999319674880
1220266986128592896
1220266982576152576
1220266979778424832
1220266960899821568
1220266959767392256
1220266954721648645
1220266938284134400
1220266933397778432
1220266931057377280
1220266897330958336
1220266896248827905
1220266889340956672
1220266876099448832
1220266875575160832
1220266868000190464
1220266837159493632
1220266835725246465
1220266815437193217
1220266795464040449
1220266794083999745
1220266779198418945
1220266779060006912
1220266778338545664
1220266776556113920
1220266770503622656
1220266764073758720
1220266763805319168
1220266761922236416
1220266756679200768
1220266751818108928
1220266743613931525
1220266736856887297
1220266736102100992
1220266734562623488
1220266727637807105
1220266718628474880
1220266713062592512
1220266711242272768
1220266711191932928
1220266710785089536
1220266699741519872
1220266686626123776
1220266683186733056
1220266673996886016
1220266672092614656
1220266666237419522
1220266665746796546
1220266663339159553
1220266653423931392
1220266649787518982
1220266637217038336
1220266634591395841
1220266615364734976
1220266610583396352
1220266600172929024
1220266591960461312
1220266590748450822
1220266574508101632
1220266573107208193
1220266571425148928
1220266569311256576
1220266552483696642
1220266537883336705
1220266513854275584
1220266508305088512
1220266500423966726
1220266495818620928
1220266492735811585
1220266477296783361
1220266473802911745
1220266458602602496
1220266454655717376
1220266450893459456
1220266446900617216
1220266413866151937
1220266400117350400
1220266365136883713
1220266363052183552
1220266351270346752
1220266339677302785
1220266333155155968
1220266323801968640
1220266287026171904
1220266283238690816
1220266280751513601
1220266275059859458
1220266228687593478
1220266168352563200
1220266155014623233
1220266154591019010
1220266150795202560
1220266135213334528
1220266102627786758
1220266094683926530
1220266087964495872
1220266087272472577
1220266073221545984
1220266070650445824
1220266067664297990
1220266048215142401
1220266045719449600
1220266039201714176
1220266037855211526
1220266023884066816
1220266023787479040
1220266019698036736
1220266008255987713
1220265965620842497
1220265938949300225
1220265933760942081
1220265932016275456
1220265928983662592
1220265924789329920
1220265916887232512
1220265913972191232
1220265910193152000
1220265895441813504
1220265893420077056
1220265817465671685
1220265810179919877
1220265782812270592
1220265774381551616
1220265773710696448
1220265770908819457
1220265767192498176
1220265762130137089
1220265755410698241
1220265729481568256
1220265724465168385
1220265697290391554
1220265690449481729
1220265676398481408
1220265673403793409
1220265673353359360
1220265627941662720
1220265624464580608
1220265622577172480
1220265618668048385
1220265608304119809
1220265585315078145
1220265569544474624
1220265523583184896
1220265514351480833
1220265511650385920
1220265510543085571
1220265488963358720
1220265464456048640
1220265460039585792
1220265456625303553
1220265431887306752
1220265427202277378
1220265391886344193
1220265376157593601
1220265357450956800
1220265348718460928
1220265342896750592
1220265310214709248
1220265305248690177
1220265305240260613
1220265305072521216
1220265289511661569
1220265284411383808
1220265282553270274
1220265270943584256
1220265266975666177
1220265250827538432
1220265249309249536
1220265236873134080
1220265230585884673
1220265225938751491
1220265216547536896
1220265215863865344
1220265213502480385
1220265202190471168
1220265195215278082
1220265191113248769
1220265185782333440
1220265177003614213
1220265173652398080
1220265163753955328
1220265152261566464
1220265142803255297
1220265132082651136
1220265075891556353
1220265064092950530
1220265061861724161
1220265059395358720
1220265056853745665
1220265055293329408
1220265032216244224
1220265021621407744
1220265019373314048
1220264975077261312
1220264961038942210
1220264960653021186
1220264959034232833
1220264944219893762
1220264935814336512
1220264934321164288
1220264923621515264
1220264920853381124
1220264917606883329
1220264878411112448
1220264872765558784
1220264867883601920
1220264861025701888
1220264849638227968
1220264849021841408
1220264841694171136
1220264836355018753
1220264829824294912
1220264795397480448
1220264763982114816
1220264761901768704
1220264732214599680
1220264731539210241
1220264716280508417
1220264713793048576
1220264711087771648
1220264697221406720
1220264696160194560
1220264688912461824
1220264679869575169
1220264678099521536
1220264663545339909
1220264659669934080
1220264658759770112
1220264653374181377
1220264650681376768
1220264649863639040
1220264648076939264
1220264643928608768
1220264625473671169
1220264624823492608
1220264610588172290
1220264607152869376
1220264588005928960
1220264572759621633
1220264569660149760
1220264534411112451
1220264533614387201
1220264528031580160
1220264518430994433
1220264514702102528
1220264493080555520
1220264491411132416
1220264455742689287
1220264444699086848
1220264428894949376
1220264428618186752
1220264426877550592
1220264389510496256
1220264372347363328
1220264345268977665
1220264345059262464
1220264344815984640
1220264334275702786
1220264328806330369
1220264323043315712
1220264315837546498
1220264310988951552
1220264305351770112
1220264299391791104
1220264291036647427
1220264289103220736
1220264261030760448
1220264214675116033
1220264212292763648
1220264208572481536
1220264206835937285
1220264205195988992
1220264170953641984
1220264155543932928
1220264155271139328
1220264137927905280
1220264131233751040
1220264121712758784
1220264101609459712
1220264101307473920
1220264100346966016
1220264099335946241
1220264098287382528
1220264044638003200
1220264042725425152
1220264030998319104
1220264016636981249
1220264011612262400
1220263986005827585
1220263940585734145
1220263926031478784
1220263925909864454
1220263906293075968
1220263900374953984
1220263889419587584
1220263881597022208
1220263881022615552
1220263874638774272
1220263863624425474
1220263850949300224
1220263849456062464
1220263843248529408
1220263837649129474
1220263834490826753
1220263824768425984
1220263824042778624
1220263823111643136
1220263821131972609
1220263805352996865
1220263803348062208
1220263789209313280
1220263787745308672
1220263781529337857
1220263775267246081
1220263767642034177
1220263758297042944
1220263754027290625
1220263746502709248
1220263732057497600
1220263730212040704
1220263728274259968
1220263726344880128
1220263719911010304
1220263712210092032
1220263706812022784
1220263706237386753
1220263703154581504
1220263696632635393
1220263695759994881
1220263669428187136
1220263661710692352
1220263623769149440
1220263610649198592
1220263553711476738
1220263548925960192
1220263546602131456
1220263526389829634
1220263505271689217
1220263503442993152
1220263497696714752
1220263481938796544
1220263480382459905
1220263477387784194
1220263466448982017
1220263453815820288
1220263440582758400
1220263420714344448
1220263420097789952
1220263418311192576
1220263418008989697
1220263414452240384
1220263404826451969
1220263387399172096
1220263383838031874
1220263372907638786
1220263358743621634
1220263342368968706
1220263336471748613
1220263333154054144
1220263320826986502
1220263302044848128
1220263297766707202
1220263294671286272
1220263291936657410
1220263278913499136
1220263260554846211
1220263252216598528
1220263245312856064
1220263237939232768
1220263231610085376
1220263231450746882
1220263229911379969
1220263228510334976
1220263216581726208
1220263189000019968
1220263175037358081
1220263174248656896
1220263159027523584
1220263150240448512
1220263148122329088
1220263088907096064
1220263083425222657
1220263081864921088
1220263068174880768
1220263046141972480
1220263037480947713
1220263036545650688
1220263031881338880
1220263000520654848
1220262999790948353
1220262995265277953
1220262965397553152
1220262953816977408
1220262941968125952
1220262914197577728
1220262876411125761
1220262873445761027
1220262867728863233
1220262863253561345
1220262859403194368
1220262854592348160
1220262853011234816
1220262847432646656
1220262817833607170
1220262793078665222
1220262758891118593
1220262718042771456
1220262674165927936
1220262673989931008
1220262670160617473
1220262645309116416
1220262642121506817
1220262590561038336
1220262587864100865
1220262586349867008
1220262577667624960
1220262560248651777
1220262554133508096
1220262543903510528
1220262542620098563
1220262518024630272
1220262510537764864
1220262487863377920
1220262487557320704
1220262479734771712
1220262472994689024
1220262448155914240
1220262444586561536
1220262438014046208
1220262436894212096
1220262428891439104
1220262419232108546
1220262413615812609
1220262409979355136
1220262408838504455
1220262391918866432
1220262382179536896
1220262377049993216
1220262375061721088
1220262373002399746
1220262359001812992
1220262330614738944
1220262323077578754
1220262321915740160
1220262321177518080
1220262318073794560
1220262317436235776
1220262303964237824
1220262302940684289
1220262295160287234
1220262294350753792
1220262279155011585
1220262273538592768
1220262264495755264
1220262250528661505
1220262238369521665
1220262226570801153
1220262216005406720
1220262209340596224
1220262208128483328
1220262164650319872
1220262163094204416
1220262159902334976
1220262158727925761
1220262131955716096
1220262092609028096
1220262065610166273
1220262057557147649
1220262057213251585
1220262033188241408
1220262031581835265
1220262031476944896
1220262028922834944
1220262007670132737
1220262000606900225
1220261992700579840
1220261988120420352
1220261979471912960
1220261977219465216
1220261969132847104
1220261963718103040
1220261961058811904
1220261959636930560
1220261951424561152
1220261948064923656
1220261939827355649
1220261929215639555
1220261926573199361
1220261913118023680
1220261870407315462
1220261860563275776
1220261851033849856
1220261850685702145
1220261846319431682
1220261839759495173
1220261836492169216
1220261835552612352
1220261831807078401
1220261806028935173
1220261803239800832
1220261750655700993
1220261734138535942
1220261730061709313
1220261727775817729
1220261723048796160
1220261711921537024
1220261707559227393
1220261705457913858
1220261693961515008
1220261686398963712
1220261677628682241
1220261669277798400
1220261667365249024
1220261660549664769
1220261655696658432
1220261654744555520
1220261651108130816
1220261646561468416
1220261630178725890
1220261629373243392
1220261616010162177
1220261615704166401
1220261599036039168
1220261597219819522
1220261591351844864
1220261581977608198
1220261555188535296
1220261555058556928
1220261548234506240
1220261547013853184
1220261528852525058
1220261499140288512
1220261493859479552
1220261487454932993
1220261481947643906
1220261481029066752
1220261457214001152
1220261449630486528
1220261448984612864
1220261447994728448
1220261439799267329
1220261438356324353
1220261404768210945
1220261400091561985
1220261370110738432
1220261365874659330
1220261356919652355
1220261332793970688
1220261322899615745
1220261321909784576
1220261321746321411
1220261295401906177
1220261284421296130
1220261274665140224
1220261273033535488
1220261264250695680
1220261262690373632
1220261229882527744
1220261225780539393
1220261220323713024
1220261217463406593
1220261217119490048
1220261210957811712
1220261208948822016
1220261195162308608
1220261185062203393
1220261183502082048
1220261182331711488
1220261165802102785
1220261159091064832
1220261157111418880
1220261149905604609
1220261148743782405
1220261134583779331
1220261102493134848
1220261102082088960
1220261075590905856
1220261053050679297
1220261052165672960
1220261051347820545
1220261049770770434
1220261042913071104
1220260981399441408
1220260980652834816
1220260972876615680
1220260972297744385
1220260963758178305
1220260953242996737
1220260946607652864
1220260900986179584
1220260889808367616
1220260887203926016
1220260879914029056
1220260854572052480
1220260845659262976
1220260841842343936
1220260789170233344
1220260785672376322
1220260737119150080
1220260723139338240
1220260720073248768
1220260708421492737
1220260669699842048
1220260666092638208
1220260662435172359
1220260653161570305
1220260651630645248
1220260625151975429
1220260617241550848
1220260547767103488
1220260546307510272
1220260503135518720
1220260500098805760
1220260500061052929
1220260487515869189
1220260455425486849
1220260443198898177
1220260442632704000
1220260405848625153
1220260403466264578
1220260399406149633
1220260396965040130
1220260396742795265
1220260392779169793
1220260391013486593
1220260387574009857
1220260383082057728
1220260375477620739
1220260374093549569
1220260367747645441
1220260361267339264
1220260354191552512
1220260346398535681
1220260342392999938
1220260311644737536
1220260274353164288
1220260267759673344
1220260266455306240
1220260263519064064
1220260263435202562
1220260255042457600
1220260246301696000
1220260225766154240
1220260224256413696
1220260220317794304
1220260215066636288
1220260195164516354
1220260163896004608
1220260141708103680
1220260125962715136
1220260122036965377
1220260119616733184
1220260109953073154
1220260102092902400
1220260098871873537
1220260094098604032
1220260093079511040
1220260086393622529
1220260079741624320
1220260078214774787
1220260064524668928
1220260060976250880
1220260059084509184
1220260051832623105
1220260046312857601
1220260039429984256
1220260022766034945
1220260012691345408
1220260011525361665
1220260003560546304
1220259984392343552
1220259963286802433
1220259937856540673
1220259925986689029
1220259917019246592
1220259910744559616
1220259909637496832
1220259906009235458
1220259900988841984
1220259897503178752
1220259893300432896
1220259890985361410
1220259882932166656
1220259864594780161
1220259859213537280
1220259828343263233
1220259813331886080
1220259806671339521
1220259795350872064
1220259794675806210
1220259787218153473
1220259777378275328
1220259771061821440
1220259743366709248
1220259740879593474
1220259739122176001
1220259734231506944
1220259606527647744
1220259599707623424
1220259595878326273
1220259593625927686
1220259582317973504
1220259575070257153
1220259556263022597
1220259543676063744
1220259536889618433
1220259534490365952
1220259518803656704
1220259514227625984
1220259500155752449
1220259496951455744
1220259491809116162
1220259480073469952
1220259470493634560
1220259466232205312
1220259437484445696
1220259421818765318
1220259403514777600
1220259399391821824
1220259388784631809
1220259379510960128
1220259371931717632
1220259343897169920
1220259339417636865
1220259335068176384
1220259332417359877
1220259326465474560
1220259285466148864
1220259283813580805
1220259264536571906
1220259263664115712
1220259251983208448
1220259239144214528
1220259233633046528
1220259227291115520
1220259220349706240
1220259193791250432
1220259192616828928
1220259187671699456
1220259184454713345
1220259183339008000
1220259114271617024
1220259106608406529
1220259093157253120
1220259085964234753
1220259047288369152
1220259026522402816
1220259021115904000
1220258984906518529
1220258967697252353
1220258925070573568
1220258889603502080
1220258885769940992
1220258875141607424
1220258874315300867
1220258871987470336
1220258870951415811
1220258847463333888
1220258846041501696
1220258832598716416
1220258829775958016
1220258825166450689
1220258817465712640
1220258807223332869
1220258783760285696
1220258740835717120
1220258738667278337
1220258736599523328
1220258717775458304
1220258713568714757
1220258682316804097
1220258659306860545
1220258651249598465
1220258644933017600
1220258623068299267
1220258587332603904
1220258565832622080
1220258545062440962
1220258535927250945
1220258534778011648
1220258511453609984
1220258507288506368
1220258490976878592
1220258448153071616
1220258430088142848
1220258429475774464
1220258429115101185
1220258426850119680
1220258426321653760
1220258424895598597
1220258413118025728
1220258413071880192
1220258401172606976
1220258399910105089
1220258398253436928
1220258396324139008
1220258390045126657
1220258373800812544
1220258320558092288
1220258312844763137
1220258307165716481
1220258292326207489
1220258277814087683
1220258276647919619
1220258256523866112
1220258235170553856
1220258203302268928
1220258193793634304
1220258132536045568
1220258124327608321
1220258116102549504
1220258042760982529
1220258017809072128
1220258013065306112
1220257988532826113
1220257973773262849
1220257964545773568
1220257953720209408
1220257946455535618
1220257940973576197
1220257908895535104
1220257908572614656
1220257889476128770
1220257885101277184
1220257872673566720
1220257844341215233
1220257835763716096
1220257820643192832
1220257815857483776
1220257805661138944
1220257798258184192
1220257783418736640
1220257779614502912
1220257773109141504
1220257746995408896
1220257727949074432
1220257712014888960
1220257708340723713
1220257706562351104
1220257705337606145
1220257701596262400
1220257693903884288
1220257680385810433
1220257654968176640
1220257653051387905
1220257651310776320
1220257646323744768
1220257597497856000
1220257595040006144
1220257581639225344
1220257557232726017
1220257549129154560
1220257519777374209
1220257493382766592
1220257467541516288
1220257467398901760
1220257448809750529
1220257440198873089
1220257412847828993
1220257397802848256
1220257372863467520
1220257355318755328
1220257351170772993
1220257349945954304
1220257347244675072
1220257342471593985
1220257340659683328
1220257317871964160
1220257297735139329
1220257296208494592
1220257295625523201
1220257286167257090
1220257282170114054
1220257280244908033
1220257265459941377
1220257260762542080
1220257224917843968
1220257219364569088
1220257205297000449
1220257183356477440
1220257159968985088
1220257153253957632
1220257109276688384
1220257077982969857
1220257077089665024
1220257069204430849
1220257055228850176
1220257028247052288
1220257024484577281
1220257014229553152
1220256982885527552
1220256976569094144
1220256952908861440
1220256942347567104
1220256934856540160
1220256928623779841
1220256892779290625
1220256885338771456
1220256882130128896
1220256865981890560
1220256859317137408
1220256846792949760
1220256846549635072
1220256835199848450
1220256802614329344
1220256802320744449
1220256781756071937
1220256778295734272
1220256777079382016
1220256751808733184
1220256732561063937
1220256715502837760
1220256700617244672
1220256662185029632
1220256654647652356
1220256643071430657
1220256641683218433
1220256617897218049
1220256586519572480
1220256575589244928
1220256571676119040
1220256538851332097
1220256538373214208
1220256537085480965
1220256508199370752
1220256505938661376
1220256474238111745
1220256462955405314
1220256460824883202
1220256459444887553
1220256431279988737
1220256398400983040
1220256370173198337
1220256353383374848
1220256336526495744
1220256327483654144
1220256320143708160
1220256313885646848
1220256305719533568
1220256300266733569
1220256296349261824
1220256289009344512
1220256286693974016
1220256286161326087
1220256278930264064
1220256277517021184
1220256274773893120
1220256266498367489
1220256247942914049
1220256224001679361
1220256197263155200
1220256186584272896
1220256177692368896
1220256176128110593
1220256166502113282
1220256146096680961
1220256133828341760
1220256117554499584
1220256104552325120
1220256074986598400
1220256032066170881
1220256012692684801
1220255987602460672
1220255983089270784
1220255979293425665
1220255964667924481
1220255942735826945
1220255928156426240
1220255885919952898
1220255840940118016
1220255829208649728
1220255815921102848
1220255800817418246
1220255744865390592
1220255716646080513
1220255672803188736
1220255631065546752
1220255595225403392
1220255573796511745
1220255566326403073
1220255547187818501
1220255546655330304
1220255537775857664
1220255488908001280
1220255474270068736
1220255453709389824
1220255449754157056
1220255428317081600
1220255392426381312
1220255364320350208
1220255362407747585
1220255349791281152
1220255346461036544
1220255326248685568
1220255324050878464
1220255323098927104
1220255320531824640
1220255318908657665
1220255300692987904
1220255294954979328
1220255289611558912
1220255274855854080
1220255270112309249
1220255262767898624
1220255173840228357
1220255160015802369
1220255151736279040
1220255146963283968
1220255112502726656
1220255109658988545
1220255082089938945
1220255080294887424
1220255078117863424
1220255075215593472
1220255066885541893
1220255036191563776
1220255032291012608
1220255025877798912
1220255014326681602
1220254986438754308
1220254957208772608
1220254949759578113
1220254928670789633
1220254926208585728
1220254925814263808
1220254920684769280
1220254888371712000
1220254887973281792
1220254850803367936
1220269826045808640
1220269798891778048
1220269793208455168
1220269785939771394
1220269779463729152
1220269683867172864
1220269627793690624
1220269606318768130
1220269599809208320
1220269539046412288
1220269532205502464
1220269428652179456
1220269368115912704
1220269339334459393
1220269331738779648
1220269243373101058
1220269230471467008
1220269229854740480
1220269086661402624
1220269057288679424
1220268840925437952
1220268815134515200
1220268800995663873
1220268783371157505
1220268651250704385
1220268567163219968
1220268549115125760
1220268547441668096
1220268497860583426
1220268478206222337
1220268396866088961
1220268337965326336
1220268299889475590
1220268284639162369
1220268267777875968
1220268137767030784
1220268108604006400
1220268071606276096
1220268012982411264
1220267828743372800
1220267823383052288
1220267820354883584
1220267807247687680
1220267787005964288
1220267744110579712
1220267640343736320
1220267623381782528
1220267572228251648
1220267568952332288
1220267455190200320
1220267378321190912
1220267349887946753
1220267317055062016
1220267281437077504
1220267280900280320
1220267253750353920
1220267247979114497
1220267215527632897
1220267182615080961
1220267093435785216
1220267077509971968
1220266925424431104
1220266895141736448
1220266847422963712
1220266803621851136
1220266803097751552
1220266751155290113
1220266724429193216
1220266722495586309
1220266679025815555
1220266595899101185
1220266585643876352
1220266431352197120
1220266421814321152
1220266413962801152
1220266389908275201
1220266334698655744
1220266323843919872
1220266320949862401
1220266239580196864
1220266236040241153
1220266209356275712
1220266174535151616
1220266144038182912
1220266068603740160
1220266038907944960
1220265991600406530
1220265978120036352
1220265822800637955
1220265812881113094
1220265761614241793
1220265553220100096
1220265546752462848
1220265538087075841
1220265483657797635
1220265466217758721
1220265464993124353
1220265430125895680
1220265341760073729
1220265314367234049
1220265311095554048
1220265268888424448
1220265217734479872
1220265134213488641
1220265129540931584
1220265022393204736
1220264979615580162
1220264976939732993
1220264896140582912
1220264896006242305
1220264881070526464
1220264858685452297
1220264689717870592
1220264657685860353
1220264590275174400
1220264565168013312
1220264532867633152
1220264367616217088
1220264269406588928
1220264205187608576
1220264155627655168
1220264115937038336
1220264069803827200
1220264069535535104
1220264067924885505
1220264059108388865
1220263897388634112
1220263894213648385
1220263864937222144
1220263807886544896
1220263801704132608
1220263801431322626
1220263762835406848
1220263738445639680
1220263737703059456
1220263714990870529
1220263705440448512
1220263688667463685
1220263490931154944
1220263468747587584
1220263352116449281
1220263106301042688
1220263105902653441
1220263055373660161
1220263009005654016
1220262968681803776
1220262929301266432
1220262875635171328
1220262867053752320
1220262865980006401
1220262776918224899
1220262690670743552
1220262660526133248
1220262630977224704
1220262619459682305
1220262606205669377
1220262596915466240
1220262583493693441
1220262574123573248
1220262511846592512
1220262401033089024
1220262383551053824
1220262368778821634
1220262347631210496
1220262287899889664
1220262183289925632
1220262158086393857
1220262157125922816
1220262150716952577
1220262112800342016
1220262007129030656
1220261985033519104
1220261919971393536
1220261898781970432
1220261897720729600
1220261841667944453
1220261810999304192
1220261796851748864
1220261790497542145
1220261774747951104
1220261742762061824
1220261715021107200
1220261601544228864
1220261578521677824
1220261503015817216
1220261455280463872
1220261370727477249
1220261359834714113
1220261296664240128
1220261295175258112
1220261287390842882
1220261278477766656
1220261271016300544
1220261238858559489
1220261075523899392
1220261033354203136
1220261016048631809
1220260956430692352
1220260946641408000
1220260926173208577
1220260887598157825
1220260870388731904
1220260854802739200
1220260820208312322
1220260786104422400
1220260752247967745
1220260690885271552
1220260577597063169
1220260540292960256
1220260468146757632
1220260454825525248
1220260426602053632
1220260420025405440
1220260416468803584
1220260404242214914
1220260402744811520
1220260394821922817
1220260362299301888
1220260357182193664
1220260347313119232
1220260340602167297
1220260313229971456
1220260307337170945
1220260279298084864
1220260246008008705
1220260220313591808
1220260169696804865
1220260060892364800
1220260016759832576
1220259902268092418
1220259879534743553
1220259855287476224
1220259729718431749
1220259690417770498
1220259644758790144
1220259547107012608
1220259487564562433
1220259466341502976
1220259400239071232
1220259347659460608
1220259273994686465
1220259261504245760
1220259257129611265
1220259200380686336
1220259173595664385
1220259159767158789
1220259059711934465
1220259014736433152
1220259007690092544
1220258966443188225
1220258935237513216
1220258929546055680
1220258884851400706
1220258847249428482
1220258810423414786
1220258775518629889
1220258751732686848
1220258733181136896
1220258661626310656
1220258657004212226
1220258656215818243
1220258501697687552
1220258462262800385
1220258443023355904
1220258424908386304
1220258414703464448
1220258392259694592
1220258382608646144
1220258126743703552
1220258107944849408
1220258083915665408
1220258016060235777
1220257994409037824
1220257955830026240
1220257906496397313
1220257890105036801
1220257884170145792
1220257856760446981
1220257836862705665
1220257832806670336
1220257824871190528
1220257807837974530
1220257716708483072
1220257647485771776
1220257636253224961
1220257623863369729
1220257578111901696
1220257387988189185
1220257331176337409
1220257318471757824
1220257248401817600
1220257201446707200
1220257171839115264
1220257104314789889
1220257090045792256
1220256971225468928
1220256943211786241
1220256940997169152
1220256853982052352
1220256852417511424
1220256845933293568
1220256802891321344
1220256723509874688
1220256704350343170
1220256701762490373
1220256680337739777
1220256676298625026
1220256665775280134
1220256570292031488
1220256553313427456
1220256551858057216
1220256544778006528
1220256478315061248
1220256429933826048
1220256385948102657
1220256353861754880
1220256325051076608
1220256323150872576
1220256315705946112
1220256291999768576
1220256205215395841
1220256163859701760
1220256155395674112
1220256153004920833
1220256146591834112
1220256056762425344
1220255963195826176
1220255962000265218
1220255934254989312
1220255929070956544
1220255848309514240
1220255841611173888
1220255805968015362
1220255805422915584
1220255789824323584
1220255788301717504
1220255685847502848
1220255682538037248
1220255680944386048
1220255656294469637
1220255621989175296
1220255583862956032
1220255578938904576
1220255540556767239
1220255537108901888
1220255474047537156
1220255465537441793
1220255403000389633
1220255401062621184
1220255314164895745
1220255300202053632
1220255294208516097
1220255250365370368
1220255246527561728
1220255232984305664
1220255215817043970
1220255181536886784
1220255160859004928
1220255106211483648
1220255098963664896
1220254991174262786
1220254863457583106
1220254862807461888
1220269692821987328
1220268896151728128
1220268881429790720
1220268373440753669
1220268333720752128
1220268200178249729
1220267878412242945
1220267539223150592
1220267536098349056
1220267220971900930
1220266828888326144
1220266257829646336
1220266150694551552
1220266083787034624
1220265828458778624
1220265816030973952
1220265512099172357
1220265152651464705
1220264103270219776
1220263738156040192
1220263680152989703
1220263592546594818
1220263134985719811
1220263007030132738
1220262881956024320
1220262597708197889
1220262532151070721
1220262525163327491
1220262444662026242
1220261651208900608
1220260580768075776
1220260161069047810
1220260037014118400
1220259925554630656
1220259752745275392
1220259713868169218
1220259566815825922
1220259428609347585
1220259244311629824
1220259204855787521
1220259093853691911
1220258943374479365
1220258656324767746
1220258416238694400
1220258346697031680
1220257988641820672
1220257684185739264
1220257674178129920
1220257552744640513
1220256704736178176
1220256602000785408
1220256181106679808
1220255675495804928
1220255032903290880
1220269938692296705
1220269893049696256
1220269886221574144
1220269883264339968
1220269882081591296
1220269881582551041
1220269811025891328
1220269751911534592
1220269672106536962
1220269661708636160
1220269646772760576
1220269634458394629
1220269581295591426
1220269566988713984
1220269563754860544
1220269492196007936
1220269460797435909
1220269447916572673
1220269440182321153
1220269440052236293
1220269434335457280
1220269390978895874
1220269285471178752
1220269258690584577
1220269234451664896
1220269226427965440
1220269183201615873
1220269174963998720
1220269142080536576
1220269137533865984
1220269135713619968
1220269066411225088
1220269043426324480
1220268969166286853
1220268891689160704
1220268856591077377
1220268856460972032
1220268818225745920
1220268761086820352
1220268698264580096
1220268689213345792
1220268682095366144
1220268680623218688
1220268600474226691
1220268593700638720
1220268585517322245
1220268561874087936
1220268494178127872
1220268448422301698
1220268441124233216
1220268401035071488
1220268278238433281
1220268204951343104
1220268194247606274
1220268142548615173
1220268101561774082
1220267932745256961
1220267878026317825
1220267855406485504
1220267848481656832
1220267824691777537
1220267813736083457
1220267761198227457
1220267751421419521
1220267672576778240
1220267670165045248
1220267632361783296
1220267551961362433
1220267538589736960
1220267509548552192
1220267491718352897
1220267470251950080
1220267414312538114
1220267406725017600
1220267210943238144
1220267203938770944
1220267180056551424
1220267150692274176
1220267131079495680
1220267114176507910
1220266978431995909
1220266930872844288
1220266925718036481
1220266852250574848
1220266792121094145
1220266640392118272
1220266627712745472
1220266570397687809
1220266547526037504
1220266543713378304
1220266537006714880
1220266508296699904
1220266420166189063
1220266412758855680
1220266377447079937
1220266328134692865
1220266325198532614
1220266280776654849
1220266257397583873
1220266252154765313
1220266247776079872
1220266225021767680
1220266168394534912
1220266143132409857
1220266132000690176
1220266096533692416
1220266086483972096
1220266081803100161
1220266036563304448
1220266021635837954
1220266018905309185
1220266000068874241
1220265997896224768
1220265976756703232
1220265958016634881
1220265797223927808
1220265795390885888
1220265789598519302
1220265737425735685
1220265705116844032
1220265688574525441
1220265682593386497
1220265650884493312
1220265639018844161
1220265605195915264
1220265594806603777
1220265573180956673
1220265507850543104
1220265488669802496
1220265481229062144
1220265473272512513
1220265418935263233
1220265358084509696
1220265350794596354
1220265340715896833
1220265339285594117
1220265301176016897
1220265297430466560
1220265252626911233
1220265223069802497
1220265207840178176
1220265187976056832
1220265166773706752
1220265157999255552
1220265148977426433
1220265134918131712
1220265115129241600
1220265101745381376
1220265090198339584
1220265081889574912
1220265025912233984
1220265008753307654
1220264908274700288
1220264852431654913
1220264852112830465
1220264812543926272
1220264811109289985
1220264806063542277
1220264802255175680
1220264769426350080
1220264766008020992
1220264764267429888
1220264755371368449
1220264753630732289
1220264745900683265
1220264744512294913
1220264732369788929
1220264715718447104
1220264684097429504
1220264680381276160
1220264643702116354
1220264590727995392
1220264497593507843
1220264424176607232
1220264400466038785
1220264364067844096
1220264342181969920
1220264307297898497
1220264295067521024
1220264170651672578
1220264118583619584
1220264040934457345
1220264039059795969
1220264026405396480
1220264011427536896
1220264004985057280
1220263989336137729
1220263971040583680
1220263967983132674
1220263964161896448
1220263931958059009
1220263917328441344
1220263873829228546
1220263841688240128
1220263815608094721
1220263813900947457
1220263754769879040
1220263750558576641
1220263692287135745
1220263609072345089
1220263599249080320
1220263583193239552
1220263521616715776
1220263484027392000
1220263381547929600
1220263373616623616
1220263333040771072
1220263317299716096
1220263248903032833
1220263216007143424
1220263110826553344
1220263076626423809
1220263068111974400
1220263000730480640
1220262988633997312
1220262972632621057
1220262963409494016
1220262950885183488
1220262942853087237
1220262764192518145
1220262727119228928
1220262705723887616
1220262598609899521
1220262597745762304
1220262518637170688
1220262486810619904
1220262443961679874
1220262441323384833
1220262263069671424
1220262184682430465
1220262114717097984
1220262013290590209
1220261878510780417
1220261859279851520
1220261808189014016
1220261747329683456
1220261735208292352
1220261698478772224
1220261684230516738
1220261675934158848
1220261613787324416
1220261571554770949
1220261566647431168
1220261522913411072
1220261492215492609
1220261488624951298
1220261409495437312
1220261312308989952
1220261262589857795
1220261241223929857
1220261224304136192
1220261218914578432
1220261072814460928
1220261065445072896
1220261006212861952
1220260999783055361
1220260902160818176
1220260882975870976
1220260817028837376
1220260789438648321
1220260739648122880
1220260737634820102
1220260619796066304
1220260591576576000
1220260591132139520
1220260578016423936
1220260486714777605
1220260404884058112
1220260396508028929
1220260383891607552
1220260347409502208
1220260343827632128
1220260310365265920
1220260164663676929
1220260047080411136
1220260032866144256
1220260020153126912
1220259956538007552
1220259875281727489
1220259863625785346
1220259863441354752
1220259815995461632
1220259813910728704
1220259771422429184
1220259758629765121
1220259719274590208
1220259674785603584
1220259667529666561
1220259652702588928
1220259629814272001
1220259571911913472
1220259499275059200
1220259493440700417
1220259445818527744
1220259365241802753
1220259355188027392
1220259223327662085
1220259099335700480
1220259084600954882
1220259078150115329
1220259068268490752
1220259008142905345
1220258985716133888
1220258980641103873
1220258910680027136
1220258897556013056
1220258864504954882
1220258787489021952
1220258766349832192
1220258720040607744
1220258699144564736
1220258658824552453
1220258551832043522
1220258481384517633
1220258432122384384
1220258259191255040
1220258216749088769
1220258148163846144
1220258128861650944
1220258121022672896
1220258094602760192
1220258078421143552
1220258021860757504
1220257981167624192
1220257874133295105
1220257845507084288
1220257817493495808
1220257811835379712
1220257796974772224
1220257757338599429
1220257755719786497
1220257715152392193
1220257689462116357
1220257642204909568
1220257561804447744
1220257555081048064
1220257534549921792
1220257476076900353
1220257474277728259
1220257470532157440
1220257418099093506
1220257411706974208
1220257357281628160
1220257343901822976
1220257253711728640
1220257250855542784
1220257183197270017
1220257168244404227
1220257109629116418
1220257095817129986
1220257025109774342
1220256990078746625
1220256987449122817
1220256974736150528
1220256953688965120
1220256936462929920
1220256895426007041
1220256874186117121
1220256858159472640
1220256731412029441
1220256722033373184
1220256670053326850
1220256649925087232
1220256573932687362
1220256536678846464
1220256477333598208
1220256471054573568
1220256465719443456
1220256459784507394
1220256435180843008
1220256383435563008
1220256213776130049
1220256162781646849
1220256097962844161
1220256023191011328
1220256020162736131
1220255964164739075
1220255935404183552
1220255869348143106
1220255728557940736
1220255694764609539
1220255687525027841
1220255670722646017
1220255669351260160
1220255646827843585
1220255604012470278
1220255593916764161
1220255546936373249
1220255461531742208
1220255428019466240
1220255388483776513
1220255072673726465
1220255053925298176
1220255008815505408
1220254947528171520
1220254891605745664
1220254886366978049
1220254859850444800
1220269640946814976
1220269559266955264
1220268951206334464
1220265933094014976
1220265785676922880
1220265066005659649
1220264410800803841
1220263519268016128
1220262596021874688
1220262186041384961
1220256043944435712
1220255322062741504
