1220239718119546880
1220239713635749888
1220239709034565632
1220239642273964034
1220239586150010880
1220239415542415360
1220239345266769921
1220239311733514240
1220239281853042688
1220239267751960576
1220239229009235968
1220239207043608576
1220239198109732864
1220239090790096896
1220239014462181376
1220238911609430016
1220238849919549440
1220238835348455424
1220238738283995138
1220238700711481345
1220238677592412161
1220238655396155392
1220238646437208064
1220238638279208960
1220238629492183041
1220238596835364865
1220238590900305920
1220238585942757376
1220238570746793984
1220238560835534850
1220238532889006080
1220238510260662272
1220238486093139968
1220238451305521153
1220238412520640512
1220238362415681537
1220238334397702144
1220238245017026560
1220238240210395136
1220238213626892288
1220238102301757442
1220238021976641542
1220237963386347521
1220237962962767872
1220237903634124800
1220237864929071107
1220237854267232256
1220237835422371841
1220237786873155585
1220237655654440961
1220237598100217856
1220237352724881408
1220237253043216384
1220237152317067265
1220237130921861120
1220237051435503616
1220237004883013635
1220236972553207809
1220236965024620546
1220236952395370496
1220236903376572418
1220236833717653504
1220236689072742400
1220236583674118144
1220236557451513856
1220236456461000704
1220236390149099520
1220236364970512385
1220236299539378177
1220236269835321344
1220236266228211712
1220236254006018049
1220236208527286272
1220236197475172352
1220236171713949696
1220236151577042944
1220236036950962176
1220235967556210690
1220235635916541952
1220235417145856000
1220235397223059456
1220235381221863430
1220235346102734848
1220235318160285697
1220235185658191872
1220235079986765824
1220235064719613952
1220234975829585920
1220234914819231747
1220234893227122688
1220234874226978816
1220234848062922753
1220234787564281856
1220234608475660288
1220234529161535489
1220234336429056001
1220234287338938368
1220234175040483328
1220234051296092160
1220233908974968832
1220233881485316097
1220233828884762624
1220233798282928129
1220233790955507713
1220233720327626752
1220233693052063752
1220233679445774336
1220233646285692928
1220233574621773824
1220233519500128256
1220233306509316097
1220233248803962881
1220233199105662976
1220233021498019840
1220232987649957891
1220232936877973505
1220232935007080449
1220232907668840449
1220232790068822017
1220232761148968960
1220232733718302721
1220232694358999040
1220232603011125248
1220232527748587521
1220232454025310208
1220232411331678209
1220232398249455617
1220232356243611648
1220232209568804864
1220232174894493696
1220232169110540289
1220232168229744640
1220232014218977280
1220231970975899649
1220231858501242880
1220231837085077504
1220231795104526336
1220231708550803456
1220231652837744642
1220231605895098368
1220231568662417408
1220231558210170881
1220231319927644161
1220231234673987585
1220231231691902976
1220231095473647616
1220230971112341504
1220230919958736896
1220230817621766145
1220230814371237888
1220230602776965120
1220230568270450690
1220230380130717696
1220230274581057536
1220230234496106496
1220230072251977729
1220229813786554368
1220229783948165121
1220229758467944454
1220229741103345664
1220229722904367105
1220229689211412482
1220229639689232385
1220229564921786368
1220229494075613184
1220229396788891649
1220229272561844224
1220229243369480193
1220229177808318464
1220229160288903178
1220229047730393088
1220229034015100928
1220229004830990336
1220228972958621696
1220228884920057861
1220228870093197313
1220228805169561601
1220228796403666944
1220228728128667649
1220228654556483584
1220228596893212672
1220228593084702720
1220228588953382913
1220228524637937665
1220228486540992512
1220228480454971392
1220228333331341312
1220228325290991616
1220228090309365760
1220228079123075073
1220228031974785025
1220228031165411329
1220227851179347968
1220227822356025344
1220227688251654144
1220227682589270016
1220227668672598016
1220227627320934400
1220227620564062208
1220227591111696384
1220227548535083013
1220227467580862464
1220227455408955392
1220227423498731524
1220227374215618560
1220227322374082560
1220227261917515776
1220227246297841664
1220227238546640898
1220227210000224256
1220227189695746048
1220227164370538496
1220227110276456448
1220227090823307265
1220227041187909633
1220227010179416064
1220227008082264064
1220227007323049986
1220226907758723072
1220226895574380545
1220226861470322689
1220226843640520704
1220226841069273088
1220226721867108352
1220226683652988933
1220226671841669120
1220226643785961473
1220226485182615553
1220226458146213889
1220226406195572739
1220226293238784001
1220226197017255936
1220226064166924288
1220225999184392192
1220225965130952705
1220225874404028416
1220225744548352001
1220225643117469702
1220225587681218560
1220225478138548224
1220225435235123200
1220225424753487874
1220225377169215488
1220225351898497024
1220225346168999936
1220225344982024193
1220225343220527107
1220225342897446912
1220225278527492096
1220225238094483456
1220225213654323200
1220225195522318337
1220225170692026369
1220225067872931841
1220225032078553088
1220224980509712390
1220224969260531712
1220224720592728064
1220239739774754821
1220239736096182272
1220239721340833792
1220239720485048326
1220239708686434306
1220239695000375297
1220239680664260608
1220239666353336321
1220239660409970688
1220239656878530560
1220239653665673217
1220239642726948869
1220239641007161344
1220239627572908033
1220239607364587520
1220239601043824642
1220239588851011584
1220239530566934529
1220239518198046720
1220239495527723008
1220239485369061378
1220239469959245824
1220239468482818048
1220239465983008769
1220239458013810688
1220239454037626882
1220239440955629568
1220239428238491648
1220239415756410880
1220239412514246657
1220239412325306369
1220239394302349312
1220239393023127552
1220239388925419520
1220239387163652096
1220239355979149313
1220239334713876482
1220239327663357952
1220239326509821952
1220239326094577665
1220239324215758848
1220239323750117376
1220239305538359296
1220239284902322176
1220239282583019520
1220239216623247360
1220239205466427394
1220239191067578368
1220239187242184704
1220239177880502273
1220239169621917696
1220239152110886918
1220239149854146560
1220239123035746304
1220239100764180480
1220239089334550529
1220239031772028928
1220239014571069440
1220239011416903681
1220239000306249728
1220238997219201025
1220238994526613504
1220238987370975232
1220238965694816256
1220238965124497408
1220238947739226113
1220238944417116160
1220238942437507072
1220238929833549824
1220238924724834304
1220238922715930624
1220238911773007873
1220238904252485632
1220238899307413504
1220238898770694144
1220238877983559680
1220238872979750912
1220238872027652099
1220238865400619008
1220238846136328194
1220238840251801600
1220238839064621057
1220238825420554241
1220238808009957376
1220238781455814656
1220238760429834240
1220238756147539970
1220238727617765377
1220238710542716929
1220238708684677120
1220238684605181952
1220238682134728705
1220238678338891778
1220238671103741952
1220238641957462016
1220238633413697536
1220238625608065024
1220238625079734272
1220238614707105793
1220238610026254336
1220238556515356674
1220238544909656064
1220238508977115137
1220238506745901056
1220238492686372864
1220238472360820740
1220238470506897408
1220238467386499072
1220238460717416449
1220238454002290690
1220238441138610176
1220238430799421441
1220238426278178818
1220238422201204736
1220238389699432454
1220238377758289920
1220238355566190592
1220238345759948800
1220238331918733312
1220238310133518336
1220238302751657984
1220238282774253568
1220238273722884096
1220238255410438145
1220238243393941506
1220238235680423937
1220238208023183360
1220238206295330817
1220238200981147648
1220238199571632129
1220238188675043329
1220238161248317440
1220238157532151808
1220238155321733120
1220238150070689793
1220238149764440065
1220238132953567232
1220238122803294214
1220238120668540928
1220238118760132608
1220238117883514880
1220238100992970754
1220238093036294144
1220238085163814912
1220238082688999424
1220238077077016576
1220238074447368192
1220238059028877312
1220238051814731776
1220238030725926917
1220237989248294914
1220237987750899712
1220237984559067137
1220237979987300353
1220237955391868928
1220237900538880000
1220237894218080256
1220237879932178432
1220237872873127937
1220237871988297728
1220237869840601088
1220237843794022400
1220237842384814080
1220237819525812225
1220237815578910720
1220237810453508096
1220237801473613824
1220237793613340675
1220237777683402757
1220237754027528192
1220237749090832386
1220237747052523521
1220237740752556032
1220237739918069760
1220237732326207488
1220237704031395841
1220237697647665153
1220237696171298816
1220237674146983938
1220237664194088960
1220237628810973185
1220237626957082624
1220237616206860288
1220237613082337287
1220237535449772032
1220237528659136512
1220237519058395138
1220237500108558341
1220237496224600065
1220237461495808001
1220237452801191936
1220237446589403137
1220237443686776832
1220237441358950401
1220237440796905473
1220237439567941632
1220237438901280768
1220237434610302976
1220237431221284874
1220237410744729601
1220237398908362754
1220237392738541568
1220237386975547403
1220237376531894272
1220237367581335552
1220237359133810688
1220237354746564608
1220237338724294657
1220237333917683712
1220237324459528192
1220237315982815232
1220237288728297472
1220237286316658689
1220237281014865920
1220237257707266049
1220237255203115010
1220237230494699520
1220237210252767232
1220237201100943360
1220237196315131904
1220237177294151681
1220237168985047040
1220237159656902657
1220237153797492736
1220237145132036096
1220237130527461376
1220237130326106112
1220237129353007104
1220237125884379136
1220237120591130624
1220237090379702274
1220237081793794050
1220237071601688576
1220237055625592832
1220237035472130048
1220237028752863237
1220237023296000000
1220237003385724929
1220237002055962624
1220236990790033408
1220236986746798080
1220236972838440960
1220236967062863874
1220236955209715714
1220236955180568576
1220236945709785089
1220236939292483584
1220236934313914368
1220236924637663232
1220236899752693760
1220236886859550721
1220236829514878977
1220236823730872321
1220236812997795841
1220236809701068803
1220236786078584832
1220236761630035968
1220236759591600130
1220236756265684992
1220236740020977666
1220236738934607872
1220236733737865216
1220236723952635904
1220236712586072064
1220236674111807488
1220236669015576576
1220236662195834883
1220236627425026048
1220236603311837184
1220236593476308992
1220236592352116736
1220236585150500864
1220236582419976193
1220236576334082049
1220236546235719682
1220236543203241985
1220236539034095616
1220236534030524416
1220236496155922432
1220236470272704512
1220236464262242304
1220236443919892480
1220236443026698241
1220236434402971650
1220236402778157057
1220236384654577666
1220236367696777216
1220236367214661632
1220236358985318401
1220236337388802048
1220236324885524480
1220236320406044673
1220236316035538944
1220236313485426689
1220236279977259008
1220236264504344577
1220236218299895808
1220236184909119488
1220236181352275969
1220236167573983238
1220236160720609280
1220236137685368832
1220236121680027648
1220236116357500934
1220236109025816577
1220236093838114818
1220236058329108480
1220236051073003522
1220236036653010944
1220236029929623553
1220236025135415299
1220236017795358720
1220236011537498112
1220235957212872711
1220235924111388672
1220235908764430337
1220235905899778048
1220235872089468930
1220235862438379520
1220235843656249345
1220235842943361024
1220235789868494850
1220235782063038464
1220235780372795394
1220235759472369665
1220235754338689024
1220235747547959296
1220235721308434432
1220235713406308352
1220235703033819137
1220235694213197824
1220235684251754496
1220235679193423872
1220235667415937024
1220235626936598528
1220235611644149760
1220235582095253505
1220235575208247296
1220235561555808256
1220235561325039616
1220235555553726465
1220235551229374465
1220235547232415744
1220235544426188800
1220235526009237504
1220235524645851136
1220235489405362176
1220235481826283524
1220235464923181057
1220235453292376064
1220235444715061248
1220235443259637761
1220235440508162048
1220235428571172864
1220235414411317249
1220235414075609090
1220235397646647297
1220235377270644738
1220235354239913985
1220235349084889091
1220235335029817344
1220235331309428737
1220235321226354688
1220235320224034816
1220235314490269704
1220235257590505472
1220235253945528321
1220235249705279488
1220235236971175936
1220235218768007168
1220235204993765377
1220235201281871878
1220235174094356480
1220235156058886145
1220235149125701637
1220235143857598466
1220235142653808640
1220235129445961728
1220235119874756609
1220235112929026050
1220235088257961984
1220235082310406144
1220235081714933760
1220235051075543040
1220235048886001664
1220235032901640192
1220235012869632000
1220235012798205952
1220234999946891264
1220234987594633219
1220234983840706563
1220234980258918400
1220234966031831041
1220234954329640962
1220234932192071681
1220234925057748993
1220234917264543744
1220234915662454785
1220234891540852736
1220234879943741440
1220234871206891520
1220234857038503936
1220234835668561920
1220234833474932736
1220234825505935363
1220234821525438464
1220234818115403776
1220234811845025793
1220234805515882496
1220234786947551232
1220234781293568000
1220234742618099712
1220234731809312769
1220234709214560257
1220234674846351361
1220234671507697664
1220234660933971968
1220234654554390528
1220234651001688064
1220234625072500736
1220234618109976577
1220234606491779073
1220234566327103488
1220234565102358528
1220234559754625025
1220234556411793408
1220234537608740864
1220234525222952961
1220234522643460096
1220234507716112384
1220234498094186497
1220234481757376513
1220234480545218560
1220234465777278976
1220234456356667392
1220234454641176576
1220234445736644608
1220234438988034048
1220234429752209409
1220234424484352000
1220234417492283393
1220234389084225536
1220234387066781696
1220234379818979328
1220234329281839110
1220234324898791431
1220234315046350848
1220234291264684033
1220234289414979584
1220234288102141952
1220234284633657345
1220234283073171457
1220234281349332992
1220234280246239233
1220234279340380160
1220234274907009024
1220234268888010752
1220234267365502976
1220234265142517760
1220234257676656640
1220234235413319680
1220234228186542080
1220234204476084224
1220234200604766208
1220234199589801984
1220234199099039746
1220234170498109442
1220234156342333440
1220234136234807296
1220234135957987330
1220234096774930432
1220234084468719616
1220234076881162240
1220234071642529792
1220234067318202369
1220234064419938304
1220234064394768384
1220234057683914752
1220234057000218624
1220234054525521920
1220234051073662976
1220234038163668994
1220234037404434433
1220234027837165568
1220234016500043777
1220234014147084288
1220234010695102464
1220234003606691840
1220234002239385600
1220233976041787392
1220233950741790720
1220233950221631488
1220233931745718272
1220233930244124672
1220233929455587329
1220233925114519552
1220233904121999360
1220233896694026244
1220233893548183553
1220233893481070592
1220233884069244928
1220233876288700416
1220233863324229635
1220233853660327936
1220233851294769152
1220233842180554752
1220233822899326977
1220233816213639168
1220233774480277504
1220233770202099712
1220233745287901184
1220233732088459264
1220233704150224896
1220233696277680129
1220233681236684801
1220233669949808641
1220233659606679552
1220233659145277441
1220233630355558401
1220233622311047168
1220233614819856384
1220233583366795264
1220233560893816837
1220233555634081793
1220233532758466565
1220233493424197633
1220233473996115968
1220233457445621760
1220233444325593089
1220233444283674625
1220233440164904960
1220233435547160577
1220233429830316032
1220233416395739136
1220233410809077760
1220233405796798467
1220233401807953920
1220233400134488064
1220233399702392832
1220233395050962944
1220233392257556480
1220233388034076672
1220233380350103552
1220233375882997760
1220233367645343746
1220233365237846016
1220233359646810112
1220233337966678016
1220233324980948992
1220233305100095488
1220233288851300355
1220233282689937410
1220233275219857409
1220233252050493440
1220233247134605313
1220233227622707204
1220233221935263744
1220233212515045378
1220233184664834049
1220233138179174400
1220233125281689600
1220233111880925184
1220233105685893120
1220233069753438208
1220233069719769088
1220233055345856515
1220233050727911425
1220233023062528000
1220233005047791616
1220232996487409664
1220232993136136192
1220232959912865793
1220232914216136704
1220232913007939584
1220232908817879041
1220232905743466497
1220232905689092098
1220232891210162176
1220232886172835847
1220232885250052096
1220232857026736129
1220232843478982656
1220232841679851521
1220232840798826499
1220232837695266818
1220232830636232704
1220232815104516096
1220232813649129472
1220232812470722561
1220232807403802624
1220232799052939264
1220232788521234433
1220232768510033920
1220232761509703681
1220232747681107968
1220232735379349504
1220232732157997061
1220232731826757634
1220232707755532290
1220232697957609474
1220232673454518272
1220232671139258369
1220232670384312320
1220232659621662720
1220232656434024449
1220232645788848129
1220232633373753345
1220232619977142272
1220232610015694850
1220232582954090497
1220232562326589441
1220232559285559299
1220232545087848448
1220232535239561216
1220232531125178368
1220232529375948805
1220232529053147136
1220232509025214466
1220232503560044545
1220232500774981632
1220232491887448064
1220232481003266049
1220232476917764096
1220232472035610624
1220232469514874880
1220232462430662656
1220232454910300160
1220232454730022912
1220232446068719616
1220232441404649472
1220232435301961728
1220232411193204741
1220232404536705026
1220232394805956609
1220232389781180416
1220232374576959489
1220232352116273152
1220232348391956481
1220232346412167169
1220232341911568385
1220232340288475137
1220232333481005061
1220232321900728320
1220232312039735297
1220232310097768448
1220232305605668864
1220232305505185826
1220232300773793792
1220232277923221504
1220232254150057989
1220232248084951040
1220232242523324416
1220232239981703168
1220232228266893312
1220232208532656128
1220232194800545794
1220232192074317824
1220232191730274304
1220232190916624384
1220232189226311681
1220232177763352577
1220232176236523520
1220232173795414016
1220232152375148544
1220232141637767168
1220232137330180102
1220232133752446977
1220232131940700160
1220232129230987264
1220232126861172738
1220232124948566016
1220232124378169344
1220232116924899329
1220232112948703232
1220232110440505344
1220232097811464194
1220232065683058688
1220232058976366594
1220232048880824320
1220232048859725829
1220232045508431872
1220232032615141377
1220232031721754624
1220232021458354176
1220232014290227200
1220231994317012992
1220231988855967744
1220231984712044546
1220231975761371136
1220231973005754368
1220231966798290946
1220231957226889216
1220231944224628736
1220231931616546822
1220231927908597760
1220231901165735936
1220231875429421056
1220231865367396352
1220231864297951232
1220231856760639488
1220231844215394304
1220231843099734017
1220231838259535872
1220231836086849537
1220231832081317888
1220231804138881036
1220231803841261569
1220231798963073024
1220231742415568896
1220231741895516162
1220231727890620416
1220231723813720064
1220231700388564992
1220231693233197056
1220231687256150017
1220231687142928385
1220231672370585601
1220231668616679425
1220231660719001600
1220231648207204352
1220231636312260609
1220231625784483841
1220231618058584065
1220231613033799680
1220231593677205504
1220231592481701888
1220231583308767232
1220231570298064896
1220231562328829952
1220231560974090241
1220231525947428865
1220231493714202626
1220231487175319552
1220231486814720002
1220231462412140544
1220231460080062464
1220231446377295873
1220231443558723585
1220231427867934720
1220231424864706560
1220231416983646208
1220231414316195840
1220231404555915265
1220231403406872577
1220231398566420480
1220231392078057472
1220231383366291456
1220231381252395008
1220231369583783936
1220231342929018881
1220231341180178433
1220231316525813760
1220231309819248640
1220231299165818881
1220231289506156544
1220231269281189888
1220231256941555718
1220231236318187520
1220231233080160256
1220231229313703936
1220231196082200577
1220231191619461121
1220231172841713664
1220231170027220992
1220231164331352064
1220231147436703745
1220231123034202112
1220231118907043840
1220231111566974976
1220231107771109376
1220231107112849408
1220231089685270528
1220231076934639616
1220231072970985472
1220231064322564096
1220231056139472897
1220231044521029635
1220231032533729283
1220231014628364289
1220231004951994368
1220231002192334849
1220230989961560064
1220230979815714817
1220230970265104386
1220230965160624128
1220230958172913664
1220230937381761025
1220230933401493504
1220230920348684288
1220230914766041089
1220230867139694592
1220230848718331904
1220230821480546305
1220230820780109824
1220230811523223552
1220230798634188801
1220230791315148800
1220230791247958016
1220230776463200256
1220230774529515520
1220230731470909440
1220230718812573697
1220230713774989312
1220230712764387328
1220230674520522755
1220230635379249152
1220230626076393472
1220230604568121344
1220230585890807808
1220230561496731648
1220230556853710848
1220230530790150144
1220230503195766785
1220230497747468290
1220230485390938112
1220230485198229504
1220230468630536192
1220230417762177024
1220230406026350593
1220230351760457729
1220230323365187584
1220230277311516672
1220230255937499137
1220230211582578688
1220230210433347585
1220230182826430464
1220230179580084224
1220230166762274821
1220230144629116928
1220230141315407872
1220230140564623360
1220230098579681281
1220230070863908864
1220230069249024000
1220230062093426688
1220230059090272257
1220230052303884289
1220230048042684416
1220230030967500800
1220230025296982016
1220230013913419777
1220230009551347712
1220229984465252352
1220229982074486784
1220229976441720835
1220229949388288002
1220229903280304128
1220229894149271552
1220229875312689152
1220229865560920065
1220229865263157249
1220229847970041858
1220229833302650880
1220229830983266304
1220229818312056832
1220229810548563969
1220229809730736129
1220229794920632320
1220229783637807104
1220229775270105088
1220229752448933889
1220229752083992577
1220229750649548800
1220229717728604161
1220229707632795649
1220229707490381825
1220229706282176512
1220229702838710274
1220229702721269766
1220229677983252483
1220229646890852354
1220229640653983746
1220229629161590784
1220229603966406656
1220229590318309376
1220229571951218688
1220229561184444417
1220229551503990785
1220229537872711680
1220229518339690497
1220229507816157184
1220229507530932225
1220229506037796865
1220229480855158784
1220229457484451841
1220229455412514816
1220229453722345472
1220229453302755328
1220229444180140032
1220229429152092160
1220229427834998784
1220229399838109697
1220229397749194752
1220229386663690241
1220229344972304385
1220229339775672321
1220229339494506497
1220229330422206464
1220229320922107904
1220229310495068160
1220229300940443653
1220229275065798656
1220229250747392000
1220229247387742208
1220229231709425664
1220229219063484416
1220229212436602880
1220229186196922368
1220229157499502592
1220229152676052992
1220229145776381952
1220229139011121152
1220229138646044677
1220229136448253953
1220229118207369216
1220229113908211717
1220229103569125376
1220229097344794624
1220229075769417729
1220229058652463104
1220229057737920512
1220229043930329088
1220229011558649857
1220229010099068928
1220229005766324224
1220229004130570240
1220228984312479744
1220228975483482115
1220228903785992195
1220228890334920704
1220228887193350144
1220228881606569984
1220228876087021568
1220228869816348672
1220228863168401408
1220228858101870592
1220228837478412288
1220228812119494657
1220228804922109952
1220228798953611264
1220228789780660225
1220228780599328769
1220228754624016386
1220228736005492737
1220228706511310848
1220228696339963904
1220228695803252736
1220228668137492480
1220228663247015936
1220228638030757891
1220228614009942018
1220228583756427265
1220228528567771139
1220228527670222848
1220228494375837701
1220228454609637376
1220228431331446785
1220228430479941632
1220228419411152897
1220228378743255040
1220228374028668928
1220228369083592704
1220228353808048128
1220228353493389312
1220228315954536448
1220228292256522240
1220228285151367169
1220228270702108672
1220228268818755584
1220228259784380416
1220228243476729857
1220228240020688896
1220228220991066112
1220228196626501632
1220228175214432257
1220228159590649856
1220228141911814151
1220228125969145856
1220228120571080705
1220228082054774784
1220228063029424131
1220228029701427200
1220228014392463360
1220228010579841031
1220228005923934209
1220228002841350145
1220227960377995264
1220227953713389568
1220227927981330433
1220227924315402240
1220227916434268160
1220227901070757888
1220227872524140545
1220227863401529346
1220227849375887360
1220227845747826688
1220227841830244353
1220227834372747265
1220227826122514432
1220227818509877248
1220227799488684033
1220227790861004800
1220227774654189573
1220227772871659521
1220227763946188800
1220227747827548160
1220227745806012416
1220227733097078784
1220227724284977152
1220227723991248896
1220227709852438530
1220227692714434561
1220227691061948417
1220227688197054464
1220227669226184705
1220227627551608832
1220227627387981824
1220227624938680320
1220227620400517121
1220227577786191873
1220227576922198018
1220227576435638274
1220227574845960194
1220227568143437826
1220227552196751361
1220227535348228097
1220227528159264768
1220227518759759872
1220227515530145792
1220227508156686336
1220227505048571904
1220227501001101313
1220227495577829377
1220227492851732481
1220227484777508865
1220227471989063680
1220227464481398784
1220227456373645312
1220227456298254336
1220227450459713536
1220227438493364224
1220227434005446657
1220227433023954944
1220227408231448576
1220227392502816768
1220227366577934338
1220227340577329152
1220227330221711360
1220227300563664896
1220227272231153665
1220227264870305792
1220227263465082881
1220227228950310914
1220227219546689536
1220227209861877761
1220227198956658689
1220227196435890176
1220227193977991168
1220227175493722112
1220227167272833024
1220227157630181377
1220227157177159681
1220227153318465536
1220227150210457602
1220227114550603777
1220227112138723328
1220227111547392001
1220227083445555200
1220227061769326593
1220227021424357377
1220226952390414337
1220226832366292992
1220226830323466240
1220226815379197952
1220226775524892672
1220226752447963136
1220226750283579392
1220226734550740993
1220226733346934784
1220226725193404416
1220226710454620161
1220226710181838848
1220226697800376320
1220226692817403904
1220226655119011841
1220226654540165120
1220226629915443200
1220226598210875393
1220226583732084737
1220226564308127744
1220226561267208193
1220226523174559744
1220226518464565249
1220226512676442112
1220226508968488961
1220226491771801600
1220226486541570048
1220226478350184449
1220226433122893824
1220226406099095552
1220226402038890496
1220226399736172545
1220226397026824193
1220226396984754176
1220226368052400128
1220226359244488705
1220226357428252673
1220226353905258496
1220226346342854657
1220226309651083264
1220226299219890177
1220226286913605632
1220226277350633474
1220226266135023621
1220226263979196419
1220226263492648961
1220226255867375616
1220226253350768640
1220226237290860545
1220226212179533824
1220226202633297920
1220226190784503811
1220226180369932290
1220226178515996672
1220226162649116672
1220226153824378880
1220226144877760512
1220226144433127425
1220226141568417792
1220226132823330816
1220226127530209281
1220226104314609664
1220226072421101568
1220226044877312000
1220226042138226689
1220226038363574272
1220226003555045378
1220225991240323072
1220225989755584512
1220225964648435712
1220225925700190208
1220225920952229888
1220225912463151104
1220225899053928448
1220225894276587521
1220225892879945729
1220225883182526465
1220225878652637184
1220225878543622144
1220225866946367488
1220225853432442880
1220225791876681729
1220225757160431616
1220225756695027712
1220225733202563072
1220225722834456576
1220225722054148097
1220225720372400128
1220225704056496128
1220225681772220422
1220225678932447232
1220225664831217664
1220225664550199296
1220225659881918464
1220225653590691840
1220225626004545537
1220225622846464000
1220225613627133952
1220225593213538304
1220225588004343808
1220225572548145152
1220225571503951873
1220225497272991744
1220225487793819648
1220225484111273984
1220225469980672000
1220225463848538114
1220225432470949888
1220225429027676161
1220225422094303232
1220225400011276288
1220225388334333953
1220225386274885632
1220225380902027266
1220225371615875072
1220225370479218688
1220225345569214464
1220225341098082305
1220225334190080000
1220225278762455043
1220225272269529088
1220225239126142976
1220225232297807872
1220225226304188417
1220225172512432129
1220225162164895744
1220225159543631873
1220225148738924544
1220225146083917827
1220225088269639680
1220225074906615808
1220225063343005696
1220225054463578112
1220225042807754752
1220225024147087360
1220224996464742400
1220224978785685504
1220224882371260422
1220224870849495041
1220224852507803649
1220224827769778177
1220224744970211335
1220224730008961024
1220224689424830465
1220224656415703040
1220239696803946497
1220239525122859008
1220239361645645824
1220239328699396096
1220239315550162944
1220239214337568768
1220239176391589888
1220239109433675776
1220238981922795520
1220238928743141380
1220238910325952512
1220238896929198085
1220238895750631424
1220238883876757504
1220238867493740545
1220238859549560832
1220238856609361920
1220238856408059904
1220238828537073665
1220238749914869760
1220238748685885440
1220238740318294017
1220238729710919680
1220238689592176640
1220238603579772934
1220238527369306112
1220238440312332288
1220238406573125632
1220238387724070913
1220238315888111616
1220238297756327936
1220238288981807104
1220238140004360192
1220238119976361984
1220238084694052864
1220238082622005249
1220237990791913472
1220237990724820992
1220237907488735232
1220237898156560384
1220237864367247361
1220237789536620545
1220237772180594688
1220237751120883712
1220237704467709957
1220237676273684485
1220237637350391808
1220237627753820160
1220237592995692544
1220237592894959617
1220237544811450368
1220237487689256960
1220237459901992961
1220237423273078787
1220237399302770690
1220237336526704640
1220237295288111106
1220237206645657600
1220237200283009024
1220237102585143296
1220237080569184257
1220237070549078016
1220236939284156422
1220236918450900992
1220236907314987008
1220236741409329152
1220236706470694912
1220236669711982592
1220236622454611969
1220236568700411906
1220236555668873217
1220236534953066498
1220236519580946433
1220236409249779712
1220236379084533761
1220236373959086080
1220236349753610240
1220236334251442177
1220236313774837760
1220236279033618432
1220236274193203200
1220236259651661824
1220236241305817088
1220236219872878592
1220236209865183232
1220236203561107456
1220236028646166529
1220235984127741953
1220235967694458880
1220235938497826818
1220235868503408641
1220235847003336704
1220235791504310273
1220235777675649024
1220235712349401089
1220235621081460737
1220235610490724352
1220235586528796674
1220235551338647553
1220235546678693888
1220235508686548992
1220235504727101440
1220235501371830272
1220235485769076742
1220235454240346112
1220235366227234817
1220235257724583936
1220235255241568256
1220235248337702912
1220235216004009985
1220235081693847553
1220235036458278912
1220234942438834176
1220234899149348864
1220234794421932033
1220234690856194049
1220234620471365632
1220234548321177600
1220234477755977728
1220234377864417280
1220234330846437376
1220234224822714368
1220234157701455872
1220234148389933057
1220234111287095296
1220234111035424773
1220234045004664832
1220233957444182017
1220233947482853381
1220233918743379969
1220233908534427648
1220233805996482565
1220233789823045632
1220233745288126475
1220233738879004673
1220233716913471493
1220233703118589953
1220233669392130049
1220233656494514178
1220233610776797184
1220233594414567424
1220233570607824896
1220233505948323840
1220233504245481472
1220233428232212480
1220233419998674944
1220233409706057733
1220233400889618432
1220233369147056130
1220233367934779393
1220233362998054912
1220233362595442688
1220233354508894208
1220233345482792963
1220233296027643907
1220233252511703045
1220233217426513920
1220233206370328576
1220233130575044608
1220233110379540480
1220233104612159488
1220233009283993600
1220232930812784640
1220232878908309504
1220232859127910405
1220232784029069313
1220232631218003968
1220232628156145665
1220232603292315648
1220232424707231744
1220232401739231236
1220232400539545601
1220232358084743168
1220232350078066688
1220232338589786117
1220232303432982528
1220232301361147904
1220232199896616962
1220232161829109760
1220232068933832704
1220232008904912896
1220231962587271169
1220231936687239168
1220231921923391488
1220231827723436032
1220231813664210945
1220231793401614336
1220231784509497344
1220231774900350976
1220231774359281664
1220231691169648640
1220231640418607104
1220231620025704448
1220231546222804992
1220231535951011840
1220231487569702913
1220231454304555008
1220231431768510464
1220231375778795521
1220231363464331264
1220231359395811328
1220231351368069121
1220231312679821313
1220231184027795456
1220231171444895744
1220231163412975616
1220231131645112321
1220231049386582017
1220231020873572352
1220231015668617218
1220231006730350597
1220230981841383424
1220230969074036736
1220230954079391745
1220230945170710529
1220230931148967936
1220230919325470721
1220230911083589632
1220230884097437698
1220230805877743617
1220230752165449728
1220230728446828550
1220230716576817152
1220230585852915713
1220230501144940544
1220230371435937792
1220230330961027072
1220230294600650754
1220230268931305472
1220230215559000064
1220230212333395968
1220230112773148672
1220230106850840578
1220230102774091776
1220230088114896897
1220230059245502465
1220230039297560576
1220230032666263553
1220229984578568192
1220229783910412296
1220229762712387584
1220229682668490752
1220229666906066944
1220229550790983680
1220229529584562177
1220229478493802496
1220229459405570048
1220229381810880515
1220229302421032960
1220229279562137600
1220229244854448129
1220229196158402560
1220229019456553120
1220228917321056258
1220228870823038977
1220228811914121217
1220228791433252864
1220228783262879750
1220228730880004096
1220228701528436736
1220228695861997568
1220228690358890497
1220228651796459520
1220228600848355328
1220228559173713921
1220228557219065858
1220228541654036481
1220228469491003393
1220228434007339008
1220228432266530816
1220228404865167360
1220228361940697091
1220228327434141696
1220228107740708864
1220228058646372352
1220228057568444416
1220228042821230593
1220228012769042432
1220227868648599557
1220227842929254400
1220227769658773504
1220227720858099712
1220227707532988417
1220227663769538560
1220227644354023424
1220227575232024576
1220227514221486080
1220227493313089536
1220227482546126848
1220227471104184321
1220227414422212608
1220227393572540417
1220227366129217537
1220227364522688512
1220227356352102400
1220227318322356224
1220227312270168064
1220227255873368065
1220227243911213056
1220227230128836608
1220227180233478144
1220227179990175750
1220227156178948096
1220227138978304000
1220227073232572416
1220227031746564096
1220226996229353473
1220226988356460545
1220226986188136448
1220226952801353729
1220226943854862336
1220226943804555269
1220226931267907585
1220226920199213056
1220226882685132801
1220226873789177856
1220226861717831680
1220226834773827584
1220226817946050560
1220226765865521152
1220226743224688641
1220226708336521222
1220226656075337728
1220226654124953600
1220226629118484480
1220226625150668800
1220226624043409410
1220226607433912321
1220226593638891521
1220226552585183232
1220226545584955392
1220226507353808896
1220226498503770113
1220226466719268865
1220226462239928325
1220226455285583872
1220226413669699585
1220226374121771008
1220226371789688834
1220226328466722816
1220226308757737472
1220226286364196865
1220226269654241280
1220226207154933762
1220226205615394816
1220226199705645057
1220226194139860992
1220226159146749952
1220226157750243328
1220226148648570880
1220226144806559746
1220226142155620352
1220226134509543424
1220226129841311744
1220226053651623936
1220225998920151040
1220225926463619079
1220225913326956546
1220225847254224896
1220225844796243968
1220225842082713600
1220225812739194880
1220225771282804736
1220225737556316160
1220225688474656770
1220225686650150912
1220225676281815040
1220225674096586752
1220225643880878087
1220225642702049281
1220225574049738754
1220225565640331264
1220225451496562688
1220225404792782849
1220225261268086784
1220225246545862656
1220225192128995328
1220225161451970565
1220225126815490049
1220225085589487616
1220225074218835968
1220224983391014912
1220224928244555777
1220224909105713152
1220224803455623168
1220224766390558720
1220224749780922374
1220224743292514304
1220224706139369472
1220224697624715269
1220224670622015489
1220224648689774592
1220224647087652864
1220239702608891904
1220238915707142147
1220238866566672386
1220238813475282944
1220238779807498241
1220237942246871046
1220237362451451904
1220236482339901440
1220236344573800448
1220236228081016833
1220236006034677762
1220235938988605442
1220235675330433025
1220235386619719680
1220234745923031040
1220234406926802944
1220234370402832385
1220234151338491904
1220233966650716160
1220233937542270976
1220233421403738112
1220233246383861760
1220232201079443456
1220232018987909120
1220231740519661568
1220231676975968256
1220230839969017863
1220230017193431041
1220229573406687233
1220229401071087617
1220229283521728512
1220228571983036416
1220228387727237120
1220228056322674691
1220226442220527616
1220225556391723009
1220224649931431936
1220239567799738368
1220239522136498176
1220239492302372864
1220239467606183942
1220239432399433729
1220239408122609664
1220239401772617728
1220239401592246273
1220239362203377665
1220239337033388032
1220239295593644032
1220239284432584705
1220239273250574337
1220239270943678464
1220239269278732288
1220239243479400450
1220239185547874309
1220239152114958336
1220239096599085056
1220239016613810177
1220238758127292416
1220238736853626881
1220238729048137728
1220238721112363008
1220238719149596673
1220238716301729792
1220238702250610688
1220238611607457792
1220238611028856833
1220238549850525697
1220238549192249344
1220238525347463168
1220238485870673920
1220238448641970178
1220238426450092034
1220238382015467520
1220238381797576705
1220238378525843456
1220238373408800768
1220238347093725185
1220238346816901121
1220238243154874368
1220238242395521024
1220238220119695361
1220238216843886592
1220238216252420097
1220238111566778369
1220238078893330434
1220237967727517696
1220237940623888384
1220237931475914752
1220237853868773377
1220237842158366720
1220237809597837312
1220237779885424641
1220237757039013888
1220237737061539840
1220237685136080897
1220237394856693760
1220237371876098048
1220237347071107073
1220237315815067648
1220237310773514241
1220237270353108992
1220237256897650688
1220237252309200897
1220237181668614145
1220237116183019521
1220237073136832512
1220237025409847296
1220237012294225921
1220236990081191938
1220236984280477696
1220236970770731008
1220236813584887808
1220236799680770048
1220236780005478402
1220236703962673152
1220236685700747264
1220236683615956992
1220236654239191041
1220236584059949056
1220236564267036672
1220236556599824384
1220236504200400896
1220236465046601728
1220236464585236480
1220236406938796032
1220236333706248192
1220236295034851328
1220236276391002113
1220236239166672896
1220236168975015936
1220236119851225088
1220236116240076800
1220236096157573120
1220236069465030657
1220236063827886081
1220236063458783232
1220236029828964353
1220236025320001537
1220235973839216640
1220235968030003200
1220235959876239362
1220235954067329024
1220235919174729731
1220235915013935104
1220235884102148097
1220235862396436480
1220235854716665856
1220235781786103808
1220235778577457152
1220235769899470849
1220235763016704000
1220235686327943169
1220235665591488512
1220235568283443200
1220235544954855424
1220235533030391808
1220235509441523712
1220235397046759426
1220235394299695104
1220235362720763904
1220235321494736897
1220235225588027392
1220235215374864384
1220235130645540865
1220235126153441285
1220235075876544512
1220235050408644608
1220235043492245506
1220235008755077120
1220234958561738753
1220234937367842816
1220234882934132736
1220234874168078342
1220234867654504448
1220234788633632768
1220234777350901760
1220234709365678080
1220234697663401986
1220234659696504833
1220234545703743488
1220234438266826753
1220234438140944384
1220234329982287872
1220234320767414272
1220234275238232065
1220234264001671168
1220234261363601408
1220234220427259904
1220234210281021440
1220234122095779840
1220234087979290624
1220233966692663296
1220233949244321793
1220233937181708288
1220233905711742976
1220233793321091072
1220233784324284416
1220233758353383425
1220233737121693696
1220233682041966599
1220233608440340483
1220233481919164416
1220233446976417792
1220233426554494977
1220233411773648897
1220233410016423936
1220233350591344641
1220233327992426497
1220233302906482688
1220233286443765763
1220233272522706945
1220233266243883008
1220233264557740033
1220233123729944576
1220233011230322689
1220232853176274944
1220232813804314627
1220232812416118784
1220232742908002304
1220232707319271426
1220232692995776512
1220232671676125186
1220232643545006081
1220232637630910464
1220232468277661696
1220232451156410368
1220232425369952256
1220232286081142784
1220232133861494791
1220232073849511936
1220232057512546304
1220232055893573632
1220231976491204609
1220231974482255872
1220231966781399040
1220231952327938048
1220231933264711680
1220231907801092096
1220231838498578432
1220231822564454400
1220231814343610368
1220231812233875457
1220231782156517376
1220231780067938305
1220231768189689857
1220231753832550401
1220231705367179265
1220231695216992258
1220231682894123008
1220231664502280192
1220231584869244929
1220231463200624640
1220231437825101824
1220231434176208896
1220231401137532928
1220231399648555009
1220231337073876992
1220231266399735809
1220231199471407104
1220231156722831360
1220231138733481984
1220231128352583680
1220231083326705666
1220231067480788992
1220230977408000000
1220230814564343815
1220230682666065920
1220230655604228096
1220230651082731521
1220230602923958273
1220230575367380992
1220230472078262275
1220230463224041472
1220230423822757888
1220230407620263937
1220230269510307840
1220230234554810368
1220230194771836936
1220230157870362629
1220230132759027718
1220230101792481280
1220230094771249154
1220230062458490883
1220230029382164488
1220230026450223105
1220229986705166336
1220229963456090113
1220229944778739712
1220229831020945408
1220229817485778944
1220229730172981249
1220229700397813760
1220229699915386884
1220229625881616384
1220229615387541505
1220229539999014912
1220229539181162496
1220229485879971841
1220229485347463168
1220229134342733824
1220229131620646917
1220229100532568064
1220229065992540160
1220229016323600384
1220229014163509248
1220228996857597952
1220228984392294400
1220228964813164549
1220228896270045185
1220228866330857472
1220228767718596609
1220228659815931909
1220228653147029504
1220228619575758849
1220228554341810177
1220228527519424514
1220228514848202758
1220228511291412480
1220228498905677824
1220228432262361088
1220228395352543233
1220228351895490561
1220228306210938881
1220228273059266560
1220228215924559872
1220228175973609472
1220228168092569600
1220228161302077441
1220228141345574912
1220228139676327937
1220228130536861696
1220228127269326848
1220228077898223616
1220228069316857856
1220228045438500864
1220228033971286016
1220227955202248704
1220227940757041152
1220227935170220032
1220227873782620160
1220227831914852353
1220227809748103168
1220227802672377857
1220227759537963009
1220227695713243136
1220227645927051265
1220227596090146816
1220227548610564096
1220227548350574592
1220227539916017665
1220227525084958720
1220227511155453952
1220227507762483201
1220227497213726720
1220227464812732416
1220227429119221760
1220227373292871680
1220227340703281153
1220227308952457216
1220227230011314176
1220227174378037248
1220227132376272896
1220227105566314497
1220227086809554946
1220227076159991808
1220227061802917888
1220227031335522304
1220226956781707265
1220226947994783745
1220226842302537728
1220226758777167873
1220226758722502658
1220226755631427584
1220226725407346690
1220226711050080256
1220226663046246401
1220226657450987520
1220226656087891969
1220226629936480256
1220226595501133824
1220226532339220481
1220226517612912640
1220226500898840578
1220226480442970113
1220226362025369600
1220226325400686592
1220226317016154112
1220226298733387776
1220226235323887618
1220226176251310081
1220226147654553602
1220226103404630016
1220226077294882816
1220225934873116677
1220225931039539200
1220225905659928576
1220225825015910402
1220225813313982464
1220225783618310144
1220225782334787588
1220225778207473664
1220225705142734850
1220225682476658688
1220225665019998208
1220225497906335744
1220225427215532032
1220225263604133888
1220225221543596032
1220225215759900673
1220225164622946304
1220225141445017601
1220225065884749824
1220225018426081280
1220224989799968768
1220224947978563584
1220224940596588544
1220224855015952386
1220224762066153480
1220224750301003776
1220224745871826945
1220224718885638147
1220224662010904576
1220224649738379264
1220224649159741444
1220224644306763778
1220239717494509568
1220238955867754496
1220238456829267970
1220235968176967681
1220235067772948482
