1220036938658283520
1220032697378201600
1220043433559109632
1220043413585829891
1220043403271921664
1220043366047502336
1220043355725291520
1220043329720614912
1220043291531579399
1220043282907971585
1220043272690814976
1220043261537964032
1220043248653213699
1220043226998026240
1220043212317974528
1220043196899692545
1220043187793776641
1220043131544068097
1220043057384562688
1220043047901286402
1220042994356760576
1220042987775893504
1220042948836044800
1220042948613722114
1220042941995143168
1220042911565303809
1220042909304721408
1220042891264958464
1220042878178734086
1220042837279985664
1220042835937939456
1220042835539517440
1220042826123292672
1220042803079798784
1220042791985664000
1220042768086597633
1220042727745781761
1220042714785312768
1220042711383904256
1220042663027707905
1220042658510528512
1220042641535991809
1220042598317879296
1220042586448109568
1220042482806927360
1220042445137813507
1220042431380541446
1220042382474956803
1220042356688412672
1220042345845968896
1220042316003475456
1220042308206452740
1220042291320164354
1220042267915882497
1220042224722833408
1220042190996430848
1220042190778437632
1220042181894787073
1220042174231916547
1220042124797841408
1220042113041059847
1220042112487559169
1220042102148435968
1220042083106295809
1220042054606237698
1220042027435470848
1220041973656096768
1220041954731294720
1220041949102690304
1220041942861373441
1220041938608500737
1220041921034194944
1220041918593282053
1220041870501302272
1220041867321937920
1220041828285800450
1220041806559293440
1220041763253112839
1220041739651571712
1220041733792247809
1220041712229285889
1220041705371533312
1220041684123254787
1220041664548474881
1220041663373955072
1220041602070204417
1220041566498279424
1220041550396317706
1220041528636137472
1220041468359909377
1220041373354799107
1220041368883560449
1220041335475863553
1220041331688513536
1220041301862899714
1220041292773842945
1220041285253390337
1220041256174096384
1220041211706142723
1220041183415558144
1220041163819888641
1220041122216583169
1220041057821286400
1220041020722814977
1220040988846108672
1220040987893997568
1220040960106795009
1220040956109557761
1220040922009931776
1220040889030062082
1220040882893795339
1220040873947385857
1220040869849464833
1220040860630503424
1220040857287626753
1220040837196681216
1220040751414800384
1220040750475419648
1220040731970150400
1220040724630196225
1220040710038130688
1220040666836697088
1220040594799702018
1220040574348201985
1220040573962334210
1220040536263987201
1220040466219008006
1220040403090661378
1220040387278135296
1220040340188454912
1220040329619001344
1220040320194232325
1220040257393119234
1220040254012432384
1220040238925377537
1220040213709324289
1220040212585148416
1220040178737258497
1220040144507457536
1220040123779293185
1220040109350776833
1220040078174584834
1220040016677818368
1220040012231782402
1220040010302480385
1220039951808651264
1220039895349186563
1220039885245108225
1220039873291280385
1220039819734085632
1220039788075548672
1220039784854253568
1220039779963764736
1220039774318288898
1220039717103656960
1220039715069612041
1220039706349432832
1220039700758638594
1220039661055119361
1220039655279726595
1220039651752316929
1220039555262402561
1220039545296650245
1220039511184433156
1220039508961325056
1220039503378669569
1220039479022555139
1220039438459396096
1220039422659436547
1220039405592670214
1220039397887770624
1220039371774025729
1220039341466161153
1220039265457004544
1220039225845915650
1220039217071476737
1220039198402584582
1220039196246781952
1220039144396795905
1220039114247950341
1220039109307179008
1220039070677520384
1220039045310373888
1220038997914914819
1220038876523368448
1220038817899433986
1220038813898199040
1220038768754819075
1220038755878363137
1220038739239501824
1220038728590221312
1220038724613885952
1220038715872952321
1220038710244319232
1220038709988343808
1220038705819332608
1220038705227993094
1220038704934412289
1220038677918822401
1220038661032611840
1220038660915179520
1220038628098953216
1220038595916050433
1220038580875276298
1220038536025427968
1220038525099184128
1220038490651381760
1220038459693371392
1220038427971936257
1220038372326019072
1220038357654392832
1220038353250332673
1220038348154130432
1220038335818878981
1220038322929774592
1220038255736807424
1220038228478029824
1220038227823943680
1220038160014626823
1220038140066508803
1220038112186904576
1220038099557896196
1220038088979832833
1220038062140465153
1220038051767955457
1220037994079494147
1220037988337553411
1220037972197879808
1220037947774230528
1220037933522092032
1220037911686463489
1220037902492733442
1220037900202627072
1220037844829270016
1220037838948798464
1220037837678092292
1220037818015199232
1220037799656804352
1220037796615938048
1220037792866217984
1220037737992146945
1220037735647453184
1220037690185240576
1220037658367471616
1220037654236028928
1220037624858996736
1220037555208347648
1220037541543456770
1220037503685554176
1220037455270809600
1220037453584785408
1220037410848940042
1220037379618222080
1220037378770817025
1220037369048576001
1220037368813502464
1220037303348998144
1220037278988406784
1220037249729015808
1220037241361268736
1220037211950845956
1220037199363743746
1220037126152249349
1220037123149049856
1220037121349734405
1220037025291735042
1220037001296121857
1220036992962043906
1220036974691659783
1220036948569534464
1220036948326342658
1220036882689613829
1220036864792584192
1220036859918802944
1220036849432793088
1220036844580110336
1220036834048299013
1220036807045173248
1220036716817534978
1220036703060135937
1220036655496794112
1220036625943519232
1220036583883075584
1220036541558378496
1220036525087281152
1220036513158828034
1220036504338104320
1220036494620090368
1220036476852981761
1220036476399808512
1220036475086987264
1220036474252349440
1220036456397312000
1220036428652056577
1220036419625742336
1220036389124874240
1220036384074977280
1220036363472359425
1220036357936033794
1220036355104706560
1220036354563870721
1220036277023625216
1220036269981331456
1220036257473908736
1220036195813453824
1220036181192212491
1220036176847036422
1220036168919764993
1220036166474485763
1220036153711177729
1220036143686848514
1220036082965852162
1220036043149402117
1220036041018507264
1220036029232680961
1220036011599810562
1220035999075618816
1220035981849636864
1220035965366022149
1220035961624489984
1220035949200961537
1220035909095239680
1220035882952089600
1220035873699315712
1220035858885201920
1220035839276662785
1220035836860747776
1220035802425479168
1220035773438648320
1220035737153888256
1220035733655883779
1220035725346967553
1220035702123040768
1220035701951156226
1220035699241443328
1220035680103026688
1220035661375381504
1220035658091122690
1220035656744939521
1220035656468090887
1220035644547665921
1220035629360107525
1220035579108298754
1220035578298863616
1220035552575135744
1220035531565715457
1220035530550804482
1220035521105289216
1220035518479638530
1220035471042138120
1220035444450242561
1220035431355637760
1220035423755554817
1220035421406662659
1220035402620440576
1220035378024837126
1220035372840816640
1220035369766440960
1220035331107373062
1220035316024848389
1220035304431681537
1220035245216600064
1220035238203723777
1220035217714503681
1220035203596312577
1220035194817777665
1220035182956294150
1220035165872721920
1220035149758369792
1220035146373570560
1220035123644489729
1220035119492190209
1220035100378746880
1220035086785155077
1220035062470729730
1220035015444193287
1220035000105492480
1220034969424289793
1220034949404930050
1220034945256550401
1220034936847028227
1220034933806305280
1220034926818426885
1220034924821929986
1220034911962324994
1220034908883603456
1220034878563061760
1220034848217133056
1220034812175581185
1220034801325027328
1220034798674046976
1220034777975345153
1220034751089860608
1220034691673268226
1220034683662217218
1220034653819756544
1220034639873470464
1220034625793294337
1220034586454847488
1220034570390650880
1220034488727633922
1220034433379532800
1220034402287222786
1220034391696691201
1220034386713812992
1220034369789685760
1220034343273488384
1220034285773574144
1220034267981340677
1220034226810015744
1220034204504920066
1220034172233768961
1220034152952582149
1220034139140673536
1220034111907094529
1220034090625196034
1220034067862679552
1220034051504951296
1220034029505916928
1220034004189093888
1220034003119542273
1220033938623815681
1220033932655198214
1220033873536569346
1220033821665419264
1220033809824894977
1220033808357056512
1220033780498468864
1220033770524311552
1220033744569954304
1220033704535392256
1220033693756067845
1220033663158476800
1220033644930031616
1220033638546464768
1220033620854730752
1220033605667258368
1220033565108228096
1220033564621885440
1220033562377736192
1220033545256591361
1220033474872205313
1220033461433618433
1220033434300579841
1220033383956303873
1220033383855804416
1220033383851413505
1220033365551673344
1220033350632493058
1220033324350967809
1220033300045033472
1220033277223981057
1220033259913928706
1220033256050970626
1220033250950811652
1220033246949466113
1220033242327212032
1220033196479406080
1220033192314507265
1220033177793781760
1220033173725290497
1220033166154641408
1220033152061792256
1220033137788489728
1220033135926218753
1220033107560038400
1220033090602455043
1220033074173341716
1220033070138441728
1220033045874520064
1220033037376860160
1220033032909807617
1220033017160327169
1220033014790610947
1220033010495393792
1220032968250548224
1220032943424442368
1220032941591416832
1220032904430047236
1220032882804215808
1220032877477363715
1220032873966841856
1220032856426192897
1220032855280979968
1220032800386166790
1220032777715884039
1220032707331272706
1220032596509261824
1220032577601335296
1220032546089684994
1220032541350080519
1220032538900484101
1220032528175767552
1220032525298368513
1220032521347485697
1220032461511577601
1220032433359224832
1220032432805683201
1220032408067747847
1220032394092142592
1220032363062874115
1220032362664382464
1220032351629139974
1220032333568344065
1220032310168317952
1220032308121489409
1220032303608619009
1220032254161883148
1220032205558181888
1220032202806906880
1220032195869331456
1220032185832394752
1220032158217142278
1220032152349433856
1220032085689348096
1220032071575441413
1220032021700825088
1220032014205759488
1220032013559902209
1220032008732188674
1220031981687320577
1220031954382467074
1220031924091138048
1220031916813848576
1220031904772173825
1220031894626144256
1220031881393008640
1220031867644268544
1220031865328930817
1220031841727664136
1220031821804687366
1220031809108561920
1220031804062752768
1220031797972566016
1220031794231201794
1220031694792605697
1220031684139257859
1220031639876595712
1220031628417826816
1220031615289585664
1220031605479096323
1220031571262046208
1220031562894528513
1220031561401282560
1220031547107090438
1220031543084822531
1220031541969072129
1220031541293662208
1220031535367303168
1220031516950122496
1220031515842830338
1220031499778560001
1220031477834035200
1220031454773760000
1220031444388589569
1220031440529829888
1220031431172247552
1220031414839607296
1220031387589402624
1220031384934211584
1220031319968768000
1220031315250053120
1220031303996837888
1220031303824871432
1220031297013321730
1220031295113375749
1220031288415072257
1220031277073563652
1220031254969683970
1220031189542670337
1220031180533161984
1220031162984411144
1220031159863668736
1220031148723666945
1220031128809234435
1220031117241118721
1220031102431059969
1220031101109972994
1220031097435758592
1220031059678523393
1220031049029185536
1220031046051254272
1220031037872406530
1220030977487056897
1220030959065751553
1220030933228634112
1220030929164492801
1220030912538103808
1220030907794575360
1220030907140182016
1220030907001835520
1220030866174435328
1220030857420910592
1220030835597946880
1220030807881830401
1220030805155729408
1220030795882074114
1220030767960657920
1220030743126192128
1220030711949938694
1220030698855100416
1220030665074401285
1220030651413430278
1220030649760976898
1220030642127282177
1220030636196388864
1220030622988742656
1220030622535602176
1220030620446969857
1220030615497523200
1220030604546400258
1220030572598349824
1220030563391823873
1220030560363352069
1220030545758953478
1220030540637601792
1220030533909938176
1220030529690591232
1220030526523764736
1220030526180020226
1220030512028430337
1220030474774466561
1220030455728279552
1220030453933072384
1220030375088590851
1220030332994510856
1220030292490162176
1220030253554257920
1220030247568986112
1220030227465875458
1220030226736078848
1220030218200502272
1220030189733863424
1220030181777252352
1220030142984196096
1220030114362286080
1220030101011816448
1220030090660208640
1220030078941310976
1220030071752151040
1220030062453346304
1220030033130971137
1220030030807470081
1220030028672618505
1220030017452662784
1220030016119037955
1220030004693753856
1220029995676061698
1220029992030965761
1220029976134635521
1220029967209238532
1220029949974925312
1220029944836894726
1220029937270345728
1220029934728433664
1220029923152154624
1220029909999005703
1220029902788775941
1220029900184141824
1220029896086491137
1220029863588794368
1220029839287226373
1220029838020485122
1220029806231937025
1220029802062794752
1220029787823116290
1220029772119642112
1220029765463281665
1220029740708433921
1220029675734478850
1220029654247059458
1220029633518821376
1220029627848105985
1220029618184433670
1220029614581374977
1220029612958330880
1220029592150446080
1220029585443737600
1220029582751010816
1220029582201577473
1220029579865350144
1220029572646866944
1220029549494358016
1220029527528599552
1220029500706238537
1220029479814234113
1220029479436742656
1220029473661378560
1220029471631323136
1220029437548417024
1220029431848169473
1220029430170636291
1220029419831451649
1220029410323107840
1220029406065786881
1220029403683573760
1220029396976836618
1220029383819190272
1220029372683509760
1220029366207483905
1220029356468105216
1220029328420827136
1220029318346297344
1220029306472148992
1220029293599711232
1220029293368991745
1220029272309387264
1220029224007786501
1220029220371304448
1220029200884695045
1220029197806010368
1220029186452029440
1220029179170893826
1220029169720946689
1220029152994217985
1220029152730009601
1220029148636295170
1220029142982373378
1220029142407827457
1220029141820403712
1220029139261980673
1220029138569814016
1220029130932019200
1220029126070996992
1220029097805582342
1220029057603194883
1220029053719269381
1220029034513518592
1220029018323460097
1220028985213685763
1220028962077925377
1220028955178291201
1220028945422344193
1220028945099370496
1220028936584695808
1220028906411057159
1220028893404581888
1220028886970445826
1220028885758283781
1220028878787350528
1220028872412016643
1220028866074480641
1220028865294356481
1220028862555283456
1220028857396252672
1220028831311986688
1220028829952905216
1220028828807942145
1220028824668102656
1220028816082358273
1220028800232235009
1220028760164130817
1220028707156516864
1220028669697105922
1220028669260754944
1220028666689748992
1220028653674881042
1220028649916727296
1220028645680537600
1220028623542980608
1220028621307314176
1220028604928663553
1220028564017438725
1220028554030673920
1220028549958160384
1220028543641563137
1220028540365737984
1220028540126736392
1220028533398962177
1220028515359297541
1220028507931193344
1220028499240652800
1220028476574654465
1220028471730110472
1220028469406588928
1220028466734624768
1220028443158548481
1220028387835568130
1220028384333438977
1220028378046238720
1220028366461513736
1220028366298013696
1220028364557312000
1220028361667502080
1220028350309097478
1220043357004730368
1220043295453274114
1220043290990477316
1220043272229281792
1220043229459992576
1220043117740429314
1220043103056416768
1220042862408060928
1220042764605382657
1220042672603197440
1220042653376532480
1220042611353772032
1220042471075237888
1220042421519581186
1220042404574658562
1220042398018879488
1220042334198542337
1220042324878807041
1220042258629591041
1220042200119005185
1220042121807265792
1220042062214512640
1220042011018919936
1220042004186292224
1220041968052404224
1220041939682086912
1220041860921450496
1220041846287556608
1220041845222203393
1220041829145407488
1220041782198767616
1220041670101585922
1220041662946103296
1220041650027794438
1220041617895067653
1220041536982999040
1220041476769345536
1220041431395385346
1220041407643017216
1220041400336568325
1220041361115664384
1220041331843706880
1220041326692954113
1220041309731209216
1220041253032644608
1220041227321495552
1220041206534721537
1220041200700313600
1220041122904530944
1220041090725634048
1220040995640958977
1220040933963653121
1220040860424781824
1220040802048577536
1220040778883502080
1220040760210395137
1220040698625286144
1220040538826539008
1220040456920293376
1220040348442988546
1220040290632785920
1220040223356116992
1220040207187226625
1220040160479346688
1220040147594612736
1220040108126007296
1220040086403731457
1220039927041273856
1220039899035947008
1220039777589899266
1220039524933341185
1220039422462189569
1220039411594752001
1220039270183899137
1220039254413172736
1220039232468725760
1220039230262398976
1220039228391817218
1220039219780837376
1220039216953950208
1220039203058139136
1220039151505928192
1220039130974969856
1220039068760846336
1220039034786975745
1220039021151145984
1220038990436425729
1220038951920001024
1220038949172805632
1220038846144024576
1220038696684134401
1220038676186460160
1220038629625454592
1220038529142706176
1220038465523458048
1220038457688387584
1220038444249952259
1220038417301377024
1220038385169059844
1220038268311355393
1220038268219052032
1220038249264992257
1220038243074244608
1220038136891265024
1220038096093204480
1220038085725114369
1220038067932631040
1220038038363033600
1220037980150104064
1220037927041929216
1220037915729772545
1220037909564272640
1220037885501460480
1220037865691926530
1220037800780877830
1220037712612339713
1220037708011073536
1220037599856865280
1220037577329254401
1220037552826146820
1220037552326897664
1220037525026197504
1220037500447666182
1220037479371198465
1220037413524901888
1220037360584404993
1220037324853125121
1220037212722450432
1220037209530585088
1220037193957179392
1220037138999279616
1220037118472286208
1220037118187266048
1220037102022250496
1220037093310656512
1220037085446332416
1220037068371329024
1220037014826844160
1220037003498131456
1220036949525688322
1220036934958870530
1220036813256982528
1220036797679333377
1220036760362606592
1220036741937057792
1220036706201554944
1220036693601878016
1220036685280362496
1220036549309583360
1220036485266669568
1220036441075585026
1220036166696591361
1220036059779735552
1220035967358246914
1220035827708772352
1220035780824842240
1220035720900837376
1220035699572740096
1220035689699348480
1220035689510658048
1220035673484251136
1220035670170693632
1220035656866574337
1220035608304914439
1220035607793029120
1220035595013185537
1220035539505680384
1220035455422431235
1220035451324522496
1220035403547152384
1220035359788036097
1220035245434658816
1220035180368281605
1220035169966534657
1220035146562146304
1220035109023178753
1220035033085304832
1220035011828600833
1220035006367555584
1220034878235971584
1220034833381875712
1220034814625095686
1220034785126559750
1220034730843873280
1220034719569645568
1220034666062917632
1220034615798325248
1220034602309509122
1220034578552766465
1220034566469177346
1220034530305687552
1220034519127867392
1220034519018897408
1220034513322954752
1220034459740717056
1220034432968642561
1220034431664050177
1220034399191945216
1220034358045577216
1220034126780280833
1220034114121846790
1220034108119830529
1220034066684227585
1220034048212578304
1220034037332553728
1220034017015189504
1220034006382776322
1220033989727047680
1220033984433836032
1220033980218535937
1220033975130972161
1220033972639416320
1220033954289344512
1220033939240378368
1220033692598333445
1220033684931141634
1220033607227457536
1220033594317389826
1220033580874784768
1220033533143445505
1220033519323357185
1220033444299800578
1220033301961826304
1220033223054458880
1220033184630358017
1220033120516206593
1220033110122696705
1220033069022883840
1220033021622964225
1220033006728957952
1220032833776783360
1220032744035581953
1220032718018437122
1220032595943018496
1220032580818546689
1220032391206453248
1220032328036167682
1220032198780293121
1220032182451875840
1220032155318812673
1220032102139191296
1220032079057965057
1220032053049098240
1220032040738983936
1220032013467619330
1220031939672932358
1220031852888518656
1220031835645906947
1220031779907624960
1220031691047071744
1220031675758993420
1220031611036676098
1220031585052962817
1220031526391304193
1220031490605617152
1220031488579653633
1220031484121227266
1220031447077015555
1220031435051958272
1220031363493044228
1220031354760519683
1220031352764076044
1220031338478129152
1220031318118912000
1220031308665102337
1220031303724097537
1220031288326926337
1220031198132568065
1220031144839778304
1220031097095909376
1220031091454750726
1220031029643071488
1220031015269175297
1220030956897259523
1220030880476909569
1220030862026268673
1220030728827822080
1220030651455299584
1220030556974600194
1220030543061929984
1220030542839795712
1220030524871208960
1220030523331903489
1220030517820526592
1220030486560591873
1220030479820259328
1220030431166369792
1220030377294729218
1220030332008689670
1220030317785796608
1220030303357374464
1220030108544561153
1220030078899277824
1220030013841367040
1220030005477986306
1220029957088243712
1220029926075580416
1220029765874094081
1220029725575389185
1220029686148784129
1220029633623662593
1220029622978408449
1220029548252651520
1220029524936658949
1220029515918766081
1220029351984414720
1220029336004116480
1220029275182514176
1220029242114703368
1220029235286265857
1220029173860880385
1220029154185248773
1220029115585056768
1220029040150622208
1220029039835930624
1220029009318182912
1220028960282574848
1220028954066784256
1220028879542411267
1220028874949447680
1220028849821491202
1220028841290108929
1220028775913738243
1220028764450484224
1220028710931304449
1220028691687919616
1220028670070415361
1220028631373828097
1220028589690826754
1220028455187820546
1220028450825785344
1220028440008630272
1220028405653102593
1220028382194237441
1220028368197799936
1220043436306370561
1220043345747173376
1220043306413035521
1220043207590862848
1220043058412212224
1220043027831496705
1220042936508874754
1220042856821334021
1220042788806381570
1220042717771837444
1220042698725326848
1220042671143690250
1220042477178146816
1220042358416461825
1220042272131231751
1220042241265192960
1220042236949233664
1220042176308088833
1220041670428893185
1220041651105816584
1220041617291141120
1220041551117803526
1220041523145756672
1220041330178564097
1220041195293958150
1220041142911111168
1220041108308275200
1220041103992164352
1220041067883614208
1220041026661965824
1220040965408378881
1220040953873997824
1220040884596568064
1220040876585390081
1220040852916957185
1220040772063584256
1220040752434204672
1220040749187768320
1220040677918154752
1220040394131615744
1220040289387270147
1220040287306821633
1220040279584956416
1220040245535789056
1220040243505582081
1220040174396149763
1220040130016239616
1220040117546561536
1220040062123020288
1220040033358491649
1220040018036654080
1220040003532869632
1220039715757461504
1220039689299689479
1220039663731335169
1220039507069865990
1220039360952881154
1220039249241804801
1220038999131078656
1220038964955865088
1220038758944382976
1220038408078348288
1220038368412585984
1220038191664615425
1220038040682409985
1220037921488670721
1220037622204108800
1220037602323111936
1220037195425140736
1220037148021346305
1220036924758548480
1220036918433341440
1220036827077206016
1220036821817577473
1220036789261553665
1220036525523521536
1220036126057979904
1220035556396150784
1220035533096783877
1220035243039576064
1220034759965003776
1220034720056184833
1220033384128372743
1220033270970105856
1220033040807677953
1220033036684791814
1220033015511908352
1220032959891161089
1220032892354453505
1220032803431120896
1220032542256091137
1220031858005696519
1220031739428556806
1220031737192943621
1220031631651758080
1220030856204603393
1220030367320555520
1220029694038433797
1220029375803822080
1220029281809526784
1220043008256536576
1220042770145873920
1220041169305911297
1220040478961221632
1220040119974912000
1220039536333357056
1220037938970533890
1220037894380769280
1220037829033517056
1220037806988201985
1220035694237601798
1220033899641872384
1220032856052785152
1220032277951873025
1220029253590437888
1220043431709413383
1220043249781329920
1220043249659928576
1220043212418699273
1220043063441027072
1220043057418006528
1220043035263819776
1220043034735325187
1220042925360312320
1220042808649814018
1220042767054909440
1220042765649764352
1220042760092364801
1220042634137239552
1220042591556767744
1220042548145610752
1220042546329653251
1220042493481406464
1220042475990970374
1220042458299424768
1220042456714006529
1220042429937532928
1220042267135578113
1220042242628321280
1220042207647936512
1220042074319355906
1220042032988794886
1220042025585840133
1220042009760747527
1220041937417330690
1220041911978938370
1220041845633236992
1220041833520095232
1220041826272309248
1220041792348835840
1220041686870523907
1220041618977435648
1220041612857835520
1220041468556926983
1220041389536235521
1220041359433834497
1220041260683100160
1220041201455378433
1220040918876610560
1220040909695393793
1220040862308028416
1220040808235057153
1220040761586016256
1220040747925299202
1220040691981737984
1220040671706247168
1220040665439956992
1220040658213392384
1220040581864357888
1220040558766198784
1220040514155708418
1220040508912865280
1220040495008813057
1220040471017410566
1220040446900088838
1220040444056346625
1220040429263106048
1220040405045125120
1220040393640706048
1220040240095809536
1220040208038735873
1220040205568221184
1220040119752806400
1220040054724276224
1220039981395136513
1220039968170508288
1220039903867756550
1220039887602307077
1220039846590402561
1220039758031667200
1220039745729974272
1220039744874340355
1220039744144519168
1220039728218636288
1220039726037716992
1220039716826906625
1220039686560866304
1220039576300875776
1220039557967761408
1220039554071007232
1220039436559441920
1220039433942192130
1220039352375316480
1220039282808758272
1220039260184530944
1220039259408588800
1220039166508974080
1220039149690007553
1220039146770587648
1220039133831356419
1220039114243952641
1220039094069104642
1220039076318994433
1220039064897933314
1220039054919491585
1220039028701106177
1220039010522976257
1220039000242577408
1220038998501904384
1220038959440580609
1220038890469220352
1220038733816307712
1220038708390436864
1220038646637588480
1220038558813126657
1220038523366961153
1220038516534665218
1220038442278707200
1220038425665003523
1220038393049960448
1220038392957685760
1220038232643006464
1220037961716076544
1220037942980349954
1220037909274775552
1220037887967756288
1220037885560266752
1220037879381905408
1220037870146277376
1220037784716632064
1220037693247234048
1220037683889741829
1220037639417421824
1220037617087123456
1220037596035866632
1220037568361828352
1220037561470668802
1220037514037276677
1220037508333023233
1220037502213349376
1220037417161445376
1220037413709471751
1220037406495109120
1220037340313374720
1220037335712256006
1220037312832327681
1220037301255856128
1220037298873622529
1220037243177402376
1220037236218974209
1220037229986439169
1220037150210695169
1220037128878465024
1220037125241892864
1220037106740928517
1220037094518620160
1220037038931615744
1220037029653860353
1220036990797742086
1220036951291711488
1220036903057199104
1220036900045484032
1220036879560663040
1220036836371857408
1220036828344004610
1220036738392850432
1220036728171397120
1220036678946967552
1220036664300658688
1220036630372847618
1220036609103413248
1220036602136797185
1220036581307879424
1220036544330813440
1220036505361702913
1220036472683802624
1220036466849411072
1220036436516274176
1220036426756165633
1220036297227522049
1220036258191282179
1220036245205635072
1220036237463080960
1220036192571482114
1220036158433808384
1220036130445414400
1220036094101725184
1220036081397071873
1220036044088844288
1220036040800591873
1220036035553325056
1220036028616073216
1220035991291015168
1220035967639146496
1220035908982005760
1220035899658063873
1220035864736100352
1220035858503475201
1220035713195896832
1220035706044608512
1220035698742292480
1220035668639977477
1220035665599049728
1220035571676065795
1220035566806470656
1220035535932133376
1220035490549624832
1220035437810651137
1220035410652319744
1220035291597152258
1220035275344285696
1220035264359231488
1220035254196621312
1220035127620726785
1220035038554705921
1220035013187686401
1220035002135732225
1220034909932224512
1220034858443051012
1220034810413928448
1220034807419277314
1220034790394433536
1220034784413585408
1220034730508161024
1220034714783764482
1220034678503002112
1220034674254200833
1220034669917483009
1220034639638614016
1220034630419542016
1220034591651745793
1220034513549479936
1220034472092946432
1220034419014193153
1220034366644146177
1220034250227027970
1220034243339980801
1220034148179611648
1220034114134429700
1220034109742825472
1220034095243321345
1220034043925807104
1220034038288674817
1220033993195892736
1220033979849461760
1220033975810289666
1220033889315377152
1220033887683764224
1220033824127639554
1220033818859429888
1220033760013406209
1220033758814003205
1220033748718116864
1220033748227559428
1220033710608867328
1220033710273318913
1220033644791623680
1220033629599879170
1220033618778738688
1220033607126769665
1220033605063172096
1220033491120734208
1220033445650239490
1220033421088645120
1220033391954923522
1220033300045221888
1220033267287523329
1220033186920460288
1220033080511082496
1220033003587547137
1220032998298357761
1220032936336134146
1220032933454630913
1220032924713652224
1220032893260427265
1220032887979958273
1220032867511627776
1220032847005700101
1220032840202670083
1220032831646314497
1220032600225525762
1220032573528780800
1220032540544663553
1220032511914520577
1220032476002779138
1220032424488439808
1220032353696768001
1220032320671035395
1220032271547281408
1220032204421513216
1220032183282343936
1220032173362663424
1220032159827685376
1220032151703429121
1220032131721764864
1220032125145010177
1220032108191567872
1220032082727952385
1220032037949603841
1220032013039616000
1220032002801328128
1220031951433650176
1220031950389415936
1220031934564327424
1220031803953766400
1220031757765857280
1220031744830853122
1220031717139980288
1220031595656159233
1220031528257884161
1220031476785278976
1220031450537496577
1220031439728599040
1220031434318057478
1220031338465521669
1220031301673213953
1220031262213033984
1220031250255056897
1220031243007381504
1220031229652684800
1220031219141881860
1220031147280744448
1220031129257959424
1220031120923693056
1220031082516496384
1220031081040285696
1220031071712006144
1220031042406379520
1220030962328670210
1220030908402688006
1220030879172399104
1220030846100439040
1220030811342364675
1220030788386738177
1220030781789069312
1220030757625679873
1220030692123238401
1220030657943883776
1220030642190196739
1220030505141383169
1220030470856966146
1220030451374444547
1220030405929246720
1220030359800307712
1220030336492437505
1220030332210241537
1220030240006778880
1220030236567461889
1220030225788162051
1220030213523771394
1220030211506495488
1220030150881968128
1220030135564369930
1220030114102226954
1220030109408813057
1220030076693176320
1220030050772361216
1220030048788303874
1220029979838337027
1220029978168848385
1220029978135486465
1220029971848220672
1220029970598125571
1220029943284764672
1220029935135469569
1220029881536471042
1220029871331729408
1220029853677817858
1220029793950949376
1220029787894214656
1220029777613950982
1220029775525187584
1220029773172346880
1220029736950419456
1220029735209709568
1220029717472075779
1220029672177561601
1220029670759919619
1220029634802147328
1220029609413992448
1220029603894431753
1220029548747808770
1220029499166928897
1220029347727380481
1220029343075880962
1220029343000297472
1220029314311258112
1220029268639416320
1220029243423428610
1220029191384526848
1220029116444897280
1220029086761934850
1220029073298051072
1220029043745030149
1220029015261622272
1220029006868885508
1220028963256291329
1220028939491512321
1220028908772323328
1220028833639862274
1220028771312513025
1220028750743556097
1220028741344210946
1220028719642767360
1220028718791315456
1220028718300778496
1220028715293261826
1220028682338697217
1220028655474290691
1220028650885648384
1220028617976991744
1220028574830170112
1220028544048222209
1220028543796699141
1220028407230021633
1220028377869930497
1220028371607982081
