1220224631581356032
1220224624341983232
1220224542330753025
1220224519605866496
1220224457475788800
1220224434730160128
1220224388131381248
1220224326806327298
1220224243696381952
1220224132710793217
1220224062703595520
1220223971293089792
1220223955488866304
1220223807488528384
1220223743710126080
1220223611748917249
1220223536201129984
1220223476906307584
1220223426020941824
1220223402436415489
1220223330621579264
1220223314611798016
1220223288678313984
1220223268956839937
1220223252175507456
1220223245460234240
1220223244763947010
1220223238367776768
1220223187989880832
1220223063494668288
1220222994578137088
1220222991415406592
1220222983509331969
1220222942283517954
1220222913963528193
1220222907353325568
1220222903012200449
1220222895185547265
1220222855620763649
1220222830865858561
1220222817628614656
1220222805339516929
1220222762163277824
1220222643019886592
1220222545116438528
1220222507011080192
1220222390090846208
1220222275850579968
1220222204199067648
1220222127644848129
1220222093750521856
1220221938083057664
1220221937273556992
1220221841836519426
1220221776581533697
1220221748991463424
1220221726543503361
1220221672504078336
1220221671228862465
1220221666183340033
1220221665361031173
1220221654631993344
1220221591193358337
1220221580237627392
1220221579604287489
1220221544296783872
1220221524713574400
1220221520527622146
1220221487732232192
1220221486742540291
1220221465812971521
1220221392005877760
1220221330492096512
1220221257104470016
1220221253010776065
1220221153936990208
1220221012387590144
1220221010982518784
1220221006880690176
1220220985300766721
1220220954783162374
1220220923573178368
1220220884599889920
1220220882221719552
1220220844003090434
1220220841583108096
1220220813720182784
1220220806447284225
1220220788776808450
1220220749299974149
1220220672523280386
1220220650088009729
1220220612787916801
1220220592785362944
1220220513089474560
1220220478440144897
1220220438162350080
1220220374908129281
1220220293383434240
1220220288916389893
1220220274706014208
1220220235879526400
1220220181932380166
1220220138856775680
1220220128127787013
1220220067872305157
1220220053121130496
1220220016613822465
1220220004018245638
1220219968760860672
1220219960263241728
1220219922887794688
1220219918391500801
1220219901123518464
1220219865828511744
1220219855577677824
1220219755807703040
1220219736794861568
1220219715097776128
1220219711381573632
1220219681904021504
1220219665676296192
1220219633120112640
1220219577755299840
1220219489687523330
1220219445890764801
1220219359043473408
1220219350990245888
1220219345579757568
1220219341049942016
1220219265451724800
1220219216994938880
1220219205297016832
1220219161382658053
1220219105501941761
1220219085398642689
1220219053853175808
1220219052800532480
1220218819395739649
1220218795102539776
1220218787825356800
1220218785736429569
1220218779826839553
1220218765452800000
1220218742128308225
1220218686239174656
1220218671420887041
1220218658024304641
1220218532308377600
1220218527862288384
1220218470580871168
1220218466961166336
1220218460313137152
1220218440599965696
1220218434262159360
1220218412972019712
1220218394710069248
1220218341064835073
1220218309087518720
1220218294835134464
1220218293740429314
1220218262581104640
1220218248995713025
1220218232356786182
1220218121459466240
1220218118905176065
1220218097988177920
1220218070603632641
1220218053905960961
1220218031755972609
1220217894732042240
1220217892861620224
1220217859034570753
1220217833704980480
1220217777329295360
1220217554855178240
1220217495220416512
1220217466573312000
1220217440472305666
1220217393915551744
1220217393890365440
1220217326504681472
1220217282309300224
1220217191934590976
1220217179221692421
1220217173798461445
1220217158539464704
1220217112448446464
1220217058727747584
1220217045020807168
1220217031548719104
1220217016306601989
1220217002956070912
1220217002142392320
1220216996463177728
1220216969712095234
1220216913751683072
1220216907997028353
1220216786735382531
1220216771661029376
1220216771350843392
1220216701876224000
1220216689431916549
1220216644502319104
1220216568312991744
1220216557134966784
1220216543960805376
1220216527787634688
1220216515644907521
1220216474612178944
1220216472640937984
1220216407113261056
1220216373416165377
1220216364985659392
1220216344043511809
1220216322400743424
1220216305263022080
1220216285247819776
1220216284039852033
1220216256369815552
1220216233863385089
1220216176195919873
1220216138996404224
1220216028464062464
1220215990224596993
1220215984646025217
1220215890412810242
1220215876298764288
1220215863292370945
1220215829905604610
1220215782409457666
1220215775522242560
1220215746564890624
1220215678407331840
1220215676125753344
1220215605296615424
1220215605246087168
1220215596425441286
1220215562212478976
1220215542901964801
1220215532462510081
1220215458814681088
1220215457556443138
1220215450325282816
1220215425729998853
1220215417928634368
1220215325267906561
1220215261485101056
1220215178693754880
1220215154631069696
1220215147362508800
1220215145915277312
1220215129330970626
1220215101283762177
1220215063962767362
1220214962959855621
1220214961814822913
1220214876204781568
1220214853748559872
1220214777705746432
1220214720575131649
1220214652958887939
1220214575544422410
1220214545404182528
1220214511183040513
1220214495773188096
1220214455558123520
1220214385496535040
1220214366546493440
1220214350759301122
1220214251974868992
1220214162451771393
1220214082290229249
1220214069619126272
1220214067845115905
1220214030188589057
1220213996915187712
1220213991936536576
1220213955047460864
1220213932721410049
1220213909946236928
1220213861682417664
1220213848952709120
1220213784163373056
1220213757256691712
1220213738894065664
1220213698855239682
1220213688403017728
1220213676831133701
1220213668102590465
1220213644115333126
1220213603510431744
1220213586871582720
1220213580114681858
1220213558895448065
1220213414988939264
1220213409003835397
1220213291047440384
1220213275423641601
1220213272718258176
1220213208268455936
1220213186378383360
1220213180351361025
1220213138517151744
1220213113888432129
1220213082347184128
1220213062629806080
1220213020053233664
1220213015242559488
1220212987069378565
1220212928911200261
1220212831997399040
1220212731778719744
1220212638115696641
1220212618155233280
1220212552573116418
1220212514920615938
1220212421983211520
1220212355348357120
1220212292941500418
1220212237073354752
1220212235852603392
1220212230307897345
1220212152356626432
1220212116176588801
1220212071666737152
1220212065337475073
1220212016054292480
1220212013483167751
1220211955018928128
1220211899566034945
1220211748558471170
1220211734205562881
1220211725846401025
1220211657030369280
1220211537568239616
1220211503531360256
1220211450897162241
1220211446316797954
1220211423629971456
1220211388599230465
1220211311365083137
1220211258424811522
1220211219207839744
1220211076685389826
1220210999191592964
1220210988466593792
1220210962516578304
1220210957005283328
1220210923744505856
1220210921093713920
1220210812402503681
1220210809541926912
1220210744026857474
1220210715459489795
1220210684925030406
1220210673063485441
1220210641559908353
1220210635444670464
1220210616897458176
1220210576472846342
1220210565324214272
1220210530968883200
1220210507447259136
1220210390992187392
1220210360088694789
1220210316950130688
1220210278543040513
1220210255696523264
1220210255537139712
1220210252328525825
1220210242040094720
1220210109587943425
1220210078734675968
1220210044723257344
1220210033629130752
1220209909490425856
1220209870290419713
1220209858412187648
1220209835297267715
1220209785397633024
1220209742104223744
1220209723053527040
1220209685355286528
1220209683153215488
1220209568053170176
1220224622697648129
1220224620651012096
1220224620067876865
1220224572487651329
1220224556071149568
1220224520700616704
1220224499326558208
1220224461586272261
1220224444649680902
1220224425607352320
1220224421610147840
1220224404572925952
1220224401456582656
1220224388349464576
1220224379230900229
1220224365393920000
1220224360595607553
1220224359253495810
1220224357764485120
1220224310880567296
1220224308355719168
1220224305667031040
1220224304329027584
1220224286847225857
1220224241506742273
1220224219591536640
1220224214658998273
1220224212557684737
1220224152788848640
1220224150662348800
1220224149223694336
1220224121755205633
1220224121604173824
1220224110342688768
1220224107792359425
1220224100569776128
1220224092441206784
1220224080214773761
1220224064595169281
1220224035960655877
1220224033859366914
1220224024644476928
1220224021154930688
1220224007020122112
1220223992528801792
1220223984173834240
1220223974124113920
1220223973117452288
1220223963659259904
1220223953546940417
1220223912220352514
1220223851113484289
1220223797040701442
1220223732460875776
1220223697371324416
1220223687040761856
1220223666098597889
1220223634192531456
1220223630363234305
1220223623216144384
1220223595101601792
1220223587895767041
1220223577607159811
1220223556543365120
1220223538172293120
1220223529821462528
1220223520363278341
1220223481347899392
1220223475534557190
1220223450347753472
1220223426679304194
1220223420752941056
1220223415925104641
1220223415140831233
1220223414897524736
1220223414486499328
1220223412229984257
1220223408484405251
1220223399512985605
1220223376460959745
1220223365153083393
1220223298836975617
1220223281220878336
1220223269187522560
1220223243069554688
1220223218172100608
1220223217706491904
1220223177239883776
1220223171506266112
1220223166720561152
1220223160760430592
1220223126086144000
1220223110705643522
1220223093802557440
1220223064849301504
1220223052824424455
1220223025582395393
1220223021933309952
1220223016686063616
1220222985094623232
1220222982024392704
1220222928647643136
1220222923509813248
1220222911060955136
1220222901795688448
1220222897865682944
1220222877326180352
1220222843180474368
1220222841766936576
1220222835425251328
1220222825815924736
1220222819738492928
1220222801786761217
1220222728512397312
1220222715476373504
1220222712431415298
1220222696849457152
1220222658157084673
1220222650363957248
1220222641920868357
1220222605719851010
1220222603819794432
1220222600250454016
1220222583892738048
1220222579023151104
1220222556998795264
1220222548333359108
1220222544763969536
1220222521087123456
1220222497158836224
1220222480150941697
1220222466494087168
1220222423276179461
1220222418536599553
1220222415252283392
1220222413033570304
1220222412685443072
1220222412236738560
1220222398663782400
1220222394750525440
1220222371354705920
1220222361326301184
1220222307416838149
1220222295475515392
1220222283156877313
1220222239112515584
1220222228870000640
1220222213233823744
1220222201992892416
1220222201149833216
1220222197513347072
1220222126222802944
1220222099941359616
1220222082962771968
1220222079351394304
1220222060909101059
1220222051400781825
1220222039958540288
1220222020094312449
1220221974326104064
1220221924061536257
1220221907078983682
1220221878805000193
1220221872706441216
1220221845162602497
1220221841760903168
1220221840079015937
1220221823029112832
1220221792821735424
1220221782809952257
1220221780775686144
1220221759460241408
1220221738740355078
1220221733229166592
1220221721451606016
1220221665910644736
1220221647430356993
1220221643244670976
1220221609706971137
1220221590429818880
1220221587263250432
1220221587049172992
1220221584532623360
1220221567721828352
1220221555587735552
1220221554761461760
1220221549434638336
1220221543701082114
1220221533148385281
1220221516505214977
1220221496293052416
1220221478093721600
1220221428399628293
1220221410364121089
1220221409667907584
1220221397953212418
1220221391665893377
1220221367959732224
1220221343125229568
1220221330877870080
1220221330127085569
1220221317347082240
1220221304206266368
1220221277262073856
1220221275123019776
1220221216314679296
1220221216214208513
1220221211398983680
1220221209847033857
1220221189286555649
1220221152460599297
1220221122832003073
1220221116347633664
1220221107338268672
1220221076057100288
1220221069346234369
1220221056415219712
1220221040753704960
1220221031270404102
1220221023561355264
1220221014384103424
1220221009862676480
1220220996742860801
1220220990069698560
1220220983396708353
1220220971006689280
1220220970851422208
1220220945291284485
1220220909123801088
1220220905239875585
1220220857412251649
1220220827452485632
1220220825506205697
1220220818010988544
1220220798981545990
1220220755205472257
1220220739749462016
1220220686431596544
1220220649383157760
1220220631930638336
1220220615216586757
1220220561172729856
1220220552918396928
1220220548049002496
1220220520395755520
1220220519183802368
1220220509222080512
1220220490486149120
1220220461126078464
1220220458152316928
1220220350958407680
1220220344214179841
1220220335800274944
1220220323246641153
1220220223808135169
1220220222860226561
1220220216464105472
1220220181277884416
1220220154879057920
1220220151779381248
1220220121739710464
1220220095001255936
1220220016219623429
1220219916403372033
1220219888754667526
1220219882622423040
1220219871906033664
1220219817497513984
1220219799680081920
1220219736429957120
1220219724535140352
1220219683548188672
1220219678749949960
1220219678087245824
1220219655169536001
1220219635770875905
1220219611645280257
1220219607677427712
1220219595593641986
1220219587335053312
1220219541235462145
1220219540623130625
1220219505768566784
1220219502534676480
1220219473413541888
1220219472562155520
1220219466136506368
1220219454266560512
1220219450843992064
1220219401292546048
1220219397521850368
1220219357541756928
1220219343486750720
1220219342278680576
1220219282564382720
1220219254848421888
1220219224880140288
1220219160501735426
1220219147423862789
1220219132768997376
1220219098463793152
1220219098195316736
1220219097591373824
1220219052091559936
1220219049822437376
1220219043199832066
1220219040993398786
1220219024207990784
1220219016846835712
1220218962543173632
1220218888907980800
1220218867361906689
1220218839323086849
1220218827079766017
1220218823845957632
1220218807911899136
1220218790647984128
1220218788425027584
1220218783572226048
1220218783454728194
1220218779822645248
1220218764425342976
1220218746842710016
1220218741151023104
1220218740987424768
1220218725615357954
1220218720716541954
1220218707340750848
1220218685069021185
1220218664860782598
1220218657357197317
1220218646695309312
1220218600536985617
1220218596262957056
1220218583269068800
1220218570203975686
1220218538587082753
1220218528554348544
1220218511890378752
1220218496895709186
1220218495889068033
1220218494152691712
1220218409238986752
1220218406949072901
1220218405963227146
1220218404348530690
1220218384786132992
1220218373914554369
1220218315861262336
1220218218008236034
1220218197825032192
1220218189285613569
1220218179718275072
1220218173712031744
1220218162177662978
1220218156029030400
1220218148122587136
1220218131697659904
1220218117302841345
1220218106783526913
1220218099879813125
1220218097828712449
1220218079386320896
1220218073128456192
1220218015419006976
1220217950868656129
1220217931570614272
1220217927426699264
1220217897563213825
1220217856668778497
1220217855003844608
1220217825089875969
1220217807452852224
1220217803791167490
1220217797025902595
1220217762284355585
1220217694126923776
1220217687478951937
1220217667258208257
1220217658785726465
1220217643312939009
1220217636635607040
1220217620076490752
1220217601613152261
1220217587629543426
1220217572362113024
1220217568251662336
1220217556142657537
1220217540145819648
1220217530993795072
1220217530247077888
1220217505626513410
1220217499020488704
1220217466338627584
1220217450635112448
1220217440040181760
1220217427830558720
1220217424538152962
1220217382154711043
1220217376349646848
1220217369391316992
1220217343776784384
1220217333861535745
1220217321278459904
1220217309777690625
1220217230668914689
1220217189912858624
1220217183592050689
1220217177384448000
1220217169192972288
1220217164851970048
1220217119931031552
1220217104617488384
1220217068168957952
1220217063253270531
1220217045570080768
1220217044953522176
1220217024279826432
1220217022413336577
1220217017732517888
1220217005355061248
1220216988389109760
1220216984740061184
1220216952758493184
1220216915936759808
1220216899146878976
1220216842540797958
1220216772508340224
1220216760814592001
1220216733341847552
1220216722013085696
1220216710604607489
1220216688706088960
1220216672453189632
1220216655281704960
1220216631030235136
1220216568782540801
1220216559156617217
1220216558040969217
1220216537690316801
1220216466185711617
1220216442743926785
1220216414092455936
1220216344315977733
1220216273918775296
1220216251793866752
1220216231103303681
1220216218872774656
1220216124693827584
1220216103248379904
1220216086659911680
1220216074139918336
1220216064253952001
1220216040384151553
1220216035170607104
1220215994863386626
1220215991478583296
1220215989435949058
1220215978862108674
1220215977960341504
1220215973329850369
1220215962126864384
1220215960705126400
1220215951720767488
1220215938223443968
1220215924151607298
1220215899484979200
1220215887686324224
1220215886847627264
1220215879742345216
1220215869738893313
1220215842446569472
1220215834104066049
1220215739728056320
1220215668705882112
1220215648208314369
1220215599835385856
1220215529308221441
1220215506814132224
1220215492339585024
1220215476074057729
1220215472542638082
1220215472165011456
1220215454288924672
1220215449197142017
1220215441303506944
1220215436186271745
1220215369706553344
1220215347850006530
1220215326672998400
1220215313981030400
1220215294116929538
1220215278145097728
1220215244779163649
1220215239267848192
1220215239175598080
1220215228840828928
1220215227217694720
1220215227213418501
1220215216685953024
1220215172834324480
1220215159668396033
1220215146800467968
1220215115682807809
1220215065669849088
1220215027531038722
1220214988557770753
1220214982958178305
1220214971478335488
1220214968194174976
1220214967414198272
1220214959159705601
1220214948808155136
1220214940910243841
1220214883569897472
1220214870945271809
1220214861180719104
1220214823713067008
1220214815492173828
1220214803467161600
1220214798777847808
1220214796475232256
1220214713801330688
1220214683778437121
1220214679965855744
1220214660613300225
1220214644306075648
1220214638144577538
1220214611732877312
1220214600098111488
1220214596025208834
1220214592917295105
1220214557576032256
1220214523115655169
1220214505034010624
1220214501502414848
1220214441779847172
1220214436411199489
1220214436285140992
1220214362935320577
1220214354642997250
1220214332480376832
1220214298351243264
1220214289677475841
1220214255284211714
1220214237462552576
1220214220983132160
1220214185516097536
1220214110476013568
1220214109171412993
1220214094873034752
1220214087663026176
1220214037562085376
1220214032877211649
1220214014124232704
1220213985913511936
1220213984839647232
1220213984118308864
1220213960802295810
1220213959246127104
1220213949146132482
1220213940958957568
1220213932561879040
1220213881936596993
1220213856363937792
1220213850299125760
1220213841016979458
1220213787300515840
1220213773249630208
1220213756438835201
1220213731012907008
1220213692991725568
1220213688285532162
1220213668383584262
1220213648351621120
1220213634586107905
1220213630353825792
1220213600138100737
1220213593767018497
1220213577966948352
1220213564776108032
1220213555460374528
1220213521801023489
1220213508903555072
1220213455426183168
1220213447998095361
1220213404968701952
1220213381757464576
1220213350992371712
1220213323767013376
1220213269450776576
1220213263297724416
1220213225456689152
1220213190488813568
1220213179302793216
1220213162386972674
1220213115393994752
1220213089276030976
1220213068904292354
1220213060041707520
1220213025833127942
1220212978340876288
1220212913371115521
1220212903011217413
1220212885386739713
1220212855955509248
1220212832798593024
1220212814414893058
1220212773071790085
1220212770987134977
1220212766901882880
1220212739160690688
1220212727475388416
1220212668549623808
1220212662740537344
1220212647628398592
1220212591798079488
1220212550958288896
1220212549867585537
1220212549649494017
1220212528862547968
1220212515398811648
1220212503306571777
1220212480279842816
1220212473967665158
1220212469295013893
1220212431114272768
1220212422952222720
1220212410096599040
1220212388441407488
1220212382506594305
1220212368971530242
1220212345940496384
1220212340475346944
1220212339741548544
1220212329125531648
1220212324813787136
1220212322628595712
1220212322221690880
1220212303595016193
1220212301170524160
1220212299631398913
1220212292299771904
1220212260615815168
1220212256182558722
1220212241728864256
1220212196300320775
1220212188608000000
1220212180622151680
1220212172292272131
1220212108173942784
1220212096895463425
1220212092399054848
1220212081170907136
1220212081003134976
1220212079333986305
1220212021943123974
1220211978502885376
1220211972945240064
1220211964321783808
1220211958026080257
1220211951986331648
1220211935871823873
1220211930624905216
1220211888274849792
1220211860852498438
1220211856255488000
1220211837255307264
1220211831135862786
1220211826866016256
1220211823091183616
1220211805802250241
1220211788370731008
1220211782511280128
1220211774462382083
1220211766178676739
1220211754833195008
1220211652815179777
1220211650403266560
1220211640475344896
1220211621710061568
1220211619264856065
1220211565535748097
1220211543851159552
1220211534422409217
1220211514201821187
1220211506949677056
1220211497999093761
1220211482006368256
1220211463983263744
1220211431997681664
1220211385088393218
1220211270210785280
1220211252636442625
1220211234198323201
1220211217689710592
1220211197816913920
1220211162849124353
1220211146587701248
1220211133782511616
1220211128245993472
1220211091940077568
1220211076509261825
1220211072377868288
1220211060654784512
1220211021551267840
1220211016216088576
1220211001699659776
1220210957281980416
1220210944439132160
1220210931461804032
1220210914319904768
1220210864181207040
1220210849840680961
1220210787207319552
1220210768186003457
1220210756345417729
1220210738645676032
1220210735764000768
1220210717791416320
1220210711822909440
1220210702234767360
1220210699252617216
1220210674699325440
1220210665035419649
1220210664062382080
1220210661961039872
1220210589936439297
1220210578515324929
1220210501272997888
1220210474706276352
1220210440040411137
1220210435292454912
1220210434545897472
1220210402342006785
1220210364140228608
1220210266794872834
1220210235211567105
1220210219575214083
1220210193620848640
1220210167385477121
1220210104714158080
1220210049219346432
1220210035046772738
1220210020991660033
1220210017049006080
1220209976385273856
1220209964129538048
1220209957754130432
1220209956038725633
1220209921188171776
1220209891324809218
1220209887449190400
1220209876107837445
1220209849499189248
1220209846772891650
1220209842737958913
1220209835884646401
1220209830641786880
1220209796533477376
1220209775734132737
1220209774903431169
1220209772948905984
1220209758386307072
1220209708134367233
1220209703386591237
1220209689008508928
1220209621819768833
1220209612097540096
1220209594200285184
1220224632562696193
1220224574408790017
1220224502660919296
1220224475431501824
1220224458713001985
1220224438123270145
1220224347085819905
1220224338227535872
1220224282233655296
1220224259303231488
1220224189497348096
1220224162725273601
1220224146187022342
1220224136485621761
1220224134719901696
1220224101836632064
1220224094358188032
1220224041304252416
1220224029052882945
1220223997260050434
1220223981413945345
1220223929752653824
1220223923339460608
1220223921951100930
1220223870482993152
1220223851973500928
1220223820046336000
1220223747443040256
1220223739205275648
1220223726316163072
1220223721631363072
1220223715159482370
1220223701955895297
1220223619214667776
1220223611488874496
1220223585995739136
1220223582485090307
1220223579641413633
1220223569159802880
1220223508526952450
1220223506622758912
1220223466433060864
1220223451970949121
1220223393963753472
1220223383842906114
1220223368286199808
1220223322719387648
1220223318051057664
1220223227760238592
1220223217261932544
1220223193664933888
1220223144457359360
1220223135963865088
1220223075771273216
1220223052262166533
1220223033589170179
1220223012080771073
1220223011367849984
1220222974298677248
1220222959152877568
1220222899539169280
1220222865993359360
1220222831662944257
1220222711701606400
1220222629614903296
1220222585805258753
1220222574958788608
1220222528267935744
1220222495380385792
1220222493551681536
1220222397460176899
1220222357580632066
1220222355961610242
1220222347170344960
1220222333102641152
1220222261891760128
1220222256871284741
1220222226764455936
1220222212709343233
1220222177527484418
1220222127107989504
1220222112494809088
1220222095407435776
1220222079259181058
1220221987034845185
1220221979992576000
1220221979371982850
1220221947004493824
1220221940822085634
1220221922463625216
1220221870387142657
1220221869376196608
1220221841240776706
1220221828305571840
1220221781786681345
1220221772324204544
1220221771921539072
1220221761444179968
1220221674903130112
1220221670201282561
1220221605919330305
1220221537468452864
1220221506237714433
1220221505080086528
1220221477091450882
1220221451594280962
1220221423630684160
1220221359885836288
1220221310539902976
1220221304093204480
1220221259033636864
1220221256177504256
1220221228582985730
1220221223516430336
1220221219338743808
1220221217577164800
1220221215241113600
1220221202788159489
1220221139647107072
1220221107237609472
1220221101831225344
1220221100690460672
1220221077994917888
1220221073544765441
1220221071741345793
1220221065835638784
1220221060341211136
1220221028665905152
1220221007014912001
1220220964950040576
1220220904875220992
1220220855466307584
1220220810545131520
1220220764240039936
1220220694895702016
1220220639509803008
1220220504331567105
1220220443522564097
1220220432013352960
1220220398513479680
1220220370390700032
1220220365466742785
1220220345753460736
1220220334760235008
1220220265038262274
1220220198122414080
1220220178484482049
1220220044292116480
1220220000226512897
1220219996674105346
1220219884132392960
1220219815748689926
1220219789047558144
1220219772719239168
1220219609707474946
1220219561145966592
1220219555399663616
1220219542468587521
1220219509325254656
1220219467239772161
1220219415960047616
1220219369831055360
1220219329096097792
1220219270342291456
1220219208639774721
1220219141019312128
1220219071746203648
1220219059599441920
1220219051462615041
1220219046253101058
1220219041941467137
1220219020957249536
1220218879617556480
1220218856427278336
1220218843878039552
1220218791851769856
1220218783177961473
1220218781571530754
1220218742476398593
1220218693952647168
1220218673694150656
1220218659613937664
1220218612440539136
1220218494580490240
1220218461735079936
1220218458106888192
1220218434761478144
1220218389609639937
1220218349059280896
1220218318159613952
1220218269556264961
1220218258130788352
1220218247645224960
1220218174013968384
1220218164396453888
1220218158394593280
1220218155395665920
1220218079692517379
1220218026227916800
1220217911106818048
1220217894459662336
1220217847600898048
1220217833725972480
1220217795830374405
1220217702867853312
1220217690263998464
1220217623683579905
1220217608647204869
1220217605425778688
1220217553752154114
1220217548131581952
1220217531325173761
1220217523624243201
1220217515885957121
1220217499733676032
1220217480305446914
1220217455697637376
1220217411116253187
1220217373547995137
1220217341147078656
1220217260876406784
1220217236893458432
1220217204521590785
1220217169184579584
1220217150570258432
1220217120912482305
1220217061701341184
1220217005619310592
1220216938862825474
1220216888929722368
1220216849872277504
1220216801969049600
1220216731311828992
1220216716439031808
1220216658725343232
1220216572670705665
1220216531038146560
1220216479427129346
1220216411454410754
1220216341040267265
1220216337336864769
1220216279304265728
1220216171380822016
1220216160597110785
1220216118838689792
1220216103353421824
1220216037741907968
1220216006053892096
1220215949313236992
1220215718517649409
1220215684346585088
1220215680198377472
1220215597520375808
1220215591497338880
1220215583632973829
1220215576716439552
1220215564229959681
1220215526150090754
1220215501059584000
1220215468260093953
1220215356020518912
1220215350496845825
1220215335158272000
1220215291357155328
1220215259635404801
1220215226018168832
1220215210817966081
1220215178739892224
1220215118983614464
1220215054106271744
1220215044748660742
1220214995604078593
1220214994001940481
1220214977664933890
1220214933628977152
1220214909478240256
1220214835289432064
1220214756914663424
1220214705211367424
1220214670272946176
1220214567420059648
1220214533194600448
1220214498365075456
1220214472645627904
1220214446863396864
1220214444187377664
1220214385576226817
1220214247898013696
1220214244605513734
1220214230277742592
1220214228583251968
1220214225500393474
1220214217401229313
1220214186611003393
1220214108714201088
1220214042721234944
1220214001482620928
1220213961016193024
1220213861992804352
1220213775757905920
1220213732426559488
1220213686184230913
1220213626444713986
1220213593779687424
1220213589551861765
1220213527626956802
1220213454453104640
1220213406814199808
1220213384555257856
1220213384194322432
1220213361759019008
1220213355715186688
1220213317685268480
1220213308684300289
1220213243974647808
1220213217932107776
1220213213771522048
1220213212458758144
1220213203851870209
1220213160998666240
1220213145215684608
1220213115607846912
1220213061426040832
1220213009647198209
1220212975300173824
1220212926172160001
1220212909013291008
1220212794395709441
1220212786137047040
1220212782760677376
1220212780076109825
1220212771981266944
1220212687147159552
1220212670122450944
1220212616934543360
1220212600866144256
1220212479403257856
1220212451716694017
1220212436013158400
1220212434788585477
1220212410428133381
1220212404677685249
1220212358712307712
1220212302923927552
1220212228764393472
1220212224804786177
1220212215862611969
1220212189216280577
1220212179451793408
1220212104591859712
1220212082190061569
1220212060048498688
1220212048803401728
1220212048170086400
1220212037831102464
1220212025860616192
1220211956751241216
1220211908130639872
1220211886085423107
1220211791894056960
1220211758989705216
1220211738445897730
1220211724822962176
1220211701880119296
1220211617830440960
1220211615112540160
1220211595021733889
1220211588881248256
1220211576243924993
1220211574171811840
1220211494903799809
1220211481956012033
1220211468705992704
1220211438515576833
1220211396299968512
1220211365580693505
1220211351886409728
1220211314276040704
1220211314091593729
1220211082524024833
1220211061049241600
1220211050986889216
1220211048092819456
1220210953481940992
1220210950487166976
1220210856337690626
1220210852365656065
1220210814831005696
1220210808862531584
1220210808090587137
1220210776528642048
1220210746291818496
1220210741837471748
1220210704814198784
1220210637227331585
1220210633406283777
1220210616037728256
1220210552007360512
1220210526296215553
1220210494939648000
1220210433287761920
1220210424991318016
1220210377725808640
1220210365977571331
1220210361116348417
1220210354019545091
1220210352526438400
1220210347526651904
1220210330917396481
1220210288206594050
1220210275741315074
1220210256547958786
1220210216022704128
1220210163975626752
1220210123047653377
1220210090633986049
1220210087983075328
1220210086687203329
1220210039933296640
1220210025244680192
1220209971712921600
1220209970240684032
1220209966373654528
1220209951802458112
1220209925156233216
1220209888124637185
1220209831010656257
1220209822240591874
1220209783875219457
1220209699552841729
1220209690040262662
1220209660210360320
1220209657148362757
1220209632280502277
1220209631097651200
1220209620108500993
1220209591406850048
1220209588890472451
1220224353918423040
1220223089277046784
1220222917788651523
1220222589374619648
1220221633731780608
1220221348150153217
1220221171976851456
1220221109955518465
1220221042691473408
1220220986475327488
1220220877666570240
1220220425957003265
1220219916629839872
1220219261496393730
1220219037915013120
1220218759509495808
1220218345913372673
1220217849769127936
1220217786468691968
1220216144788742144
1220215906204311552
1220214734965755904
1220214266591993858
1220214025809625088
1220213772737925120
1220213764802265088
1220213583931248640
1220213392083845120
1220213391819788288
1220212961744023552
1220212777630855168
1220212768021909505
1220212400026046464
1220212040125403138
1220212022073118720
1220211928171081729
1220211750059962368
1220211522997116928
1220211361893867521
1220210698896064513
1220210338466942977
1220210013878153218
1220224607707287553
1220224459342303233
1220224345357746178
1220224283500318721
1220224188012589056
1220224118274117632
1220224067883565056
1220224065274707968
1220224049927852034
1220223975705468935
1220223943908323328
1220223887574568960
1220223852560683010
1220223805500657664
1220223744720826371
1220223715377475594
1220223686273327104
1220223666165833729
1220223443464908800
1220223442487693312
1220223435499950081
1220223373525110784
1220223315140214784
1220223249642147841
1220223129701601280
1220223051414953984
1220222993546272768
1220222945835896832
1220222848498839552
1220222798662029313
1220222769910239233
1220222626771001344
1220222614745927680
1220222609809268736
1220222596135948288
1220222557590192129
1220222545808494592
1220222533619920896
1220222501172604928
1220222473729277954
1220222459460276224
1220222405689262081
1220222365210234885
1220222334507708416
1220222307953594368
1220222275577774080
1220222225967542272
1220222169604427777
1220222152537866241
1220222081725419520
1220222004940267520
1220221981431402497
1220221956030636033
1220221863957319681
1220221826586103808
1220221763658776577
1220221746277687296
1220221745321467904
1220221687255273473
1220221681408471041
1220221679864963074
1220221662236487680
1220221652354719745
1220221633882882048
1220221623128608768
1220221610306699264
1220221545013862400
1220221492333613056
1220221486209949698
1220221447991439360
1220221396720091138
1220221395013074944
1220221384971784193
1220221373852811264
1220221363094351874
1220221362595418113
1220221354470854657
1220221338163408897
1220221267493548038
1220221247511875584
1220221064262881281
1220221037239029761
1220221003609100289
1220220990174576640
1220220974756507648
1220220967034638337
1220220928732340224
1220220910742884354
1220220855029862400
1220220768996425728
1220220558467452931
1220220515132092417
1220220510463832064
1220220413386665984
1220220384563417089
1220220300672921600
1220220212546396161
1220220211183308801
1220220182095790081
1220220151427035137
1220220050688421888
1220219996858503168
1220219905477267456
1220219838427254785
1220219790616219648
1220219774094807040
1220219773826396161
1220219735146561537
1220219731191500800
1220219702300905473
1220219700761620480
1220219454501552130
1220219447836692480
1220219442455404544
1220219361904021506
1220219352424820736
1220219332837486592
1220219287027060736
1220219263237132288
1220219259629891584
1220219249920237569
1220219248297103360
1220219072626868224
1220219037268856832
1220219015403991041
1220218833404739584
1220218772847349760
1220218682690793474
1220218646913380354
1220218554529669120
1220218512947286016
1220218428100874246
1220218413651415041
1220218405728342016
1220218346035003392
1220218337071812608
1220218314514890752
1220218286492676098
1220218265286463490
1220218241198383104
1220218161372360705
1220218156804820992
1220218116732604417
1220218072759488512
1220218023899877378
1220218014554968064
1220217946527752193
1220217937279234048
1220217900646137856
1220217784334012417
1220217766193569794
1220217678213742593
1220217658492125184
1220217443047497728
1220217429701226498
1220217427906174982
1220217417198120961
1220217415197347840
1220217396256034818
1220217288168595456
1220217245063761920
1220217167712374785
1220217138516045825
1220217123923841025
1220217117053579264
1220217107704614912
1220217087026552833
1220217064264101888
1220217050997542912
1220216928909832194
1220216798643048449
1220216796361314304
1220216789113753600
1220216761598926848
1220216697556275201
1220216523119374338
1220216515808481282
1220216504496488448
1220216455506980864
1220216433424027648
1220216419737993216
1220216397579440128
1220216281413980161
1220216215240462338
1220216173565865984
1220216098752122880
1220215901737218048
1220215755561562113
1220215745788776448
1220215719612125185
1220215704663871489
1220215658874433536
1220215648942424064
1220215595792125952
1220215585021124608
1220215549709258753
1220215498249404416
1220215450740506624
1220215401839321088
1220215355496230913
1220215278258159617
1220215263397728256
1220215222494846977
1220215204463562752
1220215135580704768
1220215134661951488
1220215131004526592
1220214990222712832
1220214951685607424
1220214936892108801
1220214933356302336
1220214910593818624
1220214884870152192
1220214869200257024
1220214849688326144
1220214763730305029
1220214728741412865
1220214702464098306
1220214700140400640
1220214699817496576
1220214684781105154
1220214665076080640
1220214660214841344
1220214658050560000
1220214646948282374
1220214638203138048
1220214636106088449
1220214592170856448
1220214570028916736
1220214452982669312
1220214224959328256
1220214211181039617
1220214194387046400
1220214186736672768
1220214137193562112
1220214085863776257
1220214078817202177
1220214055350095872
1220214033183166464
1220214006977138688
1220213974727217154
1220213938962325504
1220213910034247680
1220213877796794368
1220213828115320832
1220213812986384385
1220213795752157184
1220213791880896512
1220213747777597440
1220213712138776581
1220213698788085760
1220213611752128517
1220213604818931712
1220213565291925504
1220213482919997440
1220213481720500225
1220213453966602245
1220213418004606977
1220213406336200704
1220213395611439104
1220213344302292992
1220213313000202240
1220213309934190593
1220213281815769088
1220213265034121217
1220213235401383937
1220213221837008896
1220213193257234432
1220213185791184896
1220213126026665993
1220213112101490688
1220213073488646144
1220213031424020481
1220212912108625920
1220212895281307648
1220212858631290881
1220212852637736961
1220212751747796992
1220212729249771520
1220212714808569856
1220212598534217728
1220212558155542529
1220212431881768960
1220212366664552450
1220212296519016448
1220212181284708353
1220212137982717953
1220212064737775616
1220212000153833473
1220211995779178496
1220211965789908992
1220211955165814785
1220211908206387200
1220211879244492804
1220211861984968708
1220211770440257536
1220211705629810688
1220211656417894400
1220211638629851136
1220211634347683840
1220211607139233792
1220211603456421893
1220211537505181702
1220211512293437441
1220211485990846464
1220211481599299584
1220211478310948864
1220211461026471937
1220211411407843329
1220211374653104128
1220211330608553984
1220211310178316288
1220211293468033025
1220211279240912896
1220211279211585536
1220211229773295616
1220211164367319040
1220211160315617281
1220211152103174144
1220211149683081221
1220210977947422720
1220210896766754816
1220210853615562755
1220210842936971264
1220210820308774912
1220210745310269441
1220210718659825664
1220210703581110273
1220210659989655552
1220210551604883456
1220210531350396929
1220210529287000065
1220210513663053824
1220210508890038272
1220210475008503810
1220210444729667584
1220210352631140352
1220210328933289984
1220210269558726658
1220210262386413568
1220210200403005442
1220210188151656449
1220210175765860352
1220210106543017984
1220210094052237312
1220210038884704256
1220210025735643136
1220209960488853505
1220209919690887169
1220209879752667136
1220209723175129088
1220209686575583232
1220209681462779906
1220209660290093056
1220209641625280512
1220209631227711489
1220209616052682755
1220209609559818241
1220223630354681856
1220223588650881024
1220223487513518080
1220222066181279744
