1219868004269338624
1219877162280505344
1219877070664339456
1219877027509043200
1219876790430093312
1219876426071052289
1219876278012125184
1219875963682476033
1219875910641487872
1219875716025737216
1219875661738905600
1219875601797926914
1219875592520093697
1219875536849248257
1219875380661645313
1219875153401667584
1219875031146168322
1219874933104422912
1219874817672798210
1219874488227069952
1219874441200455680
1219874436544811010
1219874420816105472
1219874338033274881
1219874084684779522
1219873889896914945
1219873813426589696
1219873652780556288
1219873286672330752
1219873267709669376
1219873036251344896
1219872876238532608
1219872844907261952
1219872782118457345
1219872660508856320
1219872629450067968
1219872618787946496
1219872603088859136
1219872594255630337
1219872571832684546
1219872526760677377
1219872460071456768
1219872337371201536
1219872204571258880
1219872164716797953
1219872079836786688
1219872076577685504
1219872044302684160
1219872029324849152
1219871913889214464
1219871879093080064
1219871769269547008
1219871720561106944
1219871573018017792
1219871372182245376
1219871246738841601
1219871238207594497
1219871234562740224
1219871171086209024
1219871170494730240
1219871144649555968
1219871040832188416
1219870982271225861
1219870887035445254
1219870643606282240
1219870616590999552
1219870605316513792
1219870601080397824
1219870503315230720
1219870385740636160
1219870306522804224
1219870305231015936
1219870288621342720
1219870243193085954
1219870236750405633
1219870223773454336
1219870194228703233
1219870175148687360
1219870084723806209
1219869917203324928
1219869910580518912
1219869668678103040
1219869479175245825
1219869278574387200
1219869064732008448
1219868954887254017
1219868889032593408
1219868456016703488
1219868437012525056
1219868416628207617
1219868329738932225
1219868138197487616
1219868124633190402
1219868106975145985
1219868087991795712
1219867833745563650
1219867685636526080
1219867554451283968
1219867508041105409
1219867353657331712
1219867332442501120
1219867284354871297
1219867283591434241
1219867222274969600
1219867114674233345
1219867083846144000
1219867078573690880
1219867002484989952
1219866859752673280
1219866849812320256
1219866786008576000
1219866724864012290
1219866714101280770
1219866702680219648
1219866586967871488
1219866318209540103
1219866177167675393
1219866048305999872
1219865992563699712
1219865979628462080
1219865952185212928
1219865821679362048
1219865591001026560
1219865520905781248
1219865370401611778
1219865352626221057
1219865284682452992
1219865278336634880
1219865245147070465
1219865179854295040
1219865177195192321
1219865173701382144
1219865069347135494
1219865028012064769
1219865023578697728
1219865006075854849
1219864877189099520
1219864841554288640
1219864611094237185
1219864592505102336
1219864467158315008
1219864424489472005
1219863976185434113
1219863773764173825
1219863744060252161
1219863707888451584
1219863700183625735
1219863546479009792
1219863395794591744
1219863337493680134
1219862956189442048
1219862855773753345
1219862789952421888
1219862586533064704
1219862496229699585
1219862334186848256
1219862267669426176
1219862257770868737
1219877150515286017
1219876280977498112
1219875994217005056
1219875700502491136
1219875177728598016
1219872362390159361
1219872282362777601
1219871253311430657
1219870815618887681
1219870649792884736
1219869799234203649
1219869535152394240
1219869318080389121
1219867980596572165
1219867538416291840
1219867450520375301
1219866721013526529
1219865727861059584
1219865503755169793
1219864400770863104
1219863202625998849
