1220141637000556544
1220149140878848001
1220149084729810945
1220149065784025089
1220149017708941314
1220149001334468614
1220148997295235074
1220148985094115329
1220148971001327623
1220148942400176128
1220148935408463872
1220148931155218433
1220148912679460864
1220148905096204294
1220148872363892736
1220148861861150720
1220148819637174276
1220148772086386688
1220148734169772032
1220148730575212545
1220148725022121984
1220148698967158785
1220148692289757186
1220148623893245952
1220148599834714113
1220148527461879808
1220148514463928321
1220148491453902848
1220148474773213185
1220148423510282240
1220148372398624769
1220148358163181568
1220148349900402688
1220148315397840898
1220148305470140416
1220148295236046849
1220148289535954946
1220148259454439424
1220148234263453697
1220148222586261505
1220148194069270528
1220148183742828544
1220148177170362368
1220148156639449088
1220148144794755072
1220148080676229120
1220148025861066755
1220148012657233920
1220148010341945345
1220147979769659393
1220147968831115264
1220147960752766976
1220147946211172354
1220147943010918403
1220147937386401792
1220147919980023808
1220147908193832960
1220147897217384448
1220147858990518272
1220147854783602688
1220147827482886144
1220147795685867520
1220147744729264128
1220147737112563713
1220147714123390976
1220147687326130176
1220147682871611392
1220147669475024896
1220147668254633984
1220147663250657280
1220147648990085120
1220147638022164481
1220147631336448000
1220147630900228102
1220147624092819456
1220147615993491458
1220147570569334791
1220147526600445954
1220147526046748673
1220147492341211136
1220147455603273728
1220147450108874752
1220147434313191424
1220147427677786112
1220147395813572609
1220147394735693827
1220147392156262402
1220147366017273856
1220147363525718017
1220147310967119878
1220147280763932672
1220147261490987008
1220147242327330820
1220147239403655168
1220147229777977344
1220147229505282050
1220147214909087747
1220147213357240320
1220147193006432257
1220147188325584901
1220147176480919552
1220147142339239936
1220147114732224512
1220147083509764096
1220147081618317322
1220147037292781569
1220147001733656578
1220146998508212225
1220146997447053313
1220146993441443840
1220146967847682048
1220146956271607809
1220146940953841665
1220146938106056710
1220146924009021441
1220146910004117506
1220146862705008642
1220146825870659584
1220146821315604481
1220146811215777793
1220146796745449472
1220146791280259078
1220146783671738368
1220146782262517761
1220146775757029376
1220146765552332801
1220146747051257859
1220146729372323840
1220146710787317762
1220146672577150976
1220146668185837572
1220146647151366149
1220146639039614976
1220146638464917505
1220146636246175754
1220146593980125186
1220146583645212672
1220146580126388226
1220146477709684736
1220146459758288897
1220146457518493697
1220146434365952005
1220146429827538945
1220146415877246976
1220146409434992641
1220146385326047237
1220146323145408512
1220146319966134272
1220146315960750082
1220146307051839489
1220146301561643009
1220146284016758785
1220146277586894848
1220146252274393088
1220146233609617409
1220146218099257344
1220146206753656832
1220146181902196737
1220146163481038849
1220146137023291394
1220146112851521539
1220146106035732481
1220146099475886080
1220146058967252995
1220145994421149697
1220145975064506368
1220145928591425537
1220145917510258688
1220145841039646720
1220145821997584389
1220145787985940480
1220145779110764544
1220145778649391106
1220145766318137350
1220145748601384960
1220145736580509697
1220145696814391298
1220145681148477441
1220145668406333440
1220145667110330369
1220145645643845633
1220145637724786688
1220145567491395584
1220145537514500097
1220145527838265346
1220145465892786176
1220145463787020288
1220145454773678080
1220145440735350785
1220145415225364481
1220145413472256001
1220145392148459527
1220145387136114688
1220145377216749568
1220145283620835334
1220145276184399873
1220145265019179013
1220145241761542144
1220145236296503296
1220145216516128768
1220145190675062784
1220145184337547264
1220145179757305856
1220145175629971456
1220145161923112965
1220145154750844928
1220145146097958912
1220145142457421824
1220145131128532993
1220145117811695621
1220145103433535488
1220145101105770507
1220145099272859651
1220145071342751744
1220145064808194049
1220145062266277888
1220145052338606080
1220145042574184449
1220145039822610432
1220145039566942210
1220145038962749440
1220145025948012544
1220144935833407495
1220144935304859650
1220144914538717184
1220144863347462145
1220144834402340864
1220144833978863616
1220144825837785089
1220144802471272449
1220144797794484224
1220144781357133824
1220144739392995329
1220144737908412419
1220144730446626817
1220144715984539648
1220144710028840961
1220144706400636928
1220144694941843456
1220144693998243842
1220144666810572807
1220144659420323840
1220144637660278786
1220144624611794946
1220144608685916161
1220144601022922753
1220144588914151424
1220144568789655552
1220144560866766848
1220144559117697030
1220144544345415686
1220144539979132929
1220144522174377984
1220144518151864326
1220144425042620416
1220144421028745216
1220144402640797697
1220144398286983168
1220144389432864768
1220144385230159872
1220144367035305989
1220144344050622471
1220144309913182208
1220144294033408001
1220144267441639424
1220144260709801984
1220144211573530626
1220144195287076869
1220144181005504512
1220144132615786496
1220144048582717441
1220144026143404033
1220144024444641289
1220143994153447430
1220143975731851264
1220143929619701761
1220143927220563968
1220143871885238272
1220143867439218688
1220143847038078978
1220143820337242112
1220143793938235394
1220143767174467584
1220143738636374019
1220143717463490560
1220143714095390720
1220143670126575619
1220143624362414080
1220143620247834624
1220143588492734464
1220143478954393600
1220143470461050880
1220143406464323584
1220143387388469249
1220143360188375040
1220143351745282048
1220143333743439872
1220143321684811776
1220143302600728576
1220143253187629056
1220143221289955329
1220143182215815168
1220143137609277440
1220143127597592577
1220143126884601856
1220143104864456705
1220143060895576064
1220142992729788417
1220142948563800064
1220142912941543426
1220142882306297857
1220142867190091776
1220142863566213123
1220142844100448257
1220142719131095041
1220142695013736449
1220142624201293824
1220142604635004928
1220142583080529920
1220142575153242112
1220142509990367235
1220142493389377536
1220142432727322624
1220142430315376640
1220142427249397760
1220142418965692421
1220142413156704256
1220142385235185670
1220142372065095690
1220142295653240832
1220142141013483520
1220142057479720961
1220142023899922432
1220141971269804032
1220141961236975616
1220141896170758144
1220141877497864192
1220141849509355520
1220141834871029760
1220141825148817408
1220141824389664768
1220141785621630987
1220141766461906945
1220141728629436417
1220141713760514048
1220141651638849536
1220141650682548228
1220141634681212930
1220141625353129985
1220141620693274629
1220141599939842048
1220141579094183936
1220141546936266753
1220141545350889473
1220141517764882432
1220141494679539713
1220141476962873344
1220141461213192196
1220141455236354048
1220141450530185217
1220141415461793798
1220141397648404480
1220141316576702464
1220141284775489536
1220141282129055745
1220141278282706945
1220141238000721920
1220141223907921921
1220141208934191107
1220141172573851651
1220141126453207040
1220141100968620033
1220141087706304513
1220141065770094593
1220140985495228416
1220140969561116672
1220140910056525824
1220140886077706241
1220140879110922240
1220140828133216258
1220140746327646208
1220140734361284610
1220140733518229510
1220140698453913600
1220140671169900544
1220140635501604864
1220140631093391360
1220140629612728321
1220140589154492416
1220140554857648129
1220140546632511488
1220140508128743430
1220140502575734784
1220140428936105984
1220140425585086465
1220140419469561857
1220140417930252289
1220140360208351235
1220140327757062144
1220140325940989952
1220140285641940997
1220140274472517633
1220140272731820033
1220140246018543616
1220140221615853568
1220140168298008576
1220140160429543424
1220140152728772610
1220140142431744003
1220140092079034368
1220140078711951361
1220140070046457861
1220140062970732544
1220140018976428033
1220140002157268993
1220139994809077760
1220139990828498945
1220139943873265664
1220139939960172544
1220139937670029320
1220139870804463617
1220139859878334466
1220139774763290625
1220139718181969920
1220139708577021953
1220139648996925440
1220139637571608577
1220139619360157698
1220139603195072518
1220139602381549568
1220139522920472576
1220139518059139072
1220139496852860929
1220139493640024065
1220139486257922048
1220139463801737217
1220139440632451072
1220139437201354753
1220139409569243136
1220139376505540608
1220139371715878912
1220139308377694208
1220139287657828353
1220139281131327489
1220139280535818246
1220139276513554432
1220139260759568384
1220139234197000192
1220139183530037248
1220139181479022593
1220139177758429185
1220139168019382273
1220139158754164738
1220139115829579777
1220139082128543744
1220139075597893633
1220139073316089856
1220139061819531264
1220139049652047873
1220139041980649473
1220139038428094467
1220139030219829250
1220139009416028160
1220139008199741440
1220138983113527302
1220138978097143810
1220138941753348096
1220138922249990145
1220138920442200064
1220138895406440454
1220138847448838145
1220138820408090625
1220138815924396033
1220138805031849984
1220138773763092480
1220138768402931714
1220138749419454470
1220138725478293504
1220138651755085824
1220138609942126603
1220138562777231365
1220138522067324928
1220138519668121602
1220138486134714368
1220138450541842432
1220138425392615424
1220138419944378369
1220138407906537472
1220138316168744961
1220138224460406784
1220138220123574272
1220138189429641216
1220138177157107714
1220138118516498434
1220138106990419973
1220138101445513216
1220138082906730496
1220138060261810177
1220138045741129729
1220138035389648896
1220138006511804417
1220137963981504512
1220137951323213826
1220137911510863873
1220137844297142273
1220137836306890752
1220137831684878336
1220137828195229696
1220137736889257984
1220137656497135617
1220137639149309952
1220137617825714176
1220137581381185537
1220137561340989441
1220137514213625856
1220137507846647808
1220137497189109765
1220137496987697153
1220137493653266437
1220137482584576001
1220137457175252992
1220137433225781249
1220137412921217024
1220137392583122960
1220137357313302528
1220137325180616705
1220137315990941698
1220137263688028162
1220137233585446912
1220137228548087810
1220137181831991304
1220137168947073024
1220137085547319302
1220137068225007618
1220137066031394820
1220137009680961538
1220136985953587200
1220136946925629440
1220136936125403136
1220136914742702080
1220136908615028742
1220136896103362561
1220136844911874049
1220136824804388869
1220136801114955782
1220136732240289792
1220136683309584384
1220136681677971457
1220136664032366598
1220136650539356160
1220136619065262082
1220136563176300544
1220136512630603776
1220136494704185346
1220136462269714434
1220136389263745026
1220136387996979200
1220136326554701825
1220136320485535745
1220136309873836044
1220136294811983872
1220136279637016576
1220136249996038146
1220136188243255297
1220136145918447617
1220136118924075008
1220136078709067777
1220136020076847117
1220136000539762688
1220135980440739840
1220135978096103424
1220135965592653825
1220135949037735937
1220135947314061313
1220135917643542528
1220135913134620673
1220135892645339136
1220135892523851776
1220135872491855874
1220135862488354816
1220135858990247936
1220135798542127106
1220135795924840448
1220135789058777088
1220135762705829889
1220135744179789826
1220135730858455040
1220135685220229120
1220135662944305152
1220135650998927360
1220135630459432960
1220135615217336320
1220135603834105859
1220135571995209729
1220135555742068738
1220135514210099200
1220135503338573832
1220135440918794241
1220135402209718272
1220135399105945600
1220135385797255168
1220135380348833793
1220135347578863618
1220135321389752320
1220135270143746049
1220135258538086401
1220135254926733313
1220135201105498112
1220135095522209794
1220134983756546048
1220134962084622336
1220134937958862849
1220134880236802054
1220134864747421697
1220134855259951104
1220134851665440768
1220134842496626688
1220134825992118277
1220134819977465857
1220134813635698688
1220134810104074241
1220134808870932481
1220134807021260800
1220134762196688896
1220134749513113600
1220134740273061891
1220134739778179072
1220134675483521024
1220134670714667009
1220134668424474624
1220134587335970820
1220134581866598400
1220134559892811776
1220134554536763392
1220134550002491392
1220134547096064001
1220134539672084485
1220134530796752897
1220134462631153666
1220134447057518593
1220134411758211073
1220134405156540416
1220134403831021569
1220134380036939776
1220134378266877954
1220134372889825280
1220134329470373888
1220134319567581189
1220134318581768193
1220134297501302784
1220134289892835328
1220134266060886017
1220134250034487297
1220134201229484037
1220134196095569920
1220134151925444608
1220134144677539840
1220134140743430144
1220134140516892672
1220134128852590592
1220134121864822792
1220134120283525120
1220134091338567681
1220134067712221185
1220134056978829312
1220134055338840064
1220149133077434368
1220149103629361155
1220149103574835200
1220148999627235329
1220148981818281984
1220148968547438592
1220148964495908871
1220148957285765121
1220148938411347968
1220148917297278976
1220148893570215942
1220148814574567425
1220148812385267718
1220148799642861568
1220148747604234241
1220148740612403201
1220148722698477568
1220148669900558338
1220148582700871681
1220148582432432128
1220148581753065472
1220148572026560512
1220148570843598848
1220148570742935552
1220148567974674433
1220148562312359936
1220148562165583873
1220148502652706816
1220148501126045696
1220148489688010752
1220148483832807425
1220148473586159616
1220148459321221120
1220148398231179264
1220148394179514369
1220148376622120960
1220148369747656704
1220148363812855808
1220148309043499008
1220148285505064962
1220148273052372994
1220148263275204608
1220148260859346945
1220148260490186752
1220148242542813184
1220148220510253057
1220148183608823809
1220148164918939648
1220148164314816512
1220148156341506050
1220148143494500353
1220148139119673347
1220148118659878912
1220148105787539456
1220148082668535809
1220148080919531521
1220148038758367232
1220148036308885504
1220148018940403712
1220147998677557249
1220147993921323015
1220147972043833344
1220147947989389318
1220147903882117126
1220147862547263490
1220147853156343808
1220147818020519936
1220147768037003264
1220147698034233351
1220147674113986560
1220147657286414338
1220147638923751424
1220147604064886787
1220147550935646209
1220147501954564098
1220147466475122689
1220147407976947712
1220147387869458432
1220147374825172992
1220147371897688065
1220147367594213377
1220147362024194048
1220147346861850624
1220147340276916229
1220147266864013316
1220147266020954115
1220147231283539969
1220147217576554496
1220147160303292416
1220147133644324866
1220147129630457856
1220147080615747585
1220147061644914689
1220147058226667520
1220147035535331334
1220147016178765825
1220147000366120960
1220146960595812353
1220146952844775425
1220146885014499333
1220146878462996481
1220146874767667205
1220146844342411265
1220146824591200256
1220146813115588608
1220146811505201157
1220146803539992581
1220146802508218368
1220146801988132865
1220146780190281728
1220146751866146817
1220146745176477697
1220146740323467265
1220146718903357442
1220146713551224833
1220146686124650498
1220146685311012865
1220146676771573760
1220146674577727488
1220146666193350657
1220146662330507264
1220146656991240192
1220146626599063552
1220146600884023296
1220146597201248256
1220146572048007169
1220146567883173891
1220146562539479040
1220146555233030145
1220146551261188096
1220146535758872576
1220146493820043264
1220146444801204224
1220146441219399682
1220146435020087296
1220146421128712192
1220146414715465730
1220146414128267267
1220146403994951681
1220146391563018241
1220146350911705088
1220146350903287809
1220146350483898368
1220146347023708163
1220146337523519488
1220146319932772353
1220146311531352064
1220146298982060032
1220146296742391811
1220146280552374273
1220146274432946177
1220146268103741443
1220146261048774657
1220146259794677760
1220146236470071297
1220146183340838918
1220146130266267648
1220146121085005825
1220146091091513349
1220146055838175232
1220146036729155591
1220146014151032832
1220145996337803265
1220145958819786752
1220145952104673282
1220145948082548736
1220145888733036550
1220145877395869697
1220145874904309760
1220145848421507072
1220145783292346370
1220145779987271680
1220145757858103296
1220145751755329536
1220145745103216641
1220145740317462528
1220145724463050752
1220145708780490752
1220145691424460800
1220145659233345536
1220145614136020993
1220145564844642305
1220145549069910018
1220145535048224768
1220145526534017027
1220145523459416065
1220145522603724800
1220145503872008192
1220145455243202560
1220145434607280128
1220145421168730112
1220145387215802368
1220145362029051905
1220145360464568327
1220145358996570112
1220145358338023425
1220145315723890689
1220145309956726784
1220145273197879296
1220145232454414336
1220145232425046016
1220145199764135936
1220145199168380929
1220145165039366144
1220145125990400001
1220145075553849346
1220145063956631552
1220145060307783681
1220144995530760193
1220144971782795266
1220144919404326912
1220144849137082369
1220144821232230401
1220144786155307008
1220144770447593473
1220144754014294016
1220144726352879616
1220144716169134080
1220144711924506624
1220144675106869248
1220144606852988928
1220144601438113792
1220144599433236480
1220144596581138432
1220144589337612288
1220144586409926656
1220144559994392576
1220144470072557568
1220144435821891586
1220144427584253952
1220144413327839232
1220144397431427073
1220144376757641217
1220144349167726594
1220144343136137222
1220144241344561153
1220144233941651456
1220144225355845633
1220144206959632384
1220144182288760832
1220144181256978434
1220144174000984067
1220144099522535424
1220144085500973056
1220144081436696576
1220144070518902784
1220144022661894144
1220143881972412416
1220143860434649088
1220143839471525888
1220143825944903680
1220143822581260294
1220143811969445888
1220143798346346501
1220143792231075840
1220143787680436226
1220143755358900224
1220143753224171526
1220143741136142336
1220143735356280833
1220143728905670657
1220143716293197825
1220143716033130496
1220143706637922304
1220143698563874816
1220143627340410880
1220143619748827136
1220143592494125056
1220143549389275136
1220143507974709249
1220143483748413440
1220143472146968576
1220143459878629376
1220143457454280704
1220143436646367232
1220143424843595776
1220143409806991360
1220143391910113282
1220143381629657094
1220143377540247552
1220143359307608064
1220143340768727040
1220143330429952001
1220143323203039233
1220143310297292807
1220143263144742912
1220143243330932737
1220143222992670721
1220143219700162560
1220143203086548992
1220143201052266496
1220143193842319360
1220143191912878081
1220143183839092738
1220143150317981696
1220143124527357952
1220143057338716161
1220143016146432001
1220142960026632192
1220142944331522051
1220142931211743234
1220142823158075393
1220142799128907777
1220142796608139264
1220142735694319617
1220142721542705153
1220142692388216834
1220142680476274690
1220142655767629824
1220142651103535104
1220142615636529153
1220142610368483328
1220142601212268544
1220142532669001728
1220142489140518912
1220142447793041409
1220142437613522944
1220142426486013954
1220142403002068992
1220142396949688320
1220142317358796800
1220142302141673472
1220142302116634624
1220142221741129728
1220142214971420672
1220142197757972480
1220142196491292673
1220142152694452224
1220142132062588928
1220142106510950400
1220142105840046080
1220142097765810176
1220142067973808129
1220142052760899584
1220142039007760385
1220142018837405697
1220141977116659712
1220141970216996864
1220141956568842240
1220141939548282880
1220141851702808576
1220141835365912577
1220141816181186560
1220141781230055424
1220141773336395777
1220141723046694913
1220141718751924227
1220141702339493889
1220141686958911488
1220141612405149697
1220141601776779264
1220141594394996741
1220141486798516225
1220141476417376256
1220141449817313280
1220141419379085312
1220141404707414016
1220141374038822913
1220141356351287296
1220141354518339584
1220141345756663814
1220141320880046080
1220141311270875136
1220141271500480512
1220141265896951809
1220141255968976896
1220141225547718657
1220141212687974400
1220141187761229824
1220141172359942147
1220141162964508672
1220141131381518337
1220141129104068609
1220141106634997760
1220140993497878530
1220140946286792706
1220140940762857472
1220140909427183618
1220140905782444035
1220140877999271936
1220140861515657216
1220140852045062144
1220140836647649280
1220140820168208384
1220140817408356353
1220140811771437056
1220140803575537665
1220140790971686912
1220140772428615681
1220140728426340360
1220140728166207488
1220140723812454400
1220140696805396480
1220140645060243456
1220140624671698944
1220140581331980288
1220140536633470976
1220140439207960576
1220140415187161088
1220140412288913408
1220140363567915008
1220140359348559872
1220140359092711430
1220140319028547589
1220140282303279104
1220140172802527232
1220140131975225344
1220140097330458624
1220140041785069568
1220140010298413056
1220139986718162944
1220139959090171905
1220139955852214273
1220139954606444544
1220139939964211200
1220139918829113345
1220139900873216000
1220139890509254656
1220139882267332608
1220139855079804928
1220139738012815361
1220139734443315206
1220139610795200512
1220139610128310272
1220139602117218304
1220139568521011201
1220139559691800576
1220139541362700288
1220139512224894976
1220139509200969728
1220139500153778176
1220139493803474945
1220139492792602624
1220139471049392129
1220139353042800641
1220139320964612096
1220139310269132800
1220139300152434690
1220139292464484352
1220139282091978753
1220139277117341696
1220139275896926213
1220139256322187266
1220139236252254209
1220139207626125312
1220139200630030336
1220139146691457025
1220139134540533761
1220139096779055104
1220138968471105536
1220138967745671168
1220138913487917057
1220138893007175680
1220138872245510144
1220138837575225344
1220138827882409987
1220138806768070656
1220138798824034304
1220138756247818241
1220138662605787136
1220138648802217984
1220138647363575808
1220138645400608771
1220138635170762752
1220138562902884353
1220138482502291456
1220138444048875520
1220138402583957505
1220138401564971008
1220138391917850624
1220138382816202752
1220138381943787520
1220138376902279168
1220138368324927488
1220138279883833344
1220138279611387905
1220138230298836992
1220138202905726976
1220138065785540608
1220138009175019520
1220138007967125504
1220137989176561664
1220137986324459520
1220137954871349251
1220137948353449985
1220137915516276736
1220137845546864640
1220137830489346048
1220137778333138944
1220137765334994944
1220137753536581633
1220137726823018496
1220137724893487104
1220137699316621312
1220137686096338944
1220137680912048128
1220137674184384512
1220137664436932610
1220137652172644352
1220137632325201920
1220137599752294400
1220137595117506560
1220137592630284288
1220137530147782656
1220137522946117632
1220137488628375552
1220137478918676482
1220137471930847232
1220137470437687296
1220137440486182913
1220137428377272320
1220137415693819904
1220137362329493504
1220137353391394816
1220137281698140161
1220137277814452229
1220137231865659392
1220137222139260930
1220137200261660679
1220137200030904320
1220137133563879424
1220137084020617217
1220137070607265792
1220137055973326848
1220137044371890177
1220136998150631424
1220136967158943744
1220136948230053889
1220136941137604608
1220136910162550785
1220136907746660352
1220136878713626624
1220136878441058304
1220136860619395073
1220136797675483136
1220136752444108800
1220136730688290816
1220136687608614912
1220136600174243841
1220136529496104960
1220136515109412865
1220136488274259968
1220136483971043328
1220136419601145858
1220136409693966336
1220136396465135616
1220136385891438592
1220136380136816640
1220136369210572800
1220136344451715072
1220136269335781377
1220136245801758726
1220136241590464512
1220136236586688513
1220136167728975875
1220136071129747456
1220136038766534659
1220136033330679808
1220136010727612417
1220135998044028928
1220135978137874433
1220135950426095618
1220135939395112960
1220135934085062657
1220135901977808898
1220135892607696896
1220135876480638978
1220135837221953536
1220135811674525703
1220135742975795200
1220135727280689152
1220135695639089152
1220135675023904768
1220135659404312576
1220135652471107584
1220135649820520449
1220135647903502337
1220135643361112064
1220135621219508225
1220135617192849409
1220135615016132609
1220135578596823040
1220135544790962177
1220135513425756161
1220135487295242240
1220135472179093505
1220135446983786497
1220135409805479937
1220135338720534529
1220135238925307905
1220135212887281671
1220135156016500736
1220135122600464384
1220135100161101824
1220135054166368257
1220135044586594305
1220135044137680896
1220135037221269504
1220135007735271424
1220134992807743494
1220134977641181185
1220134942480293889
1220134923001950208
1220134912281534464
1220134894317080576
1220134891637088261
1220134876931743753
1220134865833582592
1220134784887750656
1220134772153843712
1220134703631650817
1220134681963892738
1220134680181100545
1220134674887892993
1220134643065856000
1220134573373304833
1220134561054519297
1220134555346059264
1220134526120120320
1220134418003554304
1220134412211257344
1220134373208576000
1220134325548544000
1220134236553928704
1220134221953396736
1220134221496250368
1220134216828116992
1220134201871228930
1220134179163209728
1220134160108527616
1220134117494358016
1220134105586647041
1220134091074478081
1220134063924641794
1220149126253273088
1220149069475131392
1220149034305957893
1220149002785652742
1220148969109630978
1220148938075824129
1220148926847864833
1220148918119518209
1220148906329198592
1220148893993852928
1220148818601299970
1220148799525527553
1220148759310454784
1220148750905044992
1220148731099697153
1220148730738827269
1220148714628579329
1220148680398761984
1220148660719144961
1220148619673772032
1220148597053747200
1220148573104304128
1220148572529643520
1220148571724341248
1220148524211417089
1220148516300972032
1220148511196532737
1220148425980813312
1220148420062728194
1220148376185995270
1220148358162993154
1220148308519215104
1220148252592525315
1220148249878724608
1220148246707761152
1220148203401535489
1220148199480004609
1220148181431767040
1220148122573164545
1220148108786429952
1220148087882178570
1220148019003318274
1220147992159645696
1220147960467509248
1220147930687913984
1220147929823842304
1220147923922624512
1220147923293327362
1220147888644415488
1220147878099812352
1220147868964618241
1220147851134672896
1220147834474811393
1220147805743874048
1220147783895617537
1220147763859476480
1220147747124199424
1220147726282719232
1220147692015407104
1220147686848040963
1220147670544605185
1220147649011044353
1220147622289313792
1220147566483922944
1220147502394920962
1220147494270558209
1220147445830758400
1220147440407347200
1220147429179346945
1220147421365198859
1220147291593379840
1220147275516694528
1220147262799540224
1220147257409966086
1220147253270073349
1220147118330957825
1220147098794037248
1220147001104330754
1220147000101896192
1220146987971956737
1220146987141685249
1220146984708759552
1220146969462689792
1220146958024740875
1220146952647528448
1220146907445649414
1220146906237554688
1220146900252463104
1220146891612049408
1220146813379981314
1220146777011183617
1220146772758220802
1220146754403782657
1220146750264168448
1220146669615865856
1220146662695301135
1220146635705069570
1220146629086453760
1220146618986426368
1220146605686345728
1220146556382277632
1220146547419017216
1220146544906653696
1220146535163285504
1220146531208245248
1220146492205256706
1220146457849860096
1220146449737846784
1220146443480006656
1220146426425966592
1220146358402727936
1220146358058979328
1220146340623044608
1220146328325492736
1220146300760424448
1220146271081713664
1220146263435419649
1220146224948338688
1220146208221663232
1220146195793879040
1220146179364667392
1220146172024840192
1220146125702909952
1220146108778807297
1220146053241958400
1220146039086178304
1220145977249685506
1220145966495354881
1220145959893491712
1220145918281953280
1220145910317010944
1220145901513125888
1220145868684304397
1220145861419659264
1220145837327769602
1220145816045834240
1220145779546787840
1220145715474661376
1220145664258117632
1220145663889100801
1220145660680228864
1220145653210206209
1220145649838018560
1220145636949024769
1220145621719552000
1220145602551398400
1220145567063515137
1220145524050997250
1220145501351206913
1220145466991677440
1220145464739352584
1220145455436165120
1220145440034713600
1220145433802149890
1220145433760104449
1220145433206353921
1220145419042377728
1220145407969415168
1220145400222322688
1220145397160718337
1220145392559501313
1220145346967265280
1220145338197004288
1220145333189128197
1220145328084652033
1220145263420964864
1220145245985243137
1220145233649917953
1220145223835230208
1220145207087435778
1220145203387883520
1220145187659354113
1220145145812856834
1220145127773044736
1220145126250438657
1220145096223444993
1220144940396605440
1220144935355195398
1220144920167665664
1220144919626387456
1220144893747593216
1220144884343955456
1220144846662320128
1220144845802655744
1220144803460997120
1220144781956829184
1220144772318400519
1220144732958941185
1220144706455248897
1220144697051512834
1220144684837822465
1220144675694112769
1220144647667716096
1220144590667173888
1220144555628036096
1220144512074338304
1220144491077595136
1220144440108445696
1220144431984259072
1220144425059287040
1220144404893011968
1220144380473794560
1220144377978408960
1220144368226430976
1220144335762657284
1220144301511806977
1220144295782449152
1220144277247819776
1220144255584223232
1220144210420158465
1220144166119886848
1220144163049615361
1220144161803972608
1220144140048007168
1220144112516632576
1220144100105687040
1220144088567177221
1220144073941622785
1220144054891098113
1220143978563145729
1220143964818309120
1220143932492992512
1220143888867848192
1220143873453772800
1220143844336947200
1220143834816045056
1220143831829508096
1220143806064025601
1220143782408028160
1220143736111484935
1220143693715443718
1220143685356195841
1220143632184856578
1220143616535908356
1220143566938206208
1220143547820605440
1220143531995561984
1220143516564758529
1220143430518673409
1220143414072659968
1220143396049838082
1220143385471868929
1220143373316689920
1220143297416425472
1220143232333635584
1220143185135095808
1220143169158799361
1220143136346968065
1220143098577276929
1220143046441996288
1220142980603895808
1220142969480716288
1220142919304089600
1220142901319151616
1220142859950731264
1220142839423590400
1220142831265861632
1220142810080243712
1220142707030536193
1220142642350239744
1220142551631638528
1220142503468380162
1220142503023779840
1220142388141809666
1220142387537891328
1220142373876797440
1220142282327744514
1220142259271651329
1220142189226811398
1220142066132570113
1220141980497432582
1220141916404105218
1220141902735036417
1220141890701529088
1220141818676797446
1220141767384760325
1220141766029897728
1220141754910773250
1220141751647776768
1220141696253661184
1220141692973658117
1220141622270332930
1220141603379126274
1220141598622642177
1220141563159941120
1220141492863242242
1220141463335591937
1220141438823874561
1220141436345159680
1220141410487324673
1220141399426895874
1220141396495163392
1220141359794999296
1220141318971756544
1220141286004379649
1220141249690099712
1220141175958638593
1220141175367012352
1220141167448338433
1220140938414239744
1220140909271977985
1220140891756589058
1220140839747358721
1220140794012565504
1220140762685300737
1220140751385837568
1220140684843286528
1220140656166887427
1220140634180399104
1220140602605690880
1220140565091713024
1220140558502498304
1220140552429031424
1220140533898629120
1220140513753489408
1220140494904274944
1220140419259830272
1220140399823654912
1220140397248352257
1220140259859738626
1220140253538734080
1220140243661152260
1220140233632542720
1220140210010370049
1220140151512477696
1220140135322275840
1220140101172228096
1220140086031015937
1220140061896757248
1220139984906309637
1220139979353006080
1220139960550023171
1220139904694394882
1220139900139274245
1220139899564777473
1220139892715315200
1220139873731895297
1220139858934599680
1220139848914259973
1220139823446380549
1220139768563920897
1220139730312015873
1220139715187228672
1220139709369851904
1220139702746898433
1220139693217591297
1220139655590375424
1220139646665003009
1220139645482106880
1220139642340528134
1220139589865619456
1220139562611159042
1220139526057865217
1220139504490573825
1220139504108879872
1220139499931475969
1220139486731960320
1220139476288266245
1220139472362319872
1220139449302077443
1220139385846476801
1220139338761035776
1220139327235092480
1220139272176467968
1220139269454352384
1220139251355881472
1220139240454946817
1220139144485183489
1220139120678227969
1220139110469455873
1220139065900593152
1220139036712542210
1220138928121901056
1220138864528019456
1220138836535271430
1220138818147217409
1220138795774939136
1220138752728883200
1220138732596211718
1220138666552647681
1220138651486752769
1220138646155792384
1220138621472321536
1220138588009951232
1220138568556908546
1220138559656558599
1220138458116587522
1220138428240744448
1220138370602455041
1220138357327585282
1220138328001077248
1220138325488676864
1220138309432827904
1220138257557663744
1220138252247629830
1220138250423230465
1220138178151141378
1220138162514583553
1220138161864613893
1220138152402345985
1220138104226447367
1220138078095933442
1220138061226487809
1220138019656630272
1220138019350597633
1220137993245208581
1220137980050001920
1220137959581597696
1220137952245739521
1220137925620400129
1220137844846411776
1220137839620476934
1220137835140993030
1220137829918855168
1220137800730730496
1220137790458826752
1220137787296382976
1220137731369496577
1220137713535463426
1220137710276562944
1220137657293889536
1220137656895594497
1220137652999086081
1220137648909500417
1220137628470693888
1220137564969021440
1220137521675296768
1220137509893615617
1220137499357351936
1220137494873665536
1220137492457746432
1220137450959507456
1220137446647586816
1220137431447605248
1220137428926681088
1220137417916719105
1220137355178397702
1220137317102309376
1220137282562404353
1220137258424111104
1220137240828891136
1220137193257291776
1220137151154675712
1220137121379487747
1220136962876674049
1220136946434920448
1220136878575423489
1220136857234759680
1220136856680976385
1220136849567404033
1220136813358198791
1220136792826970112
1220136773759766529
1220136761982099456
1220136734891003904
1220136714452123648
1220136711440797697
1220136678595018752
1220136649042145280
1220136645728645120
1220136643643899904
1220136631275081728
1220136618797010944
1220136613566697473
1220136574647701506
1220136520075632641
1220136497858449409
1220136459157544962
1220136458490503168
1220136453662863360
1220136420788051969
1220136374566703104
1220136358624288768
1220136288709419009
1220136272955674626
1220136260829736960
1220136242530148359
1220136239099191296
1220136215820865544
1220136203690733568
1220136149529686016
1220136147264753664
1220136142860734464
1220136140788961286
1220136112728887296
1220136049306783744
1220136042801647618
1220136019930025985
1220135962161958912
1220135897544282113
1220135883581476865
1220135872265248768
1220135810021896192
1220135807232741376
1220135802505715712
1220135709790466049
1220135709001932800
1220135705894105089
1220135701364256768
1220135647370858496
1220135643268993024
1220135625019379713
1220135624109371392
1220135623887069185
1220135603469266944
1220135540428689408
1220135475048058881
1220135466567110657
1220135414150979589
1220135397193183232
1220135381145804800
1220135372904128513
1220135327131525120
1220135284735692804
1220135242574385153
1220135234521501696
1220135223460950019
1220135214573408262
1220135214099443712
1220135211511488514
1220135178082885635
1220135160525488136
1220135144222314496
1220135055869255680
1220134990312361984
1220134989918064645
1220134982158618624
1220134943751376898
1220134910083493888
1220134893293690880
1220134863602376709
1220134842072875008
1220134778428461058
1220134769951825920
1220134754080583680
1220134750184185858
1220134734866587650
1220134710720057349
1220134702218170369
1220134666428125184
1220134664859340800
1220134561578795008
1220134554226192385
1220134519988269056
1220134511138066432
1220134505102508032
1220134485796118529
1220134442531876864
1220134441860775936
1220134390094868481
1220134377213976576
1220134374886248453
1220134356833882112
1220134323287781377
1220134320851079174
1220134310885363717
1220134310822342658
1220134279679827969
1220134264252989440
1220134216647790597
1220134193046441985
1220134181335748608
1220134175769907200
1220134138382114816
1220134135919980544
1220134135869726722
1220134135139684353
1220134126793129984
1220134080932696072
1220134074724933632
1220134052050751488
1220134050985320450
1220134047084679172
1220149067558330368
1220148897781145600
1220148287853998082
1220148148963770368
1220147325684703232
1220146837648101377
1220146628767567873
1220146367168798721
1220145144948617218
1220144409444061184
1220143690091585536
1220142459277271040
1220141638930116608
1220140632905220101
1220140482220695557
1220140163361165312
1220139812482498561
1220139790881841152
1220139572778024960
1220138724547125248
1220138711372795906
1220138277824417792
1220137749342064640
1220137296999124993
1220137186986733576
1220136899794223104
1220136234443390981
1220135607134867456
1220134771306782724
1220134463855681536
1220134406406508544
1220134192270495744
1220149142116110336
1220149131915616256
1220149098264715265
1220149097807527937
1220149055583477760
1220148922703806464
1220148878776733696
1220148867015950337
1220148857553616897
1220148855280492544
1220148835713875968
1220148812754239488
1220148762758115328
1220148757704118273
1220148714251132929
1220148703060619264
1220148671456501761
1220148657892331520
1220148647372808193
1220148629505097728
1220148622806769665
1220148607619231744
1220148518939029505
1220148496109576192
1220148439159209990
1220148398545874944
1220148393827282944
1220148332498051073
1220148260209414144
1220148246879727617
1220148166236024833
1220148135764353025
1220148081167097856
1220148058140200961
1220147994726555648
1220147965878099968
1220147937205841921
1220147886014521351
1220147877135233030
1220147872827506688
1220147867014303750
1220147689482047488
1220147676529872896
1220147657324158977
1220147648549666816
1220147567427637248
1220147515359559685
1220147459135102976
1220147444991684609
1220147419574415364
1220147399454146560
1220147372249870337
1220147289865510912
1220147281028173824
1220147274887704577
1220147269124513792
1220147258236329984
1220147255098953729
1220147247247024128
1220147246039089152
1220147240209022976
1220147235775598592
1220147156318687232
1220147145363402753
1220147091596550145
1220147003394527232
1220146990916493313
1220146966459494400
1220146961132728320
1220146913376268289
1220146911228780545
1220146881633955840
1220146826969436160
1220146811631013888
1220146705863073793
1220146692764446722
1220146688813174785
1220146679652831234
1220146630806118405
1220146624695078914
1220146616218390529
1220146613718523904
1220146577672589313
1220146549365379072
1220146511444611072
1220146495405658112
1220146492855353344
1220146466905370624
1220146452707463168
1220146443048161280
1220146439919063040
1220146412521832448
1220146286042595329
1220146273027792897
1220146238525304834
1220146217776185344
1220146195055534080
1220146186050572289
1220146131499470849
1220146124247326720
1220146120057335809
1220146088331493376
1220146077933940741
1220146048292646912
1220146000540708866
1220145998913126400
1220145939593064448
1220145938787758081
1220145902394003457
1220145840024694787
1220145805274730496
1220145681152774145
1220145631492100097
1220145500470595585
1220145482456018945
1220145449056604161
1220145444237373440
1220145364516442115
1220145341846024193
1220145325928779776
1220145305871511552
1220145298728718343
1220145292550389761
1220145134064541703
1220145131820650496
1220145119975936007
1220145097293123608
1220145088346705928
1220145069459673089
1220145027713683456
1220144910227181568
1220144905433112583
1220144875108229120
1220144864521682944
1220144859475890176
1220144796901113856
1220144751682277377
1220144734120726535
1220144720418168833
1220144703993253891
1220144674062532608
1220144631792336897
1220144598246469637
1220144530080653312
1220144499629772800
1220144499474649089
1220144432797773824
1220144418612625408
1220144358365835264
1220144316447895552
1220144299679145985
1220144225615876097
1220144146255470592
1220144127666311169
1220144117432274945
1220144112441184259
1220144109991682048
1220143985207009281
1220143981033598977
1220143942148096000
1220143924586713096
1220143917192110080
1220143894605660160
1220143880462458880
1220143868701630464
1220143845687447553
1220143844479639553
1220143760463388672
1220143734865780739
1220143729845161986
1220143679249227776
1220143677068103680
1220143614229196801
1220143546050797568
1220143514870255617
1220143406057283584
1220143385119535104
1220143341079269381
1220143302688768001
1220143288386080769
1220143235370274816
1220143198758211584
1220143169599344642
1220143014766473216
1220142994952572930
1220142911205101568
1220142837418741760
1220142811216920581
1220142805776887808
1220142662268801024
1220142610339119105
1220142547974152198
1220142503875137536
1220142455204397056
1220142446719291393
1220142408492412928
1220142381778890752
1220142292742426624
1220142286664683520
1220142285804883968
1220142272336908291
1220142260857102341
1220142236605861889
1220142213029560320
1220142163280965634
1220142083723251712
1220142076949454848
1220142049141252097
1220142016706699265
1220141992849498113
1220141960801017858
1220141932904665089
1220141925392470016
1220141901409660929
1220141894652481536
1220141883269296129
1220141855335231489
1220141823269564416
1220141813727625217
1220141811299180545
1220141797453647872
1220141785374171138
1220141765291802624
1220141734992273421
1220141718395330561
1220141673801449473
1220141657913315328
1220141643057098753
1220141632466518016
1220141601307217920
1220141593342152705
1220141558026006528
1220141544264519680
1220141522827370496
1220141493828161536
1220141486618136576
1220141457358622724
1220141449670316036
1220141373652795393
1220141357202923521
1220141281625747456
1220141277523607552
1220141263892041728
1220141230140555264
1220141221944803328
1220141189552201728
1220141164424134657
1220141159718309895
1220141134627975168
1220141115665309697
1220141115103301632
1220141109193715713
1220141096728051715
1220141024573419520
1220141023776493568
1220140999353102336
1220140978876473344
1220140950996914177
1220140909070835712
1220140895028350976
1220140806427668480
1220140796218761217
1220140775909908483
1220140767236083712
1220140712617893888
1220140711087001600
1220140709560250368
1220140707949600769
1220140670146342913
1220140626617847811
1220140533210726400
1220140527024144384
1220140477573300224
1220140429275877376
1220140422002987008
1220140398330273793
1220140357566050305
1220140346203467777
1220140343594586112
1220140340151300097
1220140234173812736
1220140213680263168
1220140204528291840
1220140151499657217
1220140076996280320
1220140073871536128
1220140067718561792
1220140018045337600
1220139985199718406
1220139981101916160
1220139853645377536
1220139849161826307
1220139747911188481
1220139745478676480
1220139702344278018
1220139679053275136
1220139601735471104
1220139583528030208
1220139565123375105
1220139479890980865
1220139476720078848
1220139457376137218
1220139420231380992
1220139406486470656
1220139392645451779
1220139342212976640
1220139324311687168
1220139313674874880
1220139280141414401
1220139269089570818
1220139233152602112
1220139165641211905
1220139159664447488
1220139155964907520
1220139149224632320
1220139087153287174
1220139082677964804
1220139070107607046
1220139067997900800
1220139029540327424
1220138995994300418
1220138892747132928
1220138870638907392
1220138854570741760
1220138848820137984
1220138837831274497
1220138829031460864
1220138722726838272
1220138717232283648
1220138714510303234
1220138679286386688
1220138653869056002
1220138623149850624
1220138567651012609
1220138544804564993
1220138541855830017
1220138500495798274
1220138441985257472
1220138412352643072
1220138309118087168
1220138307352293377
1220138304395411458
1220138280836042757
1220138275421089793
1220138207838269440
1220138203979505664
1220138198073872385
1220138197776125952
1220138190327230465
1220138084001468416
1220138057849946112
1220138027642585088
1220138027533492224
1220138013025603584
1220137990611095553
1220137987159269381
1220137969249472512
1220137915046490112
1220137904724496390
1220137903952580608
1220137853285326848
1220137843760099328
1220137800810426368
1220137789221691393
1220137789036974080
1220137774780538881
1220137764143824897
1220137745328283648
1220137700591882247
1220137689917394945
1220137679490338817
1220137660901216257
1220137654932475904
1220137652428525568
1220137651514281986
1220137646594224128
1220137640722341894
1220137593268056064
1220137583080099842
1220137577258213376
1220137549466726401
1220137512275853313
1220137470777384961
1220137459792535552
1220137459742318593
1220137441400705025
1220137417094717440
1220137365412425728
1220137358965653505
1220137349096460288
1220137336220061696
1220137329131544576
1220137320315154432
1220137314199851009
1220137310018330629
1220137304922185729
1220137280234348544
1220137255559290880
1220137244612231168
1220137207723364357
1220137184855908352
1220137139905581056
1220137127838732288
1220137114182062081
1220137106854383616
1220137097354305538
1220137079432192001
1220137019810009088
1220136999010689024
1220136993473957888
1220136918370988032
1220136874292936704
1220136838100221953
1220136792189353985
1220136789978935296
1220136788838309891
1220136775672369153
1220136759725412352
1220136703282692096
1220136658127020033
1220136649113395200
1220136546315227141
1220136537297285122
1220136535376433164
1220136520205520896
1220136449737015298
1220136412554485760
1220136405948518400
1220136370313678848
1220136360012472320
1220136331893886976
1220136326327963648
1220136308477050881
1220136270019452928
1220136267502931968
1220136266500427776
1220136247936548865
1220136205775278086
1220136203426705415
1220136140025597952
1220136121423794176
1220136099718131712
1220136099407777797
1220136053861945346
1220136031032434690
1220136020747767809
1220136017853726721
1220135993249976320
1220135962946064384
1220135902397132802
1220135898412548096
1220135844465348608
1220135789004124160
1220135680732319744
1220135653112872960
1220135618308538368
1220135573609803776
1220135558091067393
1220135548960104448
1220135546288250881
1220135510242471936
1220135427501281281
1220135379543699457
1220135370580537344
1220135342457552897
1220135335075573760
1220135288535756800
1220135232315129857
1220135193400561664
1220135191219359744
1220135182352748545
1220135172227706882
1220135120314568704
1220135085392842753
1220135012818812929
1220134998021431296
1220134903435669509
1220134812742234113
1220134788683583488
1220134659901644800
1220134616134115329
1220134615123296256
1220134593606582273
1220134574010716160
1220134536622804992
1220134524610367489
1220134498580541440
1220134484420354049
1220134460659785728
1220134433757548545
1220134432755146756
1220134413385625600
1220134406070902787
1220134405697523712
1220134385321639936
1220134368045256705
1220134361762189312
1220134216601686019
1220134202571706368
1220134146640449537
1220134100100620291
1220134090600378368
1220134086401982464
1220134080760516608
1220147585500844033
