1220250151136006144
1220254774010023936
1220254717114187778
1220254641285488640
1220254577234272256
1220254525056942082
1220254468224274433
1220254454487777280
1220254396245635073
1220254214221389825
1220254090447540226
1220253878647586816
1220253872649670656
1220253850944200704
1220253812147007488
1220253807315243008
1220253722770583553
1220253542784491520
1220253491618172928
1220253444805668864
1220253433300570113
1220253247073607680
1220253186163802112
1220253150705344513
1220253059911057408
1220252855375810560
1220252363098918912
1220252326944002048
1220252291904593921
1220252269221777409
1220252207561334784
1220252175395258373
1220251948387094529
1220251902404788224
1220251899217080320
1220251866963070977
1220251819483566080
1220251803163467777
1220251609659166725
1220251530936356864
1220251480210296833
1220251431296557056
1220251428779888640
1220251410270318592
1220251257341972480
1220251255437713408
1220251083701809152
1220251076558979072
1220250962473832448
1220250696320241669
1220250694202155009
1220250614074048512
1220250610060034048
1220250553802022913
1220250500735438848
1220250491457884160
1220250477050441730
1220250446624894977
1220250423082307584
1220250410000232449
1220250325732536320
1220250271089143814
1220250232669143041
1220250221244010497
1220250196254306304
1220250190029807617
1220250185726492675
1220250112854831104
1220250091165868033
1220250085369548800
1220250013298610176
1220249938262622208
1220249926514302976
1220249924861710336
1220249881341644802
1220249859308916737
1220249849016147973
1220249822323707904
1220249798722441217
1220249628358168581
1220249505443938304
1220249461844168704
1220249369926164481
1220249350955241472
1220249209904910336
1220249177097150464
1220249142250872833
1220249101209440257
1220249027628826624
1220248951124910080
1220248902923931651
1220248887862018048
1220248833050980353
1220248832623042560
1220248824976834561
1220248822355390465
1220248769809305601
1220248758446972928
1220248756668465152
1220248732337426432
1220248575424258048
1220248572618137600
1220248491391406080
1220248424261595139
1220248369290866689
1220248263749750784
1220248238051057664
1220248215733309440
1220248173735747586
1220248074058190849
1220248026234728448
1220248011629940736
1220248008018653185
1220247937499979776
1220247737977004032
1220247728116027392
1220247555923234817
1220247420514291712
1220247215438028801
1220247095283601408
1220246909908144129
1220246842761498630
1220246774344048642
1220246664352538624
1220246596740427776
1220246535226654720
1220246492939800578
1220246455346257920
1220246358386446337
1220246308608528384
1220246227721179137
1220246161635921925
1220246071265431553
1220246041036853248
1220246024532504578
1220245799272996864
1220245780776341510
1220245776951017472
1220245722169167872
1220245658944196609
1220245493990809601
1220245473564512256
1220245285261041664
1220245234925178880
1220245064707756032
1220245000056754176
1220244750386843649
1220244696485842950
1220244689653075968
1220244682762018817
1220244619050483712
1220244610309611521
1220244571856293889
1220244455770509312
1220244445607665664
1220244439639064577
1220244362006859777
1220244334483779584
1220244277911064578
1220244190065393664
1220244163783847936
1220244142342590466
1220244131013853186
1220244002676428800
1220243674405265408
1220243474907377664
1220243416182743040
1220243413884235776
1220243384377409536
1220243383073067008
1220243368954843136
1220243341012545538
1220243317369143297
1220243309983080449
1220243308917575680
1220243301921710081
1220243224188485632
1220243075710308353
1220243063378993152
1220243041325174784
1220243003144577024
1220242991719178240
1220242978662309889
1220242887914348546
1220242829617664000
1220242746541297664
1220242679516106752
1220242678744379392
1220242668061487104
1220242608011673600
1220242503045005312
1220242274539298817
1220242192964259840
1220242106326929415
1220242094612107266
1220242087167299585
1220241999820808193
1220241989574127616
1220241832203866112
1220241814965432320
1220241766760108032
1220241562497470464
1220241522173460480
1220241413691985921
1220241378929758210
1220241320536657920
1220241314286985217
1220241303809728514
1220241238273773568
1220241057813860352
1220240926859239425
1220240922564165632
1220240902955945984
1220240840896835585
1220240790267604992
1220240780167528449
1220240759086960640
1220240721602416640
1220240715172630529
1220240713712951297
1220240636974006272
1220240629957058561
1220240591344238592
1220240475124195329
1220240470758084610
1220240365980192768
1220240364377911296
1220240247633731585
1220240122865704960
1220239957756825606
1220239749383888897
1220254837931032577
1220254822642962432
1220254806041907201
1220254793119043584
1220254778627895297
1220254766174892033
1220254735803879425
1220254727243366400
1220254704984182784
1220254691826626560
1220254680833380352
1220254680376201216
1220254677029097477
1220254661497589760
1220254611367325696
1220254610096607232
1220254602731196416
1220254598885040128
1220254595819065344
1220254571664044033
1220254544162119680
1220254535345561600
1220254527539908608
1220254467410411520
1220254433604292608
1220254387555069952
1220254385307078661
1220254382664507392
1220254375957782528
1220254370484408321
1220254364633387009
1220254362045317120
1220254357133742082
1220254345297444865
1220254335285653509
1220254321884815360
1220254307632795648
1220254277354115072
1220254273906196480
1220254222949765120
1220254214791675904
1220254181581369345
1220254168134254592
1220254135842430976
1220254101222543361
1220254077545660418
1220254070470070272
1220254058184871936
1220254047703191552
1220254025758597120
1220254007932964865
1220254006020169728
1220253995656273920
1220253988034998273
1220253974927773698
1220253947417333760
1220253939116859392
1220253932515139589
1220253899627663360
1220253891717148673
1220253890433748992
1220253889267585024
1220253870976204801
1220253864567459840
1220253864487804928
1220253832766078976
1220253831222611968
1220253826801750016
1220253820338327553
1220253765778866177
1220253759030226944
1220253751392423936
1220253739195432961
1220253732694384645
1220253708660797440
1220253673684553728
1220253672543784961
1220253609939611649
1220253592633991168
1220253577337360384
1220253504310108165
1220253504306057216
1220253503181873152
1220253496412213249
1220253495971979264
1220253494059233280
1220253483984510977
1220253483741433857
1220253464082538501
1220253428447793152
1220253395036053506
1220253383623413760
1220253378300858368
1220253368867667969
1220253367538266113
1220253344867864577
1220253340488982531
1220253283228340225
1220253275309527041
1220253257911549952
1220253250655408128
1220253225032417281
1220253191935156224
1220253191918497792
1220253188927807488
1220253188395171840
1220253169667624960
1220253164357570560
1220253136087969792
1220253133005258752
1220253119956652032
1220253108414095360
1220253077011255297
1220253061190385664
1220253042710204416
1220253034300575747
1220253021361197056
1220253016185458688
1220253008144949248
1220252995843166209
1220252986703695872
1220252979208454145
1220252967007178753
1220252960195858432
1220252959319187456
1220252949546319873
1220252936799801344
1220252929426251776
1220252923646472192
1220252917917073408
1220252870068461568
1220252856374005761
1220252845116538880
1220252792981544960
1220252769635844096
1220252754649604096
1220252738350542849
1220252721841721353
1220252677788987392
1220252664799191041
1220252660307116032
1220252654481395713
1220252640354787329
1220252601113096193
1220252581504548864
1220252573606842368
1220252533441982464
1220252529516134400
1220252510180405248
1220252497802977280
1220252482028429313
1220252481692717061
1220252468291960832
1220252454954000384
1220252443037982720
1220252439120502784
1220252425556070400
1220252377950777350
1220252374423310337
1220252365829394432
1220252346908733445
1220252336666312704
1220252325530357760
1220252322212659201
1220252300440043520
1220252289450962944
1220252286800125953
1220252260531179521
1220252257549049857
1220252240889278466
1220252193384583170
1220252185868394497
1220252167543513088
1220252155736739840
1220252154276933633
1220252152884367360
1220252121079042048
1220252082638180353
1220252069216411649
1220252063885488128
1220252027894272001
1220251973582082053
1220251966497910784
1220251930317864960
1220251920062795782
1220251772230369281
1220251771890814976
1220251770338734080
1220251728043364353
1220251726223048704
1220251719348772865
1220251710221766656
1220251677736857600
1220251618316189697
1220251586720649216
1220251577472045056
1220251556244643841
1220251550288793600
1220251542676111363
1220251520492589056
1220251505103523840
1220251453312380928
1220251447175958528
1220251420928069633
1220251414674305024
1220251410903617536
1220251405195173889
1220251404083712000
1220251399184732160
1220251348400144385
1220251332629749760
1220251328066113536
1220251321028104197
1220251246734516224
1220251243328700416
1220251224533917697
1220251214949994498
1220251205508595712
1220251204606840834
1220251184893587456
1220251179373907969
1220251174516846592
1220251146532450306
1220251141088301057
1220251140509487105
1220251119710019584
1220251119554744323
1220251101854871552
1220251067079725057
1220251032191528961
1220251029356204033
1220251020292435969
1220251012113387520
1220250987589439488
1220250987568353280
1220250965179162625
1220250964721987585
1220250954181664768
1220250952076275712
1220250950696239106
1220250950578782208
1220250929498165249
1220250922691039232
1220250919444443136
1220250917980852224
1220250916625907717
1220250902084276224
1220250886280138753
1220250865753194498
1220250859835052032
1220250859361058817
1220250842541875201
1220250840306352129
1220250827006201857
1220250824737034240
1220250812934508545
1220250791912648704
1220250781476999168
1220250772677386240
1220250758626467840
1220250756168577025
1220250751701790720
1220250739898867714
1220250733900992512
1220250716851167232
1220250667912089600
1220250640754061313
1220250640087224321
1220250628565323776
1220250628271656960
1220250590153887744
1220250589654728705
1220250583535218688
1220250574089670656
1220250558025564160
1220250545107030018
1220250531517480960
1220250519068786688
1220250471664734209
1220250470482051073
1220250463767015424
1220250463729094657
1220250457781620737
1220250437707878401
1220250436264849408
1220250421723164672
1220250401955430401
1220250398797090817
1220250394976063488
1220250394451836929
1220250391889055744
1220250382393200640
1220250359207059457
1220250354408919040
1220250353863659520
1220250338755612672
1220250293843058688
1220250249039503361
1220250240021721089
1220250196799414272
1220250187228045312
1220250182261989377
1220250149508677633
1220250146782371841
1220250128633610240
1220250127023165446
1220250106886119425
1220250072291536903
1220250061986136065
1220250061772226561
1220250043992555520
1220250033016180736
1220249997515485186
1220249943421505536
1220249931262283776
1220249920969379841
1220249869874429957
1220249838404567042
1220249788953661440
1220249777486663680
1220249774189731840
1220249772742701056
1220249759056662528
1220249741939953664
1220249730292207616
1220249699900260352
1220249667092410368
1220249640445939712
1220249630731988992
1220249538675593216
1220249523609575425
1220249517712265216
1220249478650789888
1220249477669220352
1220249466575261696
1220249461516951552
1220249427576684544
1220249338107973637
1220249331032297472
1220249295997112320
1220249295170854919
1220249280075579392
1220249225587568640
1220249220969402369
1220249209112231936
1220249179487752195
1220249168440111104
1220249162127740928
1220249146583445504
1220249145455153152
1220249141604827136
1220249129852395521
1220249116648689664
1220249112680878080
1220249100647571456
1220249084327383041
1220249071195017216
1220249069844451329
1220249016795123715
1220248994938380291
1220248972347895808
1220248922934972416
1220248914839736320
1220248874234695680
1220248870501797888
1220248860641021955
1220248839044489220
1220248837970788353
1220248830051926018
1220248773810479104
1220248773495910402
1220248742424481792
1220248729610883072
1220248723717931008
1220248716352917504
1220248695431516168
1220248693124804608
1220248685755301888
1220248676750299137
1220248646316220417
1220248626577805312
1220248621943115777
1220248616637349889
1220248601491718145
1220248599528800256
1220248574404939776
1220248557229228032
1220248550585532416
1220248544340131841
1220248542003920898
1220248528192040961
1220248501868736514
1220248491412185088
1220248490602684418
1220248484848095232
1220248478518956032
1220248463335518209
1220248450744213504
1220248437959970816
1220248434394853376
1220248432608043008
1220248417311453184
1220248399938637825
1220248397849849857
1220248397241819136
1220248392959320064
1220248379201994753
1220248367705423872
1220248360432623619
1220248355785232384
1220248347753058304
1220248338106216448
1220248326383099904
1220248321182187520
1220248298298044417
1220248297773748224
1220248282909282304
1220248282904940544
1220248276378714112
1220248270418563072
1220248268506116096
1220248246846722049
1220248244636176384
1220248242253783040
1220248235756797952
1220248185030967297
1220248147122802688
1220248144270610432
1220248126428073984
1220248122804203520
1220248122665861121
1220248118383349760
1220248109151748098
1220248049752002560
1220248047529209856
1220248037030686720
1220248028130398209
1220248019506991104
1220248007280480256
1220247998430679044
1220247980353126400
1220247943229276161
1220247937311076352
1220247935994089472
1220247923981553665
1220247910857625601
1220247903106560000
1220247892922732544
1220247889022091264
1220247853244616705
1220247831568510976
1220247797116461056
1220247786454536194
1220247783845720064
1220247781660483584
1220247755928559617
1220247749607608320
1220247729906966528
1220247718569938944
1220247702409105409
1220247661179260930
1220247633131819008
1220247630262853632
1220247614584569857
1220247603759079424
1220247589716709376
1220247580665188352
1220247580413530113
1220247540316008448
1220247508741287936
1220247504962240512
1220247504723120128
1220247487639744517
1220247483353391104
1220247461693923329
1220247446766288897
1220247445088587778
1220247413065056256
1220247337274085378
1220247312519266304
1220247304692568064
1220247301899210752
1220247292801929221
1220247292755595264
1220247267807903745
1220247262548246529
1220247245745946624
1220247240255557638
1220247232009719811
1220247221611855872
1220247214057852929
1220247210798878721
1220247210262056961
1220247182424494080
1220247164196212742
1220247149943775232
1220247141718929408
1220247138413596674
1220247138036219904
1220247119879012352
1220247084433051648
1220247082486943744
1220247081455095808
1220247077667491841
1220247063721496576
1220247058998677506
1220247038572425216
1220246973866893314
1220246953281323008
1220246946402553857
1220246933878558721
1220246930678108160
1220246930057351168
1220246919227658240
1220246913511051264
1220246912831352833
1220246882330349569
1220246874172428288
1220246868719857665
1220246830669131776
1220246827108204545
1220246754907394048
1220246753946951680
1220246744463814656
1220246725559910400
1220246725098524672
1220246723395588096
1220246721864712193
1220246712268148736
1220246710980616192
1220246547448791040
1220246520697516034
1220246500422242306
1220246467836669954
1220246458198159360
1220246440053624832
1220246401738625026
1220246348110401537
1220246300995805184
1220246296239337472
1220246293525626880
1220246288312209409
1220246282494730240
1220246269559394304
1220246257748152320
1220246231517032448
1220246218141396992
1220246194640707585
1220246182032625665
1220246179948064768
1220246172620742656
1220246171215527937
1220246152752185344
1220246121227980800
1220246110591242241
1220246091217559552
1220246085056155650
1220246049186435072
1220246048964104193
1220246029968146433
1220246016307318789
1220246007310700545
1220245982211952640
1220245971935944704
1220245969066790912
1220245958069374978
1220245933214007297
1220245919851057153
1220245917166489601
1220245908278759424
1220245900586627074
1220245852528107520
1220245851999588352
1220245849537744896
1220245839148240896
1220245786442600448
1220245777957523456
1220245771217330182
1220245752695476224
1220245746089201664
1220245719262560260
1220245696848154624
1220245685942931456
1220245680628781057
1220245678103781377
1220245640703201280
1220245632973070337
1220245630347427840
1220245624362172417
1220245600383299584
1220245593823547392
1220245562928193536
1220245549309284357
1220245535468056576
1220245535031992320
1220245534432092161
1220245515452870657
1220245509736103936
1220245482762432513
1220245480518692870
1220245472834535424
1220245447039574016
1220245443323551744
1220245441926664193
1220245420527325185
1220245404836483073
1220245402311712768
1220245395999084544
1220245367746260992
1220245328701427713
1220245278529187840
1220245277908467713
1220245272682328065
1220245271210123264
1220245262804779008
1220245233494937601
1220245222732574720
1220245191287721984
1220245152700092416
1220245122522071040
1220245122199228418
1220245119762235392
1220245104956518400
1220245089617731584
1220245087377997825
1220245078872150019
1220245066427424769
1220245065957806080
1220245059532050433
1220245037323366401
1220245020369809408
1220245002133045248
1220245002099417088
1220244999226327040
1220244976031977472
1220244974282903552
1220244937935151104
1220244932432023559
1220244924404158466
1220244891957022722
1220244885627949057
1220244873506365440
1220244851192664064
1220244846004383744
1220244844355805186
1220244825628344320
1220244820628631552
1220244811292315648
1220244786814357511
1220244786596024321
1220244751078719488
1220244749187072005
1220244728026820608
1220244692215816192
1220244672221609984
1220244662541144064
1220244657461841920
1220244636184215552
1220244624259743744
1220244607868358656
1220244596980142082
1220244591237926912
1220244536716296194
1220244532907925505
1220244525458702336
1220244500125061122
1220244495784013824
1220244484681687040
1220244466386161664
1220244428637593600
1220244396689350658
1220244374103019520
1220244337046347776
1220244303148146689
1220244276245823488
1220244270000459776
1220244268461084673
1220244253533593600
1220244248399765504
1220244240959143941
1220244231769296903
1220244212957896704
1220244207446765568
1220244199687122944
1220244199338983424
1220244183119794176
1220244166350786560
1220244164622684162
1220244136701386752
1220244111640285185
1220244078656229377
1220244055784742912
1220244054291542021
1220244014349332480
1220243985333010433
1220243959714213888
1220243952445452290
1220243937497165824
1220243924754694146
1220243899140042752
1220243875194781696
1220243873185828864
1220243849840222208
1220243811592355845
1220243780864839681
1220243760732196867
1220243742940155905
1220243736967499776
1220243733095972864
1220243730378027008
1220243722723454976
1220243710627045378
1220243709171650560
1220243650724159488
1220243645670051840
1220243631212322817
1220243616607670272
1220243545560317953
1220243539516448768
1220243536798453760
1220243534709579776
1220243523934375936
1220243518154661888
1220243504498003968
1220243503885832192
1220243503621406721
1220243496621289472
1220243492045111296
1220243489541128192
1220243475196596227
1220243446566248449
1220243440270745600
1220243432741883904
1220243417659133952
1220243392564580352
1220243372792635393
1220243370452242432
1220243357613486080
1220243357122715648
1220243329385783296
1220243327196360705
1220243309890686977
1220243303104311296
1220243296439554049
1220243296393531392
1220243284251025409
1220243280908013569
1220243279049936896
1220243277724704768
1220243273714814976
1220243270288039936
1220243265519153154
1220243263967203329
1220243255482294273
1220243250465738752
1220243229767020545
1220243180823515137
1220243180253143040
1220243175744274433
1220243159935901696
1220243157503242240
1220243146220568576
1220243123705528320
1220243097726021632
1220243068328271873
1220243054356905986
1220243043363651584
1220243028989763584
1220243005283565569
1220242991685586945
1220242971460804608
1220242966075379713
1220242947964395520
1220242895409598470
1220242888325566467
1220242887159341056
1220242867022704640
1220242814128312321
1220242783312568320
1220242767126745088
1220242764337561600
1220242754531397633
1220242714639257600
1220242648889319425
1220242639557054464
1220242638118408192
1220242616979202048
1220242603251097600
1220242590529835008
1220242590185902080
1220242585794408448
1220242583999275010
1220242571080785921
1220242560913772544
1220242554932744192
1220242549173997568
1220242539510452229
1220242527778791425
1220242512146616321
1220242468462944259
1220242448393203712
1220242438091968512
1220242429736968193
1220242404651020288
1220242395641470977
1220242377626963968
1220242366486978561
1220242360908443648
1220242359121633280
1220242349386682370
1220242340775776262
1220242333226029061
1220242324740919296
1220242318181056514
1220242314213199872
1220242312795586561
1220242306889945089
1220242304629342208
1220242296849018880
1220242285893279744
1220242254356307968
1220242247397982209
1220242238082404352
1220242232290222081
1220242221611409408
1220242219610734592
1220242215357710336
1220242201747132416
1220242199066988548
1220242157912477696
1220242151323254784
1220242149410652160
1220242147347009536
1220242137821798400
1220242095786430464
1220242090375905283
1220242087213289472
1220242079445467136
1220242070436057089
1220242062278217729
1220242055986929664
1220242041386553344
1220242036327993344
1220242020301557760
1220242013431271424
1220241989540642816
1220241972507529218
1220241963061923840
1220241914089234434
1220241912294146048
1220241907961364481
1220241901464350721
1220241870535655425
1220241865603076096
1220241858900529152
1220241848985432065
1220241842018500608
1220241810896781312
1220241789027672066
1220241788927082496
1220241781146566656
1220241754328195073
1220241739497140224
1220241733000155136
1220241720887017474
1220241703585468416
1220241690365251585
1220241686649016321
1220241655984377858
1220241622685765632
1220241619510681600
1220241580667363328
1220241521171030021
1220241515223638016
1220241503865294850
1220241502170804225
1220241461687529472
1220241407031443456
1220241384608694272
1220241372482961408
1220241364920594432
1220241340463603714
1220241337607507968
1220241331185827840
1220241324802097152
1220241308767309824
1220241302354305025
1220241269227585536
1220241261107433472
1220241242635718657
1220241241381593088
1220241220791750661
1220241215536295936
1220241215402082309
1220241204643647488
1220241197681213440
1220241177628303360
1220241132182917120
1220241098943213568
1220241082539077635
1220241081494671360
1220241075392016385
1220241071927693313
1220241052168261633
1220241048829493250
1220241045486632961
1220241045255942144
1220241043662217219
1220241038859653120
1220240968760406016
1220240948988280832
1220240947432300544
1220240928310353923
1220240927391830017
1220240910505496576
1220240901517107200
1220240844567076864
1220240816251101186
1220240791660126213
1220240781253857280
1220240749205192704
1220240737448669184
1220240733694832640
1220240732214067200
1220240694108803073
1220240693127331840
1220240689214058496
1220240683916656640
1220240675792252928
1220240645303857154
1220240640308629505
1220240629382467586
1220240621748674560
1220240615507578880
1220240584683794432
1220240579688161286
1220240557504548864
1220240556514783232
1220240548180553728
1220240539947192320
1220240527989207040
1220240498755088397
1220240495898529792
1220240494955040769
1220240464747515908
1220240464491597824
1220240453787738112
1220240445466275840
1220240410510888961
1220240399597539328
1220240392685142016
1220240392559435778
1220240390822850562
1220240373605371904
1220240343922286592
1220240337702150144
1220240323978371077
1220240301983293441
1220240301148631041
1220240295641542657
1220240287361929217
1220240272019378176
1220240266088669184
1220240261701201920
1220240251941244929
1220240237999415297
1220240235692314624
1220240233419001856
1220240207594737664
1220240203824029696
1220240195431174144
1220240194366066688
1220240178159214592
1220240138304798720
1220240129563848709
1220240118155485184
1220240115525615617
1220240091030810626
1220240085968273408
1220240076233498624
1220240063948316673
1220240062668926977
1220240048072736769
1220240002472382469
1220239997468663808
1220239970595590145
1220239958033649665
1220239920997912576
1220239890744365056
1220239873581318144
1220239871932944384
1220239870649520129
1220239850336448512
1220239830300295168
1220239827129524224
1220239824965095425
1220239819848081408
1220239814089412609
1220239813783064576
1220239763363418112
1220239760561541120
1220239745193635840
1220254787767324674
1220254783061102593
1220254735330004993
1220254706691461122
1220254663511101440
1220254656581881857
1220254641675354112
1220254637804023813
1220254624310972418
1220254585421361152
1220254509181652992
1220254441766412288
1220254392303149058
1220254362829840385
1220254358757085185
1220254337131143171
1220254318248562688
1220254284350132224
1220254270433312768
1220254241975083008
1220254080645251072
1220254059921321984
1220254049255264256
1220254011170926592
1220253873593573376
1220253821189992448
1220253796334391297
1220253757751119873
1220253713111179269
1220253702855901186
1220253685424566272
1220253641979940864
1220253605388677120
1220253598094893057
1220253573130391552
1220253545875697664
1220253519061692417
1220253497603395584
1220253435666321408
1220253424857468928
1220253423846617093
1220253414959001600
1220253405005762560
1220253383820337152
1220253279344562176
1220253278027403264
1220253237934096391
1220253233173561346
1220253115733155840
1220253114546016256
1220253102269444096
1220253101895979009
1220253087132155906
1220253080639483904
1220253078391349248
1220253050121703429
1220253048636936192
1220253030442061824
1220253013056610304
1220253012523810816
1220252948187402241
1220252902985551872
1220252894336651264
1220252890301857793
1220252832969953281
1220252635502129152
1220252601402347520
1220252549971947521
1220252547216179200
1220252531621675008
1220252513967886336
1220252478828089344
1220252439330217984
1220252435878424576
1220252413829009410
1220252375044149248
1220252350192943104
1220252346145366016
1220252318198894593
1220252318001700864
1220252313098629121
1220252310242254848
1220252199546228737
1220252187571507200
1220252169699581953
1220252166100865025
1220252134303649792
1220251999288975360
1220251988459429896
1220251959598301184
1220251910814552065
1220251811073781760
1220251745433083909
1220251739900674050
1220251705314430976
1220251674712977409
1220251632438374400
1220251630362296321
1220251610334580739
1220251591841927168
1220251547193483265
1220251522363265024
1220251439496409088
1220251421821558784
1220251397855305728
1220251387021234176
1220251380054515712
1220251359339012096
1220251337105006592
1220251229399334913
1220251224257126400
1220251218712330241
1220251201415077889
1220251183027302400
1220251141289607168
1220251077108543488
1220251034934751232
1220250983315406848
1220250795376955392
1220250790872473600
1220250728033288192
1220250651487133696
1220250640628232193
1220250624387760128
1220250623204921344
1220250621195902976
1220250617186140160
1220250616053882880
1220250592238538752
1220250563725516800
1220250457358159872
1220250447442841601
1220250284963790850
1220250284007546880
1220250273785970688
1220250174922072064
1220250107834224641
1220250107737755650
1220250080244117504
1220250008492093441
1220249998765387776
1220249933166587905
1220249931543302145
1220249874668707840
1220249816787111936
1220249766900260865
1220249763737522176
1220249751154593792
1220249675938164737
1220249658913509377
1220249625124147200
1220249586557538304
1220249578135420928
1220249561735868416
1220249499991465984
1220249482928914432
1220249324887605248
1220249279387721728
1220249207749206016
1220249187952025601
1220249158885359618
1220249086718283776
1220249048508239872
1220249022918688768
1220248937560297474
1220248925187166208
1220248916047712256
1220248897265623040
1220248803154046976
1220248791309119488
1220248775760891904
1220248752977514498
1220248647646031872
1220248566968406016
1220248510970228736
1220248508231450625
1220248485791821825
1220248459581612032
1220248424374648833
1220248384898060288
1220248371350294528
1220248358222102530
1220248350529851392
1220248317843501056
1220248285937422337
1220248225011159040
1220248205482450945
1220248042969780225
1220247878020427777
1220247794700734464
1220247732184502272
1220247629063389184
1220247531772203010
1220247470304833537
1220247431918563328
1220247406891032576
1220247388771823616
1220247332463108096
1220247313760837633
1220247294101999616
1220247292508160000
1220247292348977152
1220247119925325824
1220247086916153345
1220246922495254529
1220246754764812288
1220246742865719296
1220246740688752640
1220246739510161409
1220246731822129152
1220246716936531968
1220246713429979136
1220246703787298816
1220246693196644352
1220246601769205765
1220246589891076097
1220246589853196298
1220246567065702401
1220246523562418176
1220246517996347392
1220246508546686976
1220246413533175808
1220246387452866560
1220246346256375808
1220246337926705153
1220246328833462272
1220246289985654784
1220246271870398464
1220246256053698560
1220246209274601472
1220246147479916544
1220246087044194310
1220246026256293888
1220245969687605254
1220245942252654593
1220245927077851136
1220245918164733953
1220245868286181376
1220245848459595776
1220245810866089984
1220245785092096000
1220245738615005184
1220245681287454720
1220245616388911105
1220245609803763713
1220245569152733184
1220245508054122498
1220245345554370561
1220245332979744768
1220245315917246464
1220245257897627649
1220245230697345024
1220245228612767744
1220245219389714432
1220245188184084481
1220245167443038209
1220245156793851905
1220245146324783104
1220245042364854272
1220245033531494400
1220245010651762688
1220244998383263744
1220244956058726401
1220244852849414144
1220244846796951552
1220244838878273536
1220244791851614208
1220244718002548737
1220244662025256960
1220244649803223041
1220244631134384128
1220244627296378880
1220244584309108736
1220244534187085824
1220244501786025984
1220244491598086145
1220244420089397249
1220244338577412096
1220244331686031360
1220244311037661184
1220244213280862208
1220244192083038208
1220244191780827137
1220244176597438464
1220244143273730050
1220244128950341632
1220244090715017216
1220244020506562560
1220243936075223040
1220243930152951808
1220243911681114112
1220243870300213249
1220243855217438720
1220243847017652225
1220243828474621952
1220243817506279424
1220243757024583680
1220243718055194624
1220243703505096705
1220243680109318144
1220243657212747778
1220243646731227136
1220243640519401472
1220243623201001473
1220243570575040514
1220243547552649216
1220243501012733952
1220243493370630144
1220243425469091840
1220243417201954816
1220243402668691457
1220243375837732864
1220243367998689281
1220243339632463873
1220243316836454400
1220243202189316096
1220243164600115205
1220243162528174081
1220243160066072576
1220243139815989248
1220243115791069185
1220243064129642497
1220243028293509120
1220242963575398400
1220242950715854848
1220242931937837057
1220242887042052096
1220242885305458689
1220242877944672256
1220242861788188672
1220242838513782784
1220242827638190081
1220242826849607680
1220242793039310848
1220242776371224576
1220242700533932033
1220242617482518528
1220242591012179970
1220242558921523201
1220242486590763008
1220242453376065536
1220242430009606144
1220242404566949889
1220242402327158784
1220242397004816389
1220242354214522880
1220242299139121154
1220242288602963969
1220242214489481218
1220242211951923200
1220242166187843584
1220242144243281920
1220242136660094976
1220242121195769856
1220242060529192960
1220242049636564993
1220242047438688261
1220241961417945088
1220241952685166593
1220241874037899264
1220241798284472320
1220241727447015424
1220241704713949184
1220241655032438784
1220241586077892609
1220241514921521152
1220241413226496000
1220241408663023616
1220241406003793921
1220241403332235264
1220241344162983937
1220241309014818817
1220241302073348096
1220241286105456640
1220241227171409920
1220241211711057923
1220241129485946880
1220241072405843969
1220241071034130432
1220241064344289281
1220241045503594496
1220241045486821376
1220240890259632128
1220240771481096192
1220240685367881728
1220240670310354945
1220240634868465665
1220240586105663488
1220240583496732673
1220240522465312768
1220240458749624320
1220240445302661125
1220240313257791488
1220240077227380737
1220240073561649152
1220240054456504321
1220240052275441664
1220240009292214273
1220239948088872965
1220239917466431488
1220239895320461313
1220239834582667265
1220239813531459585
1220239812550189062
1220239793596129282
1220239779406798849
1220254698009006080
1220254587564777472
1220254432538984448
1220254072076300289
1220253953469714432
1220253464762056704
1220253334767976449
1220253216266317824
1220252470443696131
1220252231997386753
1220252136988004354
1220251428662300673
1220251161388650498
1220250737302630400
1220250348763222016
1220250037101350914
1220249705256345600
1220246940287324160
1220246323305140225
1220246140957986816
1220245911718092800
1220245832328335360
1220245271705112576
1220244965525245952
1220244931840626688
1220244828031553536
1220244234998935552
1220244168309497857
1220243950876819456
1220243845503283200
1220243740335337473
1220243621254811648
1220243203992977409
1220243182274871296
1220242955950125056
1220242844457168896
1220242295116558336
1220242235146399744
1220242159174991872
1220241938470690816
1220241570722545665
1220241274441093121
1220240766230024192
1220240515330756610
1220239870309949440
1220239846771433474
1220239805252014086
1220239777074642944
1220254840221249536
1220254826858074113
1220254735552266242
1220254649984352258
1220254645236318209
1220254634264018945
1220254598423699456
1220254596435718144
1220254571877978113
1220254450528313344
1220254409730297856
1220254403304787969
1220254355456020480
1220254274837331968
1220254266348015616
1220254098940809216
1220254086387228673
1220253952756707328
1220253906057351168
1220253869583659014
1220253847735734272
1220253788247711744
1220253686376460288
1220253623445155841
1220253608454713345
1220253575244218369
1220253566193020929
1220253450941784064
1220253441173245954
1220253417454440448
1220253376409030656
1220253358214107138
1220253214391590913
1220253213053550593
1220253184087728128
1220253178748227585
1220253170804445184
1220253118325129216
1220253111538847744
1220253070115901441
1220253053393174528
1220253034334212096
1220253022615371777
1220252968991318016
1220252944248918016
1220252936804143104
1220252898292047872
1220252783384784896
1220252709909139456
1220252685120700416
1220252684617314304
1220252679676616704
1220252651410952192
1220252649137659905
1220252626224205824
1220252603843518464
1220252561384583169
1220252515163201536
1220252462340141058
1220252340449492992
1220252325614424064
1220252276486524928
1220252134085558273
1220252029261615104
1220252003189895169
1220251987951775745
1220251976388108288
1220251944423284738
1220251892749455362
1220251863053930496
1220251853843259392
1220251842560421888
1220251811434528768
1220251808754356225
1220251790744203264
1220251647625973761
1220251638608334848
1220251633025552385
1220251537831673856
1220251533184393218
1220251522233069569
1220251515950182406
1220251428167438337
1220251410056400896
1220251362992066560
1220251297766658049
1220251276023230464
1220251261343281157
1220251213574344704
1220251187699580929
1220251179940114432
1220251151246905344
1220251109945757698
1220251091255865344
1220251084641443841
1220251074839187457
1220251026537766912
1220251025413722112
1220251022360240128
1220250965544071169
1220250870685761542
1220250865707016194
1220250835914899456
1220250785864392706
1220250764670427136
1220250741731819521
1220250598798282752
1220250565394829312
1220250484792913920
1220250392811970560
1220250384825909258
1220250379142615040
1220250237261889536
1220250228437266432
1220250174036905984
1220250156710465536
1220250148824961025
1220250128847556609
1220250096249364480
1220250059419398144
1220250043581640706
1220249963315257344
1220249918931197953
1220249916368457728
1220249861020274688
1220249850320687104
1220249811271725056
1220249808453193728
1220249740820066304
1220249694313615360
1220249693629898757
1220249590537916416
1220249545571012608
1220249480445886464
1220249393070297088
1220249357880000512
1220249251810332672
1220249217542713345
1220249214917189632
1220249068493869056
1220248899203395585
1220248870942150656
1220248830496604161
1220248748460322816
1220248696073228288
1220248691996418054
1220248621729234945
1220248572123340800
1220248474714656768
1220248466351427584
1220248371463688193
1220248319177347074
1220248306762309632
1220248263246393344
1220248179708313601
1220247736508809217
1220247707882676225
1220247701788344320
1220247658582827008
1220247603503341568
1220247595185885184
1220247510519861248
1220247483135221760
1220247406882652160
1220247400519847936
1220247139349159936
1220247083749265408
1220247055500808192
1220247022017576962
1220247001989668866
1220246971253813248
1220246864169095168
1220246781835010048
1220246690751504384
1220246654600638469
1220246588817379331
1220246468952543232
1220246450426318849
1220246443606388736
1220246404251041793
1220246307366821888
1220246228388261888
1220246214295289856
1220245984799682560
1220245953141182465
1220245926444298240
1220245867807920128
1220245862602792960
1220245814963924992
1220245749033832448
1220245677210423296
1220245611435495424
1220245565352464384
1220245543483592704
1220245533945499649
1220245528119664640
1220245521245208579
1220245461086494721
1220245381591662592
1220245375333752832
1220245287886671872
1220245209067544576
1220245121456885760
1220245083460702208
1220245010685157377
1220244725153718272
1220244634468675585
1220244627078422529
1220244551991996417
1220244480546287616
1220244387549958144
1220244381422247936
1220244297724895232
1220244213058588673
1220244188081426432
1220244071526084609
1220243934883901441
1220243866428686336
1220243860174954496
1220243761482985472
1220243759134322689
1220243717497319424
1220243680973316096
1220243677190049792
1220243639584116741
1220243618126028802
1220243608428851200
1220243587092213761
1220243563549745152
1220243535577804803
1220243518179774465
1220243499833970690
1220243426605703168
1220243282824814593
1220243244665266177
1220243146988146689
1220243107599568896
1220242801717338118
1220242769077243911
1220242711451590656
1220242663762382849
1220242590790037504
1220242442399645696
1220242356479221760
1220242344148004864
1220242325709807618
1220242309293363200
1220242308475437056
1220242296085663744
1220242148982837249
1220242138132148224
1220242046260334592
1220241999137333248
1220241963540041728
1220241948004405250
1220241903477592064
1220241888369958914
1220241846397370369
1220241838914686978
1220241798754226177
1220241790697189376
1220241751400574976
1220241744840708098
1220241742290546688
1220241723755880448
1220241710409646080
1220241673478758400
1220241653379694595
1220241627278495744
1220241572932931584
1220241561008644097
1220241539550437376
1220241537885442048
1220241507224932352
1220241391902572545
1220241357337313285
1220241334017150976
1220241303746703360
1220241271635099648
1220241252953624576
1220241229205643265
1220240954533142529
1220240947469930497
1220240932617932805
1220240926129324032
1220240911658958848
1220240884752498688
1220240862241792000
1220240769350434818
1220240676341927936
1220240637879971840
1220240575707983873
1220240511719612416
1220240499409334273
1220240288423088128
1220240172304019456
1220240093975154688
1220240076841594880
1220240066984857600
1220240002669477888
1220239942712025088
1220239928014958592
1220239892397150208
1220239883232518144
1220239867071909888
1220254185188360192
1220253355500613632
1220250214570741760
1220250018688319488
1220248918748848129
1220247981980413952
1220246294817464320
1220246217755525121
1220244478402781184
1220243978643132416
1220242744381034496
1220240982882574338
1220240782512148482
1220240468706881536
