1219771652487237637
1219771441048162306
1219771346768596992
1219771343811436545
1219771311448215553
1219771106875166721
1219771081369714688
1219770958254350337
1219770839291322368
1219770813215277057
1219770740129529856
1219770694655008768
1219770536689065984
1219770482096070656
1219770395995164672
1219770194379386881
1219770108375027712
1219769916233900032
1219769777121636353
1219769725334573058
1219769722171994112
1219769686780346374
1219769648637468678
1219769479938351105
1219769328872120320
1219769304893157381
1219768903116607488
1219768842869792768
1219768826046353413
1219768822321860615
1219768733310291969
1219768657280032768
1219768593153286147
1219767959608086528
1219767852921540608
1219767818863902722
1219767794801221639
1219767781471719425
1219767709090635776
1219767673602613249
1219767592170094592
1219767567507607552
1219767394312257537
1219767362104119296
1219767262737051655
1219767106633453569
1219767020603965440
1219767006703939584
1219766974978428930
1219766856711593987
1219766807902420992
1219766634493235200
1219766468310487041
1219766322009079810
1219766009218981889
1219765921528602630
1219765513514930176
1219765316382752768
1219765213622231040
1219765002380496898
1219764926287433728
1219764855265267715
1219764822897758208
1219764781197991942
1219764562674835462
1219764492231249921
1219764428511567873
1219764379924582401
1219764267253141506
1219764198114238464
1219764042278944768
1219764024633589761
1219764011207663626
1219763961983270912
1219763837626306561
1219763810728280064
1219763727639228418
1219763725588205569
1219763623570169856
1219763556259729408
1219763526341779457
1219763518234189824
1219763424097337346
1219763396532264962
1219763294761676800
1219763192932507648
1219763184577531906
1219763170006523904
1219763082530119680
1219763080575377408
1219762793462759425
1219762774374604800
1219762670733127680
1219762597097951234
1219762490193727488
1219762466697175040
1219762441690718208
1219762408589316096
1219762396828504064
1219762395460988928
1219762240573886464
1219762239491588096
1219762115105288192
1219762097917255680
1219761927200505856
1219761924700655616
1219761890794131456
1219761783746985984
1219761757012549634
1219761514132987905
1219761450677305344
1219761426518200320
1219761340077813761
1219761153389162499
1219761037563424768
1219761029753778178
1219761012242558979
1219760898006495233
1219760826028109824
1219760733870706688
1219760706029084672
1219760688345899008
1219760658406731776
1219760441032921088
1219760290935595008
1219760249630023682
1219760186564329474
1219760154553405440
1219760150363271173
1219759888831696897
1219759882544566278
1219759681301671938
1219759656207294465
1219759539215568898
1219759369769775105
1219759098687717376
1219759087652499457
1219759021240000517
1219759004022398978
1219758887756345344
1219758873394810880
1219758849982287872
1219758297009442817
1219758214499184643
1219758071481679875
1219758037637816320
1219757910366081024
1219757722293428224
1219757614273310722
1219757541418291200
1219757239436808192
1219757181903478791
1219757133702541313
1219756852302381056
1219756717078007808
1219756655862218753
