1219976800215810050
1219968200412033031
1219982994343170048
1219982972423757826
1219982949954674690
1219982928165380096
1219982908149993472
1219982874193145861
1219982805645635586
1219982801682018304
1219982789661151233
1219982782635466758
1219982745612537859
1219982731767140352
1219982692130926593
1219982673613115392
1219982642059206656
1219982616142798848
1219982613017964544
1219982583590719490
1219982579555799040
1219982529769295872
1219982517312245761
1219982512702869504
1219982391252570113
1219982368800497664
1219982324646977537
1219982279889518592
1219982276710354947
1219982272536989696
1219982268585910273
1219982225787191297
1219982216794558464
1219982190513180672
1219982166802812928
1219982166274322432
1219982125665001472
1219982121118457856
1219982108527157249
1219982103418490885
1219982067099996160
1219982051123875841
1219982050247110656
1219981987131351040
1219981965400690688
1219981939869765633
1219981922383863810
1219981900707586049
1219981873214099456
1219981814997168128
1219981805207445506
1219981802766553089
1219981801923457024
1219981794151489536
1219981792280743938
1219981769132232705
1219981759607115777
1219981754402058240
1219981749729611776
1219981747737255936
1219981734701174786
1219981679990919168
1219981671828721664
1219981627977236480
1219981548230975489
1219981546217668610
1219981542665150465
1219981539007717376
1219981536059121664
1219981525141409799
1219981510436184065
1219981473996066817
1219981465724882946
1219981442891108354
1219981432292102145
1219981409856688129
1219981403653332992
1219981392601239552
1219981363081773056
1219981314511687681
1219981297558228994
1219981243581779968
1219981219489898497
1219981188703703040
1219981184366796801
1219981160102625280
1219981144734797825
1219981131174404096
1219981112304336898
1219981097716502528
1219981095761895424
1219981032889507841
1219980975859552256
1219980974630612992
1219980968511131653
1219980915163697155
1219980856514748416
1219980842996506624
1219980798067081216
1219980795860934659
1219980695495270400
1219980649999872001
1219980619440185344
1219980602625220612
1219980534987792384
1219980433569480704
1219980431011074048
1219980399285325824
1219980394281537542
1219980390284308480
1219980384194220032
1219980362304147457
1219980359661649920
1219980297850228736
1219980292661882880
1219980258843205635
1219980250886627334
1219980229650698240
1219980199523246082
1219980197606363137
1219980177784086531
1219980165918482432
1219980162365820928
1219980131273334786
1219980116060704768
1219980099358904320
1219979980433776642
1219979968698032130
1219979967477571584
1219979946904444929
1219979928399228929
1219979923416371201
1219979902788616193
1219979896337944581
1219979824325910528
1219979820123160576
1219979819070279683
1219979798191255552
1219979790435962881
1219979771637092355
1219979753693814785
1219979744613208064
1219979730386149382
1219979727869485059
1219979711465558017
1219979699855790080
1219979680725512192
1219979675008688129
1219979673968488449
1219979661477695490
1219979615730634752
1219979602027778054
1219979599980851200
1219979599305756674
1219979582998306817
1219979582381666305
1219979560030298119
1219979543319986176
1219979530858827778
1219979511145603075
1219979477133848576
1219979412227207168
1219979392316837889
1219979372578463744
1219979359915823105
1219979329825693697
1219979324574531586
1219979317544767488
1219979316609589248
1219979301333815297
1219979293452853248
1219979284099538945
1219979255616098305
1219979250448527360
1219979249425108994
1219979200691494914
1219979190436581376
1219979177031499783
1219979157809090560
1219979121054318592
1219979117229039616
1219979099055251456
1219979021036863488
1219978997360201728
1219978982440996865
1219978969606508554
1219978928732770304
1219978924366712832
1219978907711090689
1219978846784704515
1219978806162874368
1219978764593106945
1219978746016329729
1219978740442075136
1219978730443083777
1219978715947577345
1219978699455586305
1219978691385622535
1219978670414028800
1219978665825644545
1219978645382393856
1219978639011241984
1219978604156727296
1219978565111943168
1219978536364081152
1219978522531266561
1219978509105467394
1219978463022477312
1219978457029009408
1219978442986311680
1219978440641798144
1219978420089577474
1219978379136569344
1219978355455512577
1219978349214236672
1219978342612525057
1219978342360702976
1219978321775206401
1219978321670418432
1219978309833900032
1219978308235993090
1219978286731866119
1219978280134041601
1219978258898456577
1219978206758834177
1219978150777585665
1219978034331226114
1219978024768212992
1219978001036738562
1219977940869570563
1219977930950041600
1219977919662964736
1219977913052696578
1219977890655326208
1219977845801463808
1219977836917874688
1219977798858702848
1219977754470440962
1219977737953325058
1219977707234254849
1219977654687891461
1219977643396943875
1219977548022669313
1219977517156708353
1219977507903918080
1219977499972636673
1219977478908760064
1219977469781889026
1219977450341322752
1219977445459148801
1219977400483745793
1219977390065102852
1219977377272430593
1219977369584316416
1219977336000520198
1219977330019401728
1219977321660190720
1219977318396985345
1219977284272025601
1219977236167528448
1219977093150150656
1219977062053818368
1219977039362580481
1219977031510908928
1219976995184005122
1219976989773201408
1219976981330190338
1219976949918883840
1219976867756642305
1219976846932160512
1219976815474880512
1219976808315215872
1219976797741293568
1219976711900672000
1219976701574144000
1219976692753670144
1219976688240680960
1219976581839454213
1219976569101246464
1219976560196931585
1219976551078551552
1219976525409374209
1219976525144944641
1219976517351919617
1219976503456387073
1219976448821190656
1219976399332638720
1219976364062912513
1219976351039442944
1219976310740508672
1219976293921566723
1219976276691177473
1219976245070508032
1219976153051672580
1219976122131238913
1219976120105304066
1219976111607685120
1219976086018236428
1219976076618805248
1219976041181122560
1219975958398152710
1219975911870812161
1219975885752799232
1219975878886744064
1219975878005780481
1219975865452388352
1219975856476622849
1219975850965250048
1219975842153009152
1219975826369843201
1219975814957031424
1219975807252209665
1219975805935030273
1219975769318928384
1219975734107590657
1219975719263977472
1219975711173120000
1219975704009297921
1219975687441985539
1219975673923751936
1219975660153835520
1219975645364617217
1219975642512535553
1219975634392436737
1219975626179825664
1219975625684942848
1219975602989666307
1219975565484142592
1219975537306886144
1219975535327162369
1219975498039812096
1219975490800218113
1219975404901093384
1219975384260915201
1219975376497188864
1219975366246268928
1219975346822569984
1219975340774305792
1219975316459982849
1219975269026537474
1219975248805814272
1219975240521904128
1219975235186954240
1219975232284495877
1219975215658209280
1219975190987399169
1219975183580192770
1219975161459302401
1219975155046404097
1219975126747435009
1219975122695737345
1219975087765352448
1219975080358354946
1219975069453078528
1219975059298758656
1219974967942619136
1219974912917397505
1219974890444509186
1219974889580331009
1219974870886486017
1219974815114616837
1219974799755182080
1219974782718042113
1219974652946194433
1219974643097985025
1219974596776144896
1219974595450757120
1219974587355672576
1219974524369805313
1219974497413091328
1219974486843281409
1219974399874490370
1219974394447122432
1219974346338373633
1219974320048525312
1219974301564260353
1219974283134414848
1219974243116408834
1219974172182380545
1219974166717140993
1219974158957740032
1219974144005111808
1219974140452593666
1219974131740893186
1219974110782152704
1219974103647453184
1219974100115804162
1219974075277348867
1219974067001921537
1219974041731313664
1219974020914909184
1219974012534542336
1219973915000393728
1219973864819695616
1219973814206988290
1219973773635530752
1219973757541830656
1219973756271001600
1219973720833503233
1219973694069579776
1219973693461475329
1219973659298676736
1219973647475056640
1219973641938636800
1219973598070411266
1219973580814864390
1219973532475699202
1219973528973271047
1219973521499217920
1219973482932506624
1219973466595692544
1219973460237209600
1219973457225682945
1219973439777320961
1219973363315011585
1219973316481626113
1219973282579066881
1219973262886617088
1219973237976829952
1219973225502986240
1219973220604039171
1219973208096546818
1219973182494584833
1219973154757644288
1219973143432847360
1219973113300975616
1219973103784058881
1219973103645790209
1219973082023989249
1219973078580678656
1219973060591144960
1219973054429683712
1219973023022878720
1219973015456190465
1219973012390154245
1219973001942392832
1219972975451131905
1219972905058144259
1219972877883248641
1219972876968660993
1219972827824250880
1219972816382169088
1219972804780515335
1219972784849178624
1219972754327339008
1219972730528976899
1219972663805992960
1219972639952949254
1219972631782256641
1219972596445433856
1219972581153001472
1219972571724050432
1219972570847551488
1219972519899422720
1219972514413047808
1219972502358720512
1219972488177815553
1219972448961077248
1219972423002546176
1219972419412250624
1219972414165209089
1219972413896691714
1219972378291326978
1219972372540862464
1219972370632306694
1219972368354942981
1219972338298576897
1219972325388554241
1219972306749087745
1219972287174205440
1219972277048991744
1219972267922378752
1219972262255677441
1219972239115743232
1219972237316575232
1219972218920132608
1219972204030504960
1219972161672077312
1219972133994008577
1219972100313755655
1219972093682413568
1219972077983158272
1219972055505833984
1219972049571061761
1219972013915328512
1219971934672302080
1219971925088272384
1219971923276443648
1219971920503943169
1219971882839150592
1219971873892597760
1219971862836498432
1219971860701630464
1219971860563034113
1219971847862849537
1219971824496197635
1219971823753924609
1219971757467226114
1219971718501945345
1219971667461648384
1219971621848567809
1219971589720035330
1219971587501367296
1219971569788837888
1219971536309964800
1219971468492075010
1219971462628544512
1219971460342722560
1219971453660975105
1219971439274496002
1219971434614796288
1219971403883204608
1219971399344738304
1219971356634181632
1219971343665573888
1219971288309161984
1219971286727659521
1219971241815216128
1219971183187070977
1219971156100505600
1219971112160972800
1219971069932523520
1219971067093180418
1219971057211396096
1219971003687763972
1219970974004760576
1219970957168779264
1219970894333980672
1219970888130617345
1219970849740115969
1219970847202476033
1219970819704545286
1219970781179809792
1219970753573072896
1219970744555393026
1219970693787348992
1219970673600352256
1219970652083499009
1219970641337647104
1219970596467040256
1219970596404170757
1219970564707831813
1219970548098392065
1219970527101669382
1219970510429118469
1219970479139803138
1219970469937459200
1219970464136617985
1219970464078016512
1219970458898042881
1219970426803228673
1219970425452683264
1219970404372111360
1219970374252814339
1219970345706196993
1219970321387786241
1219970312776953856
1219970291084005381
1219970284024930304
1219970250101415936
1219970216635006977
1219970216634937346
1219970194912829440
1219970194795307009
1219970192673034240
1219970156513775616
1219970136762875904
1219970128848269315
1219970099781816321
1219970095113310208
1219970091548151809
1219969999533756416
1219969996773785600
1219969963223666689
1219969941148962817
1219969920051613696
1219969917379907585
1219969890154680320
1219969888183128064
1219969882726363136
1219969873796915200
1219969868642029568
1219969866519715840
1219969833007271938
1219969829995716608
1219969824908087296
1219969750362677248
1219969722223157248
1219969714732093440
1219969705072648193
1219969704124731392
1219969698881658880
1219969659082092544
1219969647467872257
1219969597459202048
1219969554107043840
1219969552081211392
1219969497949405185
1219969492081618946
1219969484175433729
1219969466638880771
1219969466018254848
1219969451962974210
1219969407583211521
1219969342760091648
1219969317405634565
1219969311097356294
1219969304503996417
1219969282584563714
1219969275122700289
1219969244819066881
1219969221884444672
1219969189663989765
1219969154196754433
1219969149079781378
1219969142499020802
1219969105966616576
1219969085200650240
1219969035003142144
1219969034910863360
1219969003755646976
1219969003172569089
1219968973330055168
1219968973317558274
1219968925124919299
1219968860008407042
1219968832674107394
1219968775925256192
1219968753607364609
1219968687702265857
1219968668588601345
1219968644328886272
1219968630026272769
1219968578511724548
1219968571859767297
1219968539391594497
1219968420466380802
1219968407845720065
1219968337322684421
1219968312945389568
1219968308864323585
1219968281790074881
1219968273497952256
1219968176475295744
1219968176080986113
1219968123060793345
1219968075128360961
1219968051812208641
1219968041880117248
1219968034527490049
1219968033877307393
1219967987882418176
1219967955057799169
1219967953208131584
1219967953170505737
1219983045765271553
1219983024583933953
1219982999929810948
1219982918149263360
1219982853921837056
1219982794601844737
1219982379533553666
1219982367240015872
1219982301616132097
1219982274675916801
1219982238047014917
1219982229834629121
1219982183521107968
1219982155192778752
1219982134972223488
1219982083348545536
1219982046895853568
1219981981984919552
1219981977664675840
1219981881174896640
1219981807707230208
1219981804456812544
1219981705508945920
1219981678589792257
1219981665373687808
1219981613880115201
1219981597589458944
1219981553725583360
1219981436733751296
1219981388000026624
1219981357683621888
1219981337450311685
1219981266218442752
1219981257154519040
1219981236082544641
1219981188992913408
1219981123247202304
1219981095669764096
1219980912135327744
1219980731083939841
1219980692521652224
1219980667011792896
1219980601765138434
1219980463546208257
1219980383493582848
1219980381614559232
1219980325901570048
1219980272193679362
1219980230846103552
1219980195345469440
1219980173593853952
1219980127787835398
1219979997256941569
1219979841539276802
1219979786262466560
1219979758936608770
1219979734110486528
1219979651709329408
1219979496088068096
1219979461224873984
1219979409001717760
1219979389678415873
1219979367692062722
1219979315426676742
1219979291586367488
1219979200582553600
1219979084316336128
1219979035284889600
1219978922126970888
1219978917722783749
1219978887616192514
1219978863469568000
1219978830384750593
1219978821069201408
1219978707403780096
1219978578978385920
1219978559227416577
1219978530391498753
1219978462091411456
1219978460703199232
1219978454902419457
1219978444504621056
1219978392088395777
1219978375143419904
1219978364867362817
1219978361843286016
1219978282067562496
1219978277722345473
1219978263293906944
1219978229051584512
1219978183161761793
1219978174060097538
1219978153830973442
1219978084717219840
1219978025925664769
1219977714079133696
1219977678486417411
1219977638170640387
1219977572944998401
1219977500496990209
1219977366191009792
1219977361078341634
1219977244153536516
1219977070270451712
1219976920940654593
1219976832335769600
1219976742489559040
1219976698525036544
1219976675263270912
1219976379267080195
1219976297780142082
1219976242633441280
1219976095891542018
1219975835966304258
1219975779280273408
1219975707587158016
1219975601026666496
1219975517660561408
1219975451503775744
1219975450165800961
1219975425478148101
1219975312575881216
1219975248570798080
1219975172138160129
1219975155159404544
1219975133013663745
1219975114516848641
1219974748156964864
1219974664077770754
1219974534331170816
1219974486985830402
1219974443545481222
1219974399073406976
1219974387098476545
1219974270903709696
1219974216340078592
1219974182580166656
1219974161055068162
1219974124551819265
1219974114343034882
1219973949779374080
1219973841121923075
1219973756140998658
1219973650071183361
1219973381488922624
1219973349146644480
1219973051850219521
1219973045311492096
1219973033768546310
1219972974947655681
1219972969641832451
1219972959403556864
1219972855590420481
1219972777462992898
1219972710106685440
1219972592263553025
1219972583992356866
1219972573624012800
1219972545665032198
1219972518674456576
1219972468581920769
1219972431097389057
1219972420812959744
1219972389678854144
1219972377401888769
1219972266533908481
1219972037705228288
1219971936257626113
1219971920478834688
1219971848030441472
1219971842145947650
1219971799800090629
1219971792271544320
1219971779910864899
1219971710457282560
1219971648847335424
1219971563174281217
1219971529229860865
1219971460980064256
1219971413156794369
1219971394571771905
1219971173577940992
1219971109577060354
1219971002509201409
1219970979184762880
1219970870128644096
1219970786020085763
1219970773382647813
1219970743083175937
1219970739928911872
1219970696433922048
1219970634123374597
1219970610480082945
1219970603089825792
1219970557967466496
1219970537574715392
1219970519233003520
1219970478841839616
1219970363460857863
1219970333110722560
1219970331034570754
1219970167439888384
1219970033675165696
1219969983146381312
1219969885410713600
1219969844113747970
1219969809145688065
1219969727776182272
1219969693538275328
1219969600873304064
1219969593105534976
1219969520363851777
1219969368752177157
1219969357993758723
1219969326796591106
1219969205732139009
1219969197016379394
1219969154754592769
1219969132776443907
1219969023925837824
1219968938018164736
1219968914982989825
1219968910201475072
1219968831554121731
1219968817364754435
1219968798410756097
1219968720476364800
1219968684497571840
1219968633872375808
1219968567325511680
1219968563303215104
1219968490272018432
1219968453605384194
1219968414636109826
1219968389226975232
1219968342376665090
1219968313503019009
1219968118610509824
1219968086608109568
1219968020145065984
1219968003581927426
1219967985953255426
1219982724137533440
1219982590414872576
1219982523616247808
1219981608381382657
1219981527045423105
1219981502173323265
1219981034164494337
1219980398840578048
1219980301906083843
1219980127980769280
1219979821142298624
1219979067191103488
1219979022077132800
1219978892951289856
1219981343704174597
1219978949008097281
1219976472695164929
1219983025494093824
1219983024017854465
1219983019668209664
1219983010826571776
1219982960062947328
1219982942757253121
1219982925644435456
1219982916710567941
1219982897546817536
1219982874914377730
1219982818769424385
1219982794811555840
1219982789153394690
1219982736447815680
1219982732182392833
1219982726700224512
1219982647671296002
1219982634778013696
1219982605824811008
1219982599302438912
1219982590993522695
1219982587311067137
1219982584509276161
1219982577790070784
1219982539378642944
1219982511989719041
1219982509800181763
1219982504528089088
1219982441621938176
1219982424236613633
1219982403873075200
1219982396495405058
1219982389654454272
1219982369320509440
1219982342980194305
1219982341256466432
1219982299170779136
1219982280019587073
1219982257735249920
1219982216912085002
1219982209660137473
1219982201585930240
1219982172271992838
1219982162142748672
1219982132816306182
1219982120489308160
1219982116034727937
1219982115422343168
1219982098221731840
1219982091775102976
1219982039576760320
1219982038247387136
1219982031808892930
1219982011680428037
1219981980772646913
1219981965283094530
1219981963806769153
1219981961915056128
1219981906743349248
1219981905816248322
1219981887416029184
1219981881938075650
1219981860782198786
1219981843010740225
1219981838330011653
1219981834810986496
1219981828863483904
1219981801348726786
1219981799104925703
1219981679667879936
1219981617143275520
1219981615532777472
1219981573983850496
1219981548352655361
1219981524075835392
1219981510503067648
1219981496959803392
1219981495810523137
1219981469025820675
1219981406891151362
1219981388902027269
1219981372636291072
1219981360149872644
1219981357180342273
1219981351790809088
1219981325265817600
1219981293322108928
1219981283989782529
1219981226334810113
1219981206051147779
1219981204323045376
1219981170483449856
1219981169934004224
1219981144290054144
1219981133418582017
1219981131950391296
1219981118125924352
1219981115651493888
1219981115496132609
1219981115127021569
1219981105090244609
1219981100124200962
1219981067840557056
1219981047590465542
1219981045229064192
1219981039583596544
1219981027537387523
1219981014245601280
1219980995274801152
1219980983950163968
1219980975943376896
1219980967344996354
1219980951754686476
1219980943575801856
1219980919504764930
1219980895399993344
1219980882846650374
1219980802525523969
1219980800059478016
1219980790630510593
1219980768786681856
1219980763585601536
1219980693989494784
1219980687735812096
1219980675530420231
1219980664096743424
1219980649026801666
1219980641074212864
1219980625651949569
1219980618135719937
1219980613769285632
1219980594521739265
1219980592537853954
1219980574292500480
1219980546148712448
1219980543187673089
1219980470181494784
1219980436081868800
1219980426959175687
1219980426111926272
1219980411083857921
1219980405710843905
1219980403865346051
1219980340913152001
1219980340346920960
1219980314769907717
1219980291348946944
1219980257739956226
1219980180514463744
1219980143352893440
1219980119583813639
1219980070900596736
1219980009722523649
1219979998209003520
1219979990252408832
1219979990181326848
1219979979745906689
1219979974108516354
1219979971038334976
1219979961546805248
1219979944022773760
1219979779845361664
1219979762627571712
1219979750170669056
1219979739823247365
1219979688245772290
1219979655395954688
1219979624840601600
1219979612740030465
1219979587955851264
1219979506422820866
1219979480183132161
1219979445001314305
1219979433118982145
1219979424054988800
1219979423522414598
1219979408297074689
1219979366769348611
1219979366441992193
1219979327795691523
1219979317192454150
1219979291988918273
1219979222506201089
1219979154386374656
1219979114951708672
1219979083926233089
1219979021510938626
1219979020613365760
1219978976300544001
1219978963927220224
1219978957526716417
1219978950589534208
1219978928787546113
1219978921279729664
1219978896889864194
1219978864580952065
1219978840333803520
1219978835053015040
1219978833518104576
1219978826731720705
1219978824743518209
1219978812429127681
1219978748629356544
1219978689976209408
1219978641100222464
1219978638822727680
1219978638772203522
1219978618282995712
1219978618144731136
1219978602638401538
1219978577707503616
1219978569864171522
1219978564910514181
1219978544937349121
1219978498275708928
1219978455900508161
1219978427320553472
1219978408014176256
1219978383620235264
1219978365769117699
1219978365592948738
1219978333238071296
1219978328385388550
1219978328246874112
1219978320760143882
1219978320340758528
1219978314623963136
1219978304226091010
1219978287197241344
1219978287176470528
1219978285888811008
1219978276271116288
1219978273242992640
1219978246671912960
1219978235091570693
1219978228485345280
1219978217290788865
1219978187074985984
1219978183677747200
1219978178535419904
1219978139679498241
1219978116124246016
1219978098029940736
1219978095752634369
1219978036457680896
1219978027322363915
1219978021664215047
1219977946888318976
1219977927938281472
1219977902210420736
1219977887543021570
1219977882803458048
1219977874276417536
1219977869125750785
1219977828071985159
1219977789043957761
1219977753455255553
1219977750905143297
1219977704830750721
1219977682949029888
1219977678515818498
1219977670487756801
1219977654922883072
1219977654129979392
1219977647179984903
1219977634727116803
1219977597129498625
1219977581627412482
1219977551621152768
1219977526857986048
1219977523695501314
1219977522395385856
1219977501222424576
1219977499381129216
1219977487989575681
1219977481488420864
1219977480720670722
1219977467865157635
1219977445433999360
1219977444851113984
1219977428526755840
1219977423640580097
1219977419769229312
1219977411409825792
1219977387233988609
1219977384235077632
1219977383253553152
1219977357987078144
1219977348507951104
1219977329256083456
1219977272377118722
1219977240940818433
1219977210959925249
1219977195226943493
1219977155536244736
1219977089304203264
1219977086330236928
1219977070429769729
1219977035075899393
1219977034715336704
1219977010807701504
1219976997876592641
1219976994278006786
1219976972748644353
1219976967874732032
1219976965047967744
1219976872584523781
1219976810299056128
1219976782528385025
1219976767856734210
1219976758834782208
1219976722273067009
1219976715788619776
1219976635350319107
1219976606699204609
1219976603113050112
1219976593948336129
1219976525472092160
1219976517356310531
1219976509898792960
1219976486909857793
1219976485731229696
1219976485714432000
1219976456652148737
1219976451493023744
1219976450931142657
1219976446950510592
1219976435596775424
1219976408249913344
1219976381401989120
1219976345133838336
1219976333956042752
1219976314335178752
1219976309268312064
1219976226950893568
1219976214972112896
1219976187151253504
1219976166465003521
1219976149738016770
1219976070817972229
1219976052044226560
1219975864181383170
1219975840597004288
1219975838986227714
1219975734376247297
1219975668202491904
1219975635742806016
1219975605585756161
1219975560815894528
1219975550682296323
1219975548744552448
1219975513042771970
1219975502972309511
1219975456348225538
1219975441387114497
1219975425599901696
1219975416963911680
1219975372361486337
1219975359384317952
1219975320889188357
1219975306049662977
1219975302308421632
1219975296679464961
1219975278543327232
1219975244116647936
1219975243227254785
1219975234398195713
1219975197588983809
1219975191935299587
1219975190534402049
1219975176282091527
1219975141490216961
1219975058652848128
1219975019658465280
1219974986422607872
1219974970681561088
1219974963702259713
1219974958551486469
1219974956659798017
1219974955275816960
1219974946450857984
1219974927597441024
1219974926741966850
1219974908832309248
1219974852863393793
1219974845397491712
1219974844911181830
1219974841899606022
1219974827349434368
1219974821699678213
1219974803647582209
1219974777604997120
1219974775281459202
1219974759095525377
1219974736064794624
1219974719933313024
1219974675104784384
1219974667445972992
1219974657014558721
1219974656750505984
1219974635892047873
1219974623158128640
1219974620314513408
1219974616170389504
1219974606993399808
1219974606838099968
1219974605445701633
1219974590123970561
1219974574604865537
1219974571178237952
1219974547820154882
1219974507915431936
1219974498251833344
1219974497333215233
1219974483504697345
1219974446422818816
1219974437677617152
1219974377938141186
1219974280865173504
1219974248334348294
1219974246572511232
1219974226582466560
1219974063185178625
1219974020004642816
1219973989277130752
1219973921749045248
1219973918661865473
1219973911389052929
1219973883844915200
1219973869051637762
1219973756434644994
1219973745462382592
1219973717054447621
1219973644819910656
1219973639103270912
1219973636351758339
1219973558186545153
1219973467891736576
1219973459305881600
1219973379282886656
1219973375604543490
1219973349381681152
1219973284789243904
1219973263456997376
1219973255219466241
1219973240610791424
1219973231819382785
1219973206188019712
1219973202983751680
1219973202903887877
1219973183203229697
1219973163393536002
1219973135610474496
1219973109614247938
1219973026759864320
1219972898103783424
1219972874028699650
1219972847520509954
1219972839354142725
1219972823893995520
1219972789936902144
1219972749113753600
1219972732001099776
1219972689668050945
1219972654192562177
1219972616896815104
1219972558671491072
1219972411178790912
1219972402269962240
1219972381508362241
1219972249672794112
1219972164410982400
1219972087605080076
1219972072954376192
1219972064968237056
1219972039106355205
1219971996672577536
1219971937994264576
1219971844691746822
1219971793860972549
1219971759354544128
1219971677599092738
1219971637627494402
1219971636067069952
1219971519645999105
1219971467284115457
1219971431045484544
1219971377790377984
1219971340217663495
1219971333993295872
1219971332231909376
1219971263545823233
1219971177210372096
1219971096155279361
1219971072969150464
1219970910125350912
1219970873563607040
1219970810292658176
1219970772791369728
1219970745268424704
1219970739698327552
1219970698342322177
1219970693573382144
1219970570101481472
1219970565449998336
1219970563113750529
1219970435514798082
1219970307949318145
1219970264135610369
1219970254454980610
1219970018173079552
1219970000699588610
1219969996538904576
1219969980797554690
1219969960614727680
1219969959369101312
1219969888141398016
1219969849197121536
1219969847834005504
1219969840787492864
1219969813423878144
1219969802996813824
1219969786303508480
1219969767504674816
1219969762618486785
1219969731819712512
1219969679914987522
1219969613796007937
1219969580744888320
1219969511970897920
1219969496741363712
1219969467469291520
1219969438839136262
1219969435777359876
1219969433382215680
1219969301026754561
1219969251638829058
1219969235121627136
1219969215047852032
1219969061074821120
1219969045534920704
1219968755377364992
1219968755184197632
1219968745411465216
1219968669117116422
1219968643091427329
1219968582076878848
1219968553740390401
1219968552272306176
1219968517216202752
1219968474610655233
1219968406713032712
1219968394901876738
1219968362681225216
1219968268368138242
1219968243420536833
1219968227985543168
1219968218871357440
1219968137065426944
1219968056819994624
