1220315234285473792
1220315222130360321
1220315221631234048
1220315213569851392
1220315196889214976
1220315174265065472
1220315173186985984
1220315112986202112
1220315105398792192
1220315102093570049
1220315092388122624
1220315091020779521
1220315062415626241
1220315041515364353
1220315040491790336
1220315039590166529
1220315030492610566
1220315012633452549
1220315002147655691
1220314992521744384
1220314990537838597
1220314981192867840
1220314965413896193
1220314961550831616
1220314956886921216
1220314948687081472
1220314945100713985
1220314920752947200
1220314907176067072
1220314884237189125
1220314874833776640
1220314871314681861
1220314868395335681
1220314858593193984
1220314843967737856
1220314841941852161
1220314833721053186
1220314828591357957
1220314826427248640
1220314819838062596
1220314817556250625
1220314805866643456
1220314780109422592
1220314776561242112
1220314754994012160
1220314744407511040
1220314743296053249
1220314726237904896
1220314717102780417
1220314712258121728
1220314705409060866
1220314688178638855
1220314675058921472
1220314657329565696
1220314634923601920
1220314633183035392
1220314629340971009
1220314625348120581
1220314570083819520
1220314562534301696
1220314554938191873
1220314545949773825
1220314538005811200
1220314526089760768
1220314514471522304
1220314514186366976
1220314499888111616
1220314491759390725
1220314489507069952
1220314473870708736
1220314459304071168
1220314458590810113
1220314450353246208
1220314428454862848
1220314427280576515
1220314424335953920
1220314419537817600
1220314407193972737
1220314401661546496
1220314394472529920
1220314392811622401
1220314352449814528
1220314313371484160
1220314312209645568
1220314310892650498
1220314308246196224
1220314305142435842
1220314301178744833
1220314285307383808
1220314275341832193
1220314261672599552
1220314257213939712
1220314231775453185
1220314230722686977
1220314204252573696
1220314196618776578
1220314192219033602
1220314147470004225
1220314136971763712
1220314135554088960
1220314114834059264
1220314113668194304
1220314098505699329
1220314095796224001
1220314087265046528
1220314079832702977
1220314079207751683
1220314076821295105
1220314071523680257
1220314065966374913
1220314065446285312
1220314065341304832
1220314055988006912
1220314051055693824
1220314042339876865
1220314042109132801
1220314026497990666
1220313997976621056
1220313995476946944
1220313994453377024
1220313990179389440
1220313987243483139
1220313982877089794
1220313981576826881
1220313975725772801
1220313971883819008
1220313957535105026
1220313928539885569
1220313920377745409
1220313919404810243
1220313917160861696
1220313914597986306
1220313899037265921
1220313887679094785
1220313866741198849
1220313858402897925
1220313853818355714
1220313851704631299
1220313843475369984
1220313830854557697
1220313829457838080
1220313819576180738
1220313809153331200
1220313795676889088
1220313782972346368
1220313780350963712
1220313774047080448
1220313770154766336
1220313758393827332
1220313743092940800
1220313716887080961
1220313715108564992
1220313714257084417
1220313713502314496
1220313704568426498
1220313700143443969
1220313675279421442
1220313658338623488
1220313649782366208
1220313639753670656
1220313638960975872
1220313621231800320
1220313615863091201
1220313576935546880
1220313561693597698
1220313560363851776
1220313554244468739
1220313544090099714
1220313538545061889
1220313525098291200
1220313524141883392
1220313520417464321
1220313516047028224
1220313509067554816
1220313504978108416
1220313490482548737
1220313490339983361
1220313483113267206
1220313471629373442
1220313454973718530
1220313451890765824
1220313448661172224
1220313446065098754
1220313444907393024
1220313434517958656
1220313418453749760
1220313411063443456
1220313410832756736
1220313403706638337
1220313398639915009
1220313373159477250
1220313372845060098
1220313363672158208
1220313356944297984
1220313334962118657
1220313318314926081
1220313308948905984
1220313305983508480
1220313294507929600
1220313291039203328
1220313287516180480
1220313287184674818
1220313276057292801
1220313271137382400
1220313266355752962
1220313263705030656
1220313257736581120
1220313253990957058
1220313236387446784
1220313229999476737
1220313225683705856
1220313202451304448
1220313195623145473
1220313188329312258
1220313186072547329
1220313180389265409
1220313178040606725
1220313176585035777
1220313172730470400
1220313161292632069
1220313147405426688
1220313146860167168
1220313132834414593
1220313117424439297
1220313105923805184
1220313086076174344
1220313055340453888
1220313049715937287
1220313046226128896
1220313028417077250
1220313025326014465
1220313020171030528
1220313015607676928
1220313008506716161
1220312999551893504
1220312970342780929
1220312958414159872
1220312955830407175
1220312949652410373
1220312945516781568
1220312943113334786
1220312941783703552
1220312934989123589
1220312932371718144
1220312923429470208
1220312894878965760
1220312890936299520
1220312882472083456
1220312861207093249
1220312846099263489
1220312838452834304
1220312836448161794
1220312828982284288
1220312819058585602
1220312806706176001
1220312761017626624
1220312744970334208
1220312736359305217
1220312735772180480
1220312731611475975
1220312721603756033
1220312721272471552
1220312715203354625
1220312707888336896
1220312700665974785
1220312688699437057
1220312687717957632
1220312683075002382
1220312630746849280
1220312628192432130
1220312583158132736
1220312556729966592
1220312554930491392
1220312548055998464
1220312531014766592
1220312527847845888
1220312524555345920
1220312518238720001
1220312512928731136
1220312498714370049
1220312492720709632
1220312471854092288
1220312464497106947
1220312459312975872
1220312440895766528
1220312437758611457
1220312432670846978
1220312430854705153
1220312402551435264
1220312400563335168
1220312392409600000
1220312391457492992
1220312379575144454
1220312374822998017
1220312369357905922
1220312338202419201
1220312326722727938
1220312325024047104
1220312321546911745
1220312307164565504
1220312294590038016
1220312280425992192
1220312275531247624
1220312263892049922
1220312257785188352
1220312255532679168
1220312246427029504
1220312234598862849
1220312225774092289
1220312213900054528
1220312210116759552
1220312201241624576
1220312188214112258
1220312186716934144
1220312182489014273
1220312161563615235
1220312146275270658
1220312139841196037
1220312130353876992
1220312129212805120
1220312114377756672
1220312113526333442
1220312113526083584
1220312109076099072
1220312084547887107
1220312080076591104
1220312072812019713
1220312069817241602
1220312066034061312
1220312050972291072
1220312032743956483
1220312028180385792
1220311995003691008
1220311978821840897
1220311975059574786
1220311965475753984
1220311944713965568
1220311938187583488
1220311912744771584
1220311903924301828
1220311900396765184
1220311895204229120
1220311890808786946
1220311888543862787
1220311885976952833
1220311856931168257
1220311838182633477
1220311835263610881
1220311830209486848
1220311811762937856
1220311801981652992
1220311796957032448
1220311795492999168
1220311781962403840
1220311780565499906
1220311778879393793
1220311770004258816
1220311769400463362
1220311761674559488
1220311759606562821
1220311712764743681
1220311703226728449
1220311700039028736
1220311683652104194
1220311635144740864
1220311616245379072
1220311604740231168
1220311573186666496
1220311551212523526
1220311534708105216
1220311534699597825
1220311529758740480
1220311529599291395
1220311515745538048
1220311515716186114
1220311513602199552
1220311513594040321
1220311501627514881
1220311495398973441
1220311487371075587
1220311470728081409
1220311468769366019
1220311466500403209
1220311459420393472
1220311456119390209
1220311453149749248
1220311451434242050
1220311450440237059
1220311442831724545
1220311430634717185
1220311420153151488
1220311418127384579
1220311412020563971
1220311398670053377
1220311396941877248
1220311386762424320
1220311380013830144
1220311379271249920
1220311354784940035
1220311350267842561
1220311346660556800
1220311343003131905
1220311304591663104
1220311304222605313
1220311301123190785
1220311300221349888
1220311293074313216
1220311280919035905
1220311277907693568
1220311269930082304
1220311263005290497
1220311261470167041
1220311254583169024
1220311233833979906
1220311215005687809
1220311211201314816
1220311198664724480
1220311188413665280
1220311175520407557
1220311173297389569
1220311157254180864
1220311157195464704
1220311155702407168
1220311092477538304
1220311059082334210
1220311045652107264
1220311023049158656
1220311007332945920
1220310990996279296
1220310973157789696
1220310964966326273
1220310963649314817
1220310960331726848
1220310891100393472
1220310889485631488
1220310885371121666
1220310877473103879
1220310872658104320
1220310868065284097
1220310851938324483
1220310839787446272
1220310836314460160
1220310832505999360
1220310826180993026
1220310796640706560
1220310781817843712
1220310780312158208
1220310779280445440
1220310776751316992
1220310767314010113
1220310765652959233
1220310750276804609
1220310744962486272
1220310734581579776
1220310727757639680
1220310716420218880
1220310693678854144
1220310689195200514
1220310682966556672
1220310672401059852
1220310666227019776
1220310664280862720
1220310653291941888
1220310650833928192
1220310645586919424
1220310639677075456
1220310638687244288
1220310624107929601
1220310620869758976
1220310568504102913
1220310565773381632
1220310556881670144
1220310556843724800
1220310552335081478
1220310550950793216
1220310543203889153
1220310541434019840
1220310534479908864
1220310526493896706
1220310519371878400
1220310518516240385
1220310502485585920
1220310466116734977
1220310462559993859
1220310453609361409
1220310428573749249
1220310420772122625
1220310413516013568
1220310411221839872
1220310399402364928
1220310398672523264
1220310380393553921
1220310354481360901
1220310351578685440
1220310351067172864
1220310327444721666
1220310319517458432
1220310318187974656
1220310313586827264
1220310279856123904
1220310276693610496
1220310254954696705
1220310250361892864
1220310248168120320
1220310221148438528
1220310200114085889
1220310196586786816
1220310190295330816
1220310185446494208
1220310180270952448
1220310178064740353
1220310177116839936
1220310175397007360
1220310172930912257
1220310172754677765
1220310162281398272
1220310136020856832
1220310131444858880
1220310124448739328
1220310095612923904
1220310081851387906
1220310076247986176
1220310071567142912
1220310058736717824
1220310053149986817
1220310053128826880
1220310053116424198
1220310042479493120
1220310041464410112
1220310029410148358
1220310012007985153
1220310008161808384
1220310005829623808
1220310005355892736
1220309997139173376
1220309988570087426
1220309982694006784
1220309975660019712
1220309966008930304
1220309958404820992
1220309921209540613
1220309916780396546
1220309871775453184
1220309867312738304
1220309866453127173
1220309857569406979
1220309851076583425
1220309838674235392
1220309828335259649
1220309807925735425
1220309804041875456
1220309800858390528
1220309799213993984
1220309797553217537
1220309794487259136
1220309788665335808
1220309758432796672
1220309758042755074
1220309757644484608
1220309754624397313
1220309751843586048
1220309741500424197
1220309724144467968
1220309721984442373
1220309719887360001
1220309717035020293
1220309704540291073
1220309701805539329
1220309698198437888
1220309696696860672
1220309686945222657
1220309678095130625
1220309677440819201
1220309670809817088
1220309668179992576
1220309668129660928
1220309655886254080
1220309648558837760
1220309640254066689
1220309638463119361
1220309631513182208
1220309629978075136
1220309629059518464
1220309628262715392
1220309624298991616
1220309603910467584
1220309572050726912
1220309571731742720
1220309556787437570
1220309556711940096
1220309552505204736
1220309542661128193
1220309532791820288
1220309524113952769
1220309522302013440
1220309522113126411
1220309519374278656
1220309513808465926
1220309504618684417
1220309465897033731
1220309457604960256
1220309449463615488
1220309439359614977
1220309425224728576
1220309405796720641
1220309405662507008
1220309404337098752
1220309401640341505
1220309393130037248
1220309391942881280
1220309375371354112
1220309358128422914
1220309356987576320
1220309346162298880
1220309343054090240
1220309339476545538
1220309336817311744
1220309326201597953
1220309317842112513
1220309314646110210
1220309311932551170
1220309310044950530
1220309308065214464
1220309292785553409
1220309281049907201
1220309267204448256
1220309260745236480
1220309246958604288
1220309230453805057
1220309212993130496
1220309201660076034
1220309196534468608
1220309190951878657
1220309177668718592
1220309169489580032
1220309168436834304
1220309156000862208
1220309150770483200
1220309135767437312
1220309110572212225
1220309105082097666
1220309105052659713
1220309103265886208
1220309091131674624
1220309083225387008
1220309082831237120
1220309074027458560
1220309072450334722
1220309059494006784
1220309053965991940
1220309051428438016
1220309043824087042
1220309032675823618
1220309023771320320
1220309018222063616
1220309014690652161
1220309010630377472
1220309004351492097
1220308979932434437
1220308961221582848
1220308954669973504
1220308953927602176
1220308948982599680
1220308934860378114
1220308924496109568
1220308922680016901
1220308915834933248
1220308900374892554
1220308872369324038
1220308869336850433
1220308864668553218
1220308836176678913
1220308804040056832
1220308794175107072
1220308794019864576
1220308791230488576
1220308786319167488
1220308783806787584
1220308781898190849
1220308779591442433
1220308754304000000
1220308741393960960
1220308736239112196
1220308734531948544
1220308733974269953
1220308729146425344
1220308695499722753
1220308690990964736
1220308680467537920
1220308672808718336
1220308667469266944
1220308664021471232
1220308644790538240
1220308615979991041
1220308607377473537
1220308590746988545
1220308590713561089
1220308583801180161
1220308571797110784
1220308536372142081
1220308528260440064
1220308526473646080
1220308525919813634
1220308519448121348
1220308512825151490
1220308507964002305
1220308507548778496
1220308501534248960
1220308493464457216
1220308472178233351
1220308459402383362
1220308441110966274
1220308436958597120
1220308429996163072
1220308422916235264
1220308420441473025
1220308407426613248
1220308404775686145
1220308395468763137
1220308385616318464
1220308384622292997
1220308381535260672
1220308380608274432
1220308376787308546
1220308360966365184
1220308344813965312
1220308342897139713
1220308339168403457
1220308335032856576
1220308329169215488
1220308325675352065
1220308307228884992
1220308302728351746
1220308288933220353
1220308278820753408
1220308271820627968
1220308265441075200
1220308260613308416
1220308260193832961
1220308259065749505
1220308238366695424
1220308236081008641
1220308221941796864
1220308217122549761
1220308207777677312
1220308206259302401
1220308205533827072
1220308204636209152
1220308193898835968
1220308191361167366
1220308166761762816
1220308164844847104
1220308154208149505
1220308142291968000
1220308139444076544
1220308117616857090
1220308108443971586
1220308086294032384
1220308078488379393
1220308074344280064
1220308072427425797
1220308062726238208
1220308046796271616
1220308041842577408
1220308040986939392
1220308039569268741
1220308027800203265
1220308009282236417
1220308003204685824
1220307998368813056
1220307995231260672
1220307985865379842
1220307969168105475
1220307956077486086
1220307954752159745
1220307946195705856
1220307932241375232
1220307922623746053
1220307922095206400
1220307912502808577
1220307907197140992
1220307900955906048
1220307897256681472
1220307886015963137
1220307870119596032
1220307866944323585
1220307834799316993
1220307831901081602
1220307826297323521
1220307825995333633
1220307825680879616
1220307818974085120
1220307808341512193
1220307805699096576
1220307784920489987
1220307783255502855
1220307781594402816
1220307773793218560
1220307771448610816
1220307750053236736
1220307740347600897
1220307731082444800
1220307730344230913
1220307715014254594
1220307695963660288
1220307690917974017
1220307687004463104
1220307667194826752
1220307663562493952
1220307658986663936
1220307657312985088
1220307651759706112
1220307634865221634
1220307624706658305
1220307621149736963
1220307618234695680
1220307615034437632
1220307598534049793
1220307592720896000
1220307573607477249
1220307571451387904
1220307568452460544
1220307568028864513
1220307562924400640
1220307520100667398
1220307514643951616
1220307504980054018
1220307483828162560
1220307473082413056
1220307460335915008
1220307454124285953
1220307453302255616
1220307443420291072
1220307437992824832
1220307437779111936
1220307425086988290
1220307422604144641
1220307420188151809
1220307417306673152
1220307409593360384
1220307400827207680
1220307395940884480
1220307388898496512
1220307385887219713
1220307384276414464
1220307378618265600
1220307377997541380
1220307377716629504
1220307354144645120
1220307353993531395
1220307347421171712
1220307334875860994
1220307332288204800
1220307316710395904
1220307315858931712
1220307301162078208
1220307291481759744
1220307271747375104
1220307268815618054
1220307257512144896
1220307251715379203
1220307249236713472
1220307244350197761
1220307216986669056
1220307208174473217
1220307201006268421
1220307198905126914
1220307195889238016
1220307190067662848
1220307173726511104
1220307172543750145
1220307157326925824
1220307155083055104
1220307147185102849
1220307142877442048
1220307137848541191
1220307134371381249
1220307122400849920
1220307091715502082
1220307068277493760
1220307064892862464
1220307062397132800
1220307055195705344
1220307043736645632
1220307017312559104
1220307008701726722
1220307005312626688
1220307001495842817
1220306979786231808
1220306976157995009
1220306950128144384
1220306949327159297
1220306945837453314
1220306944507990016
1220306928733126656
1220306917878304768
1220306910852853760
1220306896055345152
1220306892246962176
1220306876660740097
1220306871547875328
1220306861347364865
1220306859917053952
1220306859799851008
1220306855433359360
1220306852950560768
1220306847762087938
1220306846268915714
1220306836705824768
1220306836387008512
1220306824060198912
1220306796465836032
1220306789339545600
1220306784587583489
1220306744477286401
1220306741709152256
1220306734356615168
1220306720960008192
1220306718216736768
1220306695340998658
1220306693235625984
1220306689259397121
1220306676282052609
1220306668195463170
1220306666840702976
1220306658896666626
1220306651674107905
1220306640903081984
1220306638675906560
1220306634565505024
1220306633449865218
1220306618048364546
1220306607055093761
1220306606447120384
1220306600390352896
1220306578001158146
1220306559437283337
1220306556408881154
1220306554836045824
1220306522472763392
1220306516789432323
1220306514075774977
1220306487941062656
1220306464755134474
1220306454449741830
1220306444060246017
1220306442109898752
1220306432689524737
1220306423265071104
1220306420425379840
1220306419066396679
1220306417648685057
1220306412334510080
1220306402595475456
1220306398195511301
1220306387042889728
1220306383158923264
1220306382789861376
1220306376049799168
1220306364821463043
1220306331397185537
1220306330172510210
1220306326997192704
1220306324061413376
1220306321527857154
1220306312787103750
1220306298442403840
1220306298027368448
1220306287084228608
1220306285746245633
1220306277605302272
1220306250623143936
1220306247586668550
1220306243719319552
1220306220457828352
1220306217387597829
1220306198500524032
1220306195111542784
1220306193282764800
1220306161657942016
1220306159460143105
1220306152287690752
1220306150760927232
1220306148676513796
1220306138425479168
1220306130242588675
1220306126794784768
1220306115780579330
1220306110206246912
1220306102870409216
1220306086642634752
1220306069018333185
1220306040618569729
1220306030107799557
1220306024764043264
1220306020494385154
1220306011615002625
1220306007651315713
1220305999048785920
1220305982116384769
1220305974856159233
1220305964953305089
1220305959651880962
1220305952332754945
1220305948293513216
1220305947697876992
1220305947073089537
1220305933626011650
1220305921181536256
1220305919411535874
1220305916089622528
1220305904655990784
1220305864902377472
1220305835810668544
1220305827527086080
1220305822175109121
1220305803325788161
1220305799802736641
1220305796136718336
1220305786791845888
1220305768198606848
1220305764985733121
1220305762183979008
1220305737454444545
1220305715723718657
1220305712817102851
1220305711982239744
1220305708702257153
1220305696115380225
1220305689542787073
1220305677542780930
1220305671679172610
1220305623969083392
1220305616020725760
1220305598773911553
1220305583024177152
1220305576111955968
1220305575386525697
1220305564477116416
1220305557728313344
1220305553202675713
1220305550228897793
1220305539957215233
1220305538828972032
1220305534844391424
1220305523406450688
1220305498416844802
1220305496046858240
1220305489826705410
1220305469857726464
1220305468574187524
1220305447745245184
1220305445384081408
1220305428514508801
1220305402027339779
1220305373564792832
1220305353235161093
1220305328975306752
1220305327322615809
1220305326727159809
1220305324281933824
1220305306175135745
1220305300084781056
1220305283085291520
1220305281512460288
1220305266081746944
1220305265775517697
1220305253456916480
1220305243600228352
1220305234183872512
1220305227057893380
1220305220028129281
1220305219323432960
1220305214911045632
1220305210851102721
1220305199299907584
1220305193570635777
1220305190970064897
1220305190068219905
1220305187895726080
1220305174264049670
1220305172754137088
1220305156224405509
1220305133453496320
1220305121659088896
1220305071616847872
1220305071453261824
1220305061311467520
1220305060091088899
1220305049756192768
1220305041816530944
1220305021117419520
1220305012842213376
1220304999873277952
1220304997973471233
1220304989471428608
1220304985923059713
1220304982181928960
1220304977995845632
1220304959717036032
1220304958265802753
1220304954205921285
1220304949633896448
1220304945309634560
1220304943115988993
1220304938137538561
1220304928121544704
1220304920403939328
1220304915924316162
1220304900556496896
1220304900447404036
1220304897637261313
1220304897301549058
1220304894009192454
1220304869812318213
1220304862052831232
1220304852376358914
1220304839063805954
1220304836177973250
1220304835951591425
1220304826614964225
1220304816532082699
1220304810311745536
1220304799792541696
1220304798244724737
1220304791194103811
1220304787016540160
1220304785896665088
1220304779986882560
1220304774651883521
1220304749221707777
1220304738501054464
1220304729764331523
1220304726547488769
1220304711896551425
1220304696969064448
1220304689012473856
1220304680460410884
1220304679873236992
1220304643890274304
1220304631320006656
1220304625800118272
1220304609559949312
1220304588017827840
1220304563686629379
1220304547425419264
1220304535891038209
1220304535207309318
1220304534033129472
1220304525954695168
1220304524788715520
1220304514919673856
1220304501904756737
1220304487694270465
1220304481276973057
1220304471210655746
1220304470619365376
1220304449366904832
1220304447634432002
1220304427560521728
1220304423466893313
1220304398657540102
1220304378600546306
1220304362305548288
1220304339295621120
1220304314884861953
1220304289891045377
1220304285839306753
1220304280843735045
1220304264142163969
1220304257657663488
1220304257406160896
1220304254524481536
1220304250632146946
1220304206776520709
1220304171108200449
1220304158462316544
1220304157053214727
1220304156713504769
1220304094499307520
1220304091093430272
1220304087008174080
1220304086203076608
1220304074349973504
1220304071111790592
1220304061905371136
1220304041432870912
1220304025339465728
1220304019555569664
1220304011938500609
1220304011615555585
1220304004611301376
1220303991004790784
1220303975964123136
1220303974479298562
1220303972839383040
1220303972096823296
1220303951494615041
1220303923895922688
1220303919709999104
1220303919525564417
1220303915071176712
1220303874772201472
1220303874659098626
1220303871039414272
1220303845470941185
1220303845043113984
1220303844912984065
1220303842220236801
1220303834431410177
1220303830643953666
1220303825837285377
1220303823601668097
1220303822171574273
1220303812415705088
1220303809936650241
1220303805570371585
1220303801363550209
1220303797467086850
1220303793306226689
1220303792098488320
1220303789694976000
1220303772171284485
1220303767490269185
1220303760007860224
1220303751291867136
1220303729364172800
1220303719117529091
1220303715149549568
1220303709835427840
1220303702277230592
1220303686427123712
1220303683696484352
1220303677283586049
1220303665778458624
1220303651983577088
1220303640168214528
1220303615849484288
1220303610195533824
1220303609340006400
1220303607553069061
1220303572731977729
1220303552708476929
1220303530809888768
1220303529891504129
1220303515647643648
1220303500376182784
1220303497889009664
1220303494323720193
1220303480751099904
1220303480000327681
1220303479169867776
1220303451797643265
1220303426912784384
1220303423301550081
1220303418981527552
1220303418729758721
1220303408004911104
1220303398349619200
1220303375818018822
1220303374555340800
1220303372982448129
1220303364241666049
1220303362538622978
1220303360844189697
1220303336387174400
1220303313104592903
1220303299728949248
1220303297627578369
1220303295077658626
1220303280674197504
1220303277763502081
1220303271031529472
1220303250039009282
1220303211984109568
1220303204166066176
1220303198092591105
1220303195135758337
1220303178291466241
1220303170267516928
1220303160885104640
1220303143814041600
1220303120288243712
1220303119914921985
1220303108850323457
1220303070254465026
1220303065556955137
1220303048855023618
1220303046158311424
1220303040428806144
1220303027178999808
1220303001925013506
1220302997176995840
1220302980169093128
1220302973382864897
1220302966155968512
1220302965623287808
1220302943410221056
1220302942630117376
1220302940482621441
1220302927723556865
1220302902645817344
1220302897574891520
1220302877383708680
1220302875626213377
1220302868084752385
1220302864670543872
1220302858702086144
1220302853249601536
1220302845880213504
1220302794743255040
1220302782172815360
1220302775185219584
1220302770932043776
1220302761507610629
1220302758181343233
1220302757082648581
1220302756822441985
1220302746856960002
1220302735175606272
1220302734189940736
1220302731623059456
1220302729119055873
1220302719702855680
1220302718683602945
1220302707019468800
1220302703328448512
1220302696001024000
1220302694964846593
1220302691504508928
1220302690833403904
1220302685078880257
1220302662790455296
1220302661888684032
1220302661314060288
1220302643932868608
1220302643039326208
1220302618293166080
1220302604124770309
1220302534205673472
1220302531294720001
1220302528258035713
1220302524994842624
1220302517289938944
1220302513343287298
1220302506070179840
1220302504963072000
1220302462604603394
1220302461069475842
1220302460851388417
1220302455423954945
1220302453889032192
1220302452026757120
1220302450822914048
1220302430115549184
1220302398876540928
1220302363149291520
1220302361576595456
1220302352361689089
1220302346841800705
1220302331515895808
1220302313488834560
1220302296963260416
1220302296350908416
1220302282824343552
1220302260355223552
1220302257427832839
1220302251631218688
1220302249047363584
1220302243263479809
1220302231984959490
1220302219737780224
1220302219523903488
1220302212284538880
1220302209306386432
1220302190667075584
1220302167476711425
1220302150477025280
1220302139605602304
1220302125181390849
1220302114858995712
1220302113139560448
1220302071955623936
1220302071016173568
1220302060421140480
1220302053202964480
1220302048832307202
1220302033573429248
1220302026057404418
1220302023016484864
1220302022290890752
1220302016163074048
1220302011423432705
1220302007342391297
1220302005094187008
1220301978665795584
1220301968091930624
1220301962958266368
1220301959862730754
1220301955333083142
1220301954515177472
1220301952619249671
1220301950673027072
1220301950564040705
1220301943123234816
1220301933220483072
1220301932360863744
1220301931500929026
1220301911544549377
1220301906255310849
1220301896675725314
1220301896604237826
1220301895727747073
1220301863234330624
1220301836860772355
1220301835140988928
1220301829357166592
1220301825565290496
1220301815629189120
1220301804279345160
1220301802173861890
1220301800848289792
1220301771936952321
1220301757185654784
1220301747693867008
1220301746372669442
1220301697265721345
1220301690634719235
1220301682640207872
1220301673970552834
1220301661069103107
1220301642635141122
1220301636121374720
1220301623789940737
1220301620187029504
1220301596870897664
1220301590415974400
1220301579003166721
1220301575626706944
1220301549563346944
1220301541501960192
1220301539568304128
1220301530298929153
1220301494668279809
1220301485914742784
1220301443556696066
1220301425701478401
1220301421544968192
1220301413542055939
1220301406885859328
1220301406059581440
1220301404457381888
1220301402192281600
1220301393866653697
1220301378985381888
1220301359964020738
1220301335029059585
1220301333762170883
1220301332461969410
1220301328536047616
1220301323674865664
1220301306130288640
1220301299700256769
1220301290007228416
1220301288618876928
1220301282017271808
1220301261838245888
1220301237284823040
1220301229181374464
1220301225863729153
1220301225574436864
1220301200748240897
1220301185535467521
1220301183039881216
1220301182880473088
1220301181873946624
1220301180015988737
1220301179265208320
1220301177629208577
1220301175343333376
1220301175293124608
1220301156842266624
1220301155898511360
1220301155848179713
1220301147610632197
1220301120968581120
1220301115427885057
1220301110247903238
1220301103704739840
1220301103167705089
1220301076978487296
1220301075632123904
1220301044409950208
1220301043898056704
1220301041230589953
1220301040769257473
1220301021936635905
1220301007546089473
1220300980480143360
1220300970443198465
1220300962264338437
1220300935383023616
1220300935244595200
1220300910116519936
1220300903066034177
1220300897181491202
1220300892424982528
1220300885013692417
1220300884048928773
1220300871319400452
1220300868777582592
1220300856727351296
1220300849710153728
1220300848405680129
1220300847688470528
1220300841933869056
1220300828365377537
1220300826301935619
1220300824347336706
1220300823676108800
1220300818160607238
1220300811869179904
1220300788934696962
1220300785956708352
1220300777866104833
1220300775554859008
1220300768013668354
1220300767917068288
1220300759369121793
1220300748384280576
1220300742176567297
1220300740758884352
1220300735994368000
1220300735822225409
1220300722106818565
1220300716138328064
1220300708727013376
1220300704818122753
1220300689890430976
1220300677928378370
1220300652737376256
1220300625176600578
1220300587230793728
1220300568096399360
1220300568029286403
1220300559778902016
1220300553726648321
1220300548961759233
1220300547825098753
1220300531412811777
1220300529785544704
1220300522982465538
1220300515206225922
1220300514803343360
1220300489251667969
1220300488530440194
1220300479436967936
1220300475733549057
1220300464484442112
1220300458667003905
1220300443022065664
1220300440350285824
1220300438320238592
1220300433257893890
1220300410122010630
1220300401200656384
1220300399761952768
1220300399753609216
1220300399363678208
1220300397056688128
1220300365943406592
1220300354656657408
1220300354006540289
1220300348662747137
1220300335584952321
1220300333752045568
1220300314626134016
1220300312373645313
1220300309701902336
1220300305633382400
1220300303234486272
1220300293792989186
1220300290840154112
1220300277250777090
1220300276831264768
1220300275371540480
1220300255733960706
1220300246695206912
1220300243058733061
1220300241057878016
1220300218882756609
1220300213790875648
1220300200364867585
1220300199970603010
1220300198410432512
1220300182862139397
1220300168366641152
1220300153673875456
1220300146136666112
1220300145725558785
1220300142902939650
1220301244671152130
1220315224487735297
1220315038541656065
1220315021294604288
1220315014336335873
1220314987975139329
1220314822946050048
1220314782840119297
1220314778004049926
1220314746685136898
1220314745095565313
1220314744692912130
1220314730872688642
1220314716452663302
1220314707250372611
1220314690355703815
1220314689827028993
1220314439141994496
1220314428677206024
1220314294442758144
1220314285571702789
1220314258019319808
1220314193854791681
1220314170349977600
1220314158987653121
1220314136741056512
1220313974299820040
1220313826148671488
1220313695395418112
1220313656807886848
1220313493376786432
1220313462854778890
1220313451018563585
1220313359511359489
1220313271699460096
1220313241085194240
1220313148852449281
1220313118351548419
1220313067839459328
1220313000986533899
1220312910213386241
1220312898318192642
1220312859164495873
1220312799991287808
1220312785600512001
1220312756055834625
1220312623926870018
1220312618868649990
1220312554985095168
1220312509070135297
1220312359450939392
1220312324461871104
1220312255373422592
1220312169562230785
1220312118760742912
1220312056630513665
1220312018047131648
1220312009675288578
1220312003350343680
1220311996513390595
1220311980088516608
1220311905417539584
1220311887587483654
1220311875566493696
1220311839646650369
1220311757861736450
1220311747652833281
1220311592920895489
1220311564529459201
1220311534515249152
1220311465565065216
1220311449660203011
1220311271716925440
1220311221162971141
1220311192574550016
1220311005928083460
1220310965578878980
1220310904467787776
1220310720681840641
1220310669553229825
1220310516247252992
1220310474648100865
1220310240845012993
1220310157281890305
1220310079985061898
1220309877832200193
1220309772613885952
1220309738950250498
1220309684915187712
1220309642699403265
1220309510427987968
1220309509178056704
1220309500273594369
1220309482460340224
1220309479646007301
1220309454236897281
1220309420095279104
1220309390122766336
1220309274943016960
1220309022986981376
1220308732871172099
1220308650306215936
1220308608841388032
1220308574074699778
1220308473155551232
1220308459104555008
1220308357908770816
1220308310152355845
1220308235929968640
1220308091381542912
1220307965187518464
1220307927296348161
1220307845612216322
1220307818420625415
1220307802943631362
1220307720823242752
1220307719246241795
1220307673779884032
1220307382397476864
1220307372272488449
1220307231801061377
1220307175081414657
1220307168634773507
1220307119032995841
1220307027827871745
1220306948299591680
1220306933607030784
1220306905127641089
1220306879563358209
1220306702613958656
1220306664340979714
1220306575459606528
1220306566487986176
1220306468001460225
1220306446920843266
1220306327336996865
1220306266419093504
1220306164707184641
1220306106909589508
1220306071107067906
1220306025510834176
1220306013129191424
1220306009668968449
1220306005537456129
1220305975367929857
1220305952701911042
1220305787978964992
1220305483195723776
1220305480108605440
1220305168777928704
1220305124817604608
1220305085902790656
1220305052172029952
1220305044140064769
1220305043267768321
1220305026045923330
1220304962342641666
1220304934542827525
1220304921741926400
1220304811062636546
1220304636277657606
1220304613187948545
1220304405376860161
1220304374779596800
1220304341766004737
1220304303732264960
1220304276502827008
1220304243011158017
1220303984834953217
1220303918326075392
1220303838399410176
1220303724012281857
1220303713031663616
1220303654269464576
1220303619490226176
1220303493313040384
1220303286160568327
1220303259107299329
1220303177377107968
1220303143025741824
1220302952512049156
1220302851626491904
1220302824002613248
1220302814703996929
1220302792998313984
1220302791970738177
1220302675905875968
1220302644549386241
1220302638027345921
1220302599196495872
1220302569869905921
1220302410448539649
1220302406581391361
1220302284334170112
1220302266428809217
1220302192025964549
1220302178600001536
1220302171360632832
1220302137965473792
1220301921283706881
1220301761061085189
1220301671978479616
1220301659139497984
1220301634510651392
1220301626151448577
1220301256201129994
1220301041448685568
1220300729791012865
1220300665257369605
1220300650338144256
1220300437833879558
1220300368795463686
1220300285190369281
1220300214319427584
1220300162192543744
1220300158543581184
1220300144425332737
1220315215486685185
1220315197258137600
1220315195387473920
1220315191377874944
1220315186864828418
1220315154585309184
1220315150856654848
1220315142254145536
1220315140945534976
1220315137267113990
1220315135828381702
1220315134893027328
1220315121760628737
1220315118732484609
1220315117075648512
1220315114638692352
1220315098310295552
1220315081767972864
1220315060007866369
1220315039896231937
1220315035219611648
1220315031436349441
1220315013673451521
1220314999584722945
1220314997882019842
1220314996682436608
1220314981490544640
1220314980366483456
1220314965594140672
1220314957092397056
1220314950691721216
1220314945343983616
1220314899659673600
1220314896325337088
1220314886082744320
1220314882333036545
1220314879866765312
1220314875399999488
1220314857842470913
1220314829388275717
1220314754805157888
1220314740783628288
1220314732948643840
1220314722542616578
1220314710274236416
1220314679529992193
1220314672118882304
1220314644889268224
1220314630225985536
1220314612089937920
1220314601700630528
1220314597963575302
1220314581412851714
1220314580955459584
1220314544221904899
1220314529826914305
1220314523011141634
1220314522335866880
1220314521090260994
1220314519035097088
1220314491839307778
1220314488206815233
1220314476626563072
1220314469730902018
1220314458897162241
1220314458108710912
1220314453482168322
1220314435547357186
1220314428236632065
1220314428081496073
1220314421672591360
1220314382602620928
1220314351720194049
1220314297231757312
1220314282262327296
1220314272359518208
1220314258979860480
1220314242785542144
1220314231393775618
1220314227388358656
1220314208220274693
1220314196891635716
1220314183306104833
1220314183100583936
1220314163223744514
1220314156496109569
1220314144618008577
1220314139077169152
1220314130961268742
1220314129854058497
1220314124569038849
1220314118860759041
1220314073352392704
1220314029370961921
1220314021888503808
1220314009095696384
1220313994855993344
1220313991244734465
1220313987541237761
1220313980440338434
1220313959858720769
1220313938560049153
1220313937113206784
1220313910194135042
1220313904112377859
1220313897518927872
1220313878594228224
1220313874974461954
1220313854090989568
1220313847300575232
1220313846558142464
1220313842401460224
1220313832339492864
1220313829487398912
1220313820372987904
1220313805562859520
1220313792623599616
1220313789570023424
1220313775255040004
1220313773615067136
1220313724596170754
1220313711430078464
1220313707303129088
1220313700290068481
1220313689108037632
1220313668111519744
1220313667432042496
1220313662184771586
1220313650566762497
1220313644988190721
1220313641599283205
1220313612700606464
1220313609965797376
1220313608875167744
1220313596661338112
1220313566605205505
1220313558916849665
1220313557260091392
1220313530555076610
1220313521721872384
1220313515619241985
1220313500595212288
1220313497709371392
1220313485722169345
1220313443799945216
1220313438355783680
1220313428054568960
1220313423365324801
1220313416377782272
1220313366171922433
1220313364057989124
1220313362095050752
1220313359217594368
1220313353345736704
1220313351571591168
1220313341781917696
1220313333519331328
1220313318398709760
1220313296437309440
1220313294667505664
1220313273289056256
1220313233824681984
1220313225641615361
1220313203349053441
1220313173431083008
1220313163108741120
1220313152228708354
1220313131072675840
1220313127922749440
1220313115201503234
1220313104573222913
1220313098122219520
1220313073258381312
1220313058225975296
1220313050307268608
1220313039242588160
1220313022478143488
1220313022314377219
1220312989342953473
1220312967511543808
1220312965011738626
1220312935261704195
1220312917582602246
1220312912561987585
1220312900734275584
1220312888470134784
1220312870908506112
1220312869448962048
1220312856077275136
1220312835344957440
1220312821029834752
1220312812850946048
1220312805221576709
1220312798040772609
1220312796811812864
1220312774158348289
1220312763840503808
1220312758622703618
1220312757116866561
1220312751009959936
1220312750250815489
1220312738510950400
1220312738020261888
1220312726532247552
1220312707246649344
1220312698518245376
1220312674694836227
1220312635716984832
1220312621125029889
1220312595611049984
1220312592222015490
1220312558818607104
1220312544272842760
1220312527323553793
1220312514933612547
1220312510601080832
1220312508239474688
1220312507039903745
1220312505957998594
1220312484034367488
1220312482683805696
1220312477893742592
1220312477851734020
1220312476513755136
1220312467659583489
1220312457505316864
1220312435535441921
1220312433232924672
1220312416979951616
1220312409308454912
1220312407924465665
1220312406586351616
1220312404833329157
1220312404732542976
1220312385610665984
1220312356305006598
1220312311673450497
1220312302269890560
1220312299803512832
1220312287216488448
1220312278341304320
1220312267524231176
1220312242236751872
1220312223853293569
1220312182933663750
1220312173005508608
1220312166248566784
1220312109331861505
1220312095926865920
1220312082530234370
1220312066549927936
1220312065459441665
1220312058237005824
1220312055997063169
1220312018655170560
1220312014217629696
1220311997063090176
1220311990846906368
1220311989504954368
1220311985419640837
1220311963806228481
1220311952473219072
1220311927185866754
1220311924157468672
1220311912753307648
1220311876203999237
1220311864841662464
1220311855803125760
1220311840388997122
1220311839302651907
1220311832524541953
1220311831316779008
1220311824538562561
1220311808252076034
1220311802015338497
1220311798110289920
1220311786202619904
1220311772327899136
1220311767152115714
1220311763993804800
1220311759052886016
1220311736445652992
1220311734562492417
1220311730829582343
1220311713347776515
1220311701142159361
1220311694506725376
1220311692644683778
1220311688265601024
1220311687309361154
1220311661438959616
1220311652261695488
1220311643361402880
1220311630199717888
1220311628408733696
1220311627523747841
1220311624239603717
1220311604044206081
1220311589594652672
1220311531381936128
1220311526961078272
1220311513065500675
1220311497441595392
1220311497441546240
1220311487379648513
1220311486934867968
1220311468933046277
1220311466135277568
1220311429258993664
1220311388993667073
1220311369020370944
1220311367472672768
1220311336824950784
1220311318927835136
1220311283666423808
1220311278478155776
1220311269829267457
1220311269565059073
1220311266045988867
1220311254071435265
1220311253026914304
1220311251093458946
1220311244877504512
1220311244630110210
1220311244214661120
1220311239374594049
1220311234907492353
1220311232776785922
1220311208571490304
1220311171170856960
1220311120998694912
1220311078560829440
1220311060864995334
1220311007488245760
1220310975930425344
1220310961690574850
1220310923707109376
1220310911111426049
1220310883995287552
1220310872842817537
1220310863720189952
1220310857969623040
1220310849455149056
1220310824599707648
1220310824473919489
1220310811157106688
1220310795751325698
1220310792500928520
1220310788654628866
1220310781855596545
1220310776919052288
1220310772414156802
1220310766655541248
1220310747068002304
1220310726138613760
1220310717796114432
1220310705775116289
1220310694962200577
1220310693364162560
1220310676679417856
1220310659285602309
1220310630835474433
1220310618307100673
1220310568399036417
1220310559993868289
1220310518654619649
1220310515261403136
1220310514976329729
1220310487964905472
1220310475612835843
1220310470185431041
1220310469455466497
1220310385049374721
1220310382729814016
1220310379621945344
1220310324663869440
1220310320431931392
1220310318817001475
1220310307609944064
1220310307597254657
1220310305043046401
1220310263225733121
1220310260914819072
1220310246775828481
1220310238017884160
1220310216555692033
1220310212390858752
1220310202144018432
1220310166433865728
1220310153058226176
1220310150302531586
1220310142111100928
1220310099362603013
1220310093348122624
1220310075132137474
1220310066076835840
1220310064600240128
1220310024397787136
1220310017401851904
1220309971046293504
1220309915148963842
1220309914091835392
1220309905757761538
1220309872945721344
1220309864095932417
1220309862523068418
1220309850741145600
1220309842461483009
1220309824295952384
1220309796739538944
1220309783766388737
1220309753890394112
1220309737541005312
1220309716179402752
1220309657161351168
1220309647950614528
1220309638320721925
1220309607240826884
1220309588836265986
1220309588131532800
1220309577897586688
1220309547354472448
1220309497450618881
1220309489829593089
1220309488562950145
1220309473740259331
1220309473694076930
1220309444686278656
1220309411198955520
1220309353342750720
1220309351149252608
1220309345780396032
1220309310623715328
1220309309998817280
1220309297508126721
1220309288372977664
1220309244848721920
1220309232769060869
1220309231305445377
1220309228755222528
1220309221285167104
1220309215262203909
1220309210946265088
1220309138229682177
1220309135993917445
1220309133934632962
1220309124065435649
1220309057384271872
1220309038660866048
1220309035011866624
1220309034445631490
1220308977889640449
1220308971589779457
1220308966699425794
1220308917739065344
1220308915184906244
1220308835866423297
1220308805667278850
1220308784536571905
1220308776865206272
1220308696233840641
1220308671185309696
1220308660485644289
1220308646581530625
1220308641938464769
1220308597936021504
1220308534199574534
1220308518571577344
1220308515597631490
1220308504092672000
1220308492977831938
1220308468596240384
1220308467602186240
1220308465828204544
1220308459725307907
1220308449243942912
1220308446676832258
1220308381682098176
1220308378326573057
1220308360056070151
1220308307383947265
1220308283736518661
1220308283551932417
1220308275964436480
1220308265134952448
1220308264505602049
1220308264216338432
1220308238962438145
1220308233866354688
1220308228996616192
1220308207521783808
1220308204535463936
1220308186210562050
1220308185191288833
1220308173396987904
1220308105617080320
1220308103855529984
1220308102781730816
1220308075346706432
1220308062218539013
1220308047039467522
1220308046347296768
1220308041347817472
1220308029150842880
1220308025761783808
1220307993591345152
1220307988872753152
1220307956237053953
1220307955939192833
1220307940516749313
1220307936762707968
1220307933327585280
1220307920312786957
1220307915271213056
1220307911559147520
1220307899035070464
1220307893871763458
1220307872501755905
1220307862980788224
1220307852637634560
1220307836225433600
1220307797994299392
1220307788024307713
1220307785268621313
1220307777735651335
1220307776066318336
1220307756009299968
1220307720038825984
1220307703853010944
1220307699641880577
1220307675495288832
1220307673104601089
1220307667744219136
1220307628292636672
1220307608017481730
1220307607442874368
1220307596957097985
1220307595543662592
1220307576438456322
1220307575431815168
1220307568616075264
1220307562135945217
1220307544876503041
1220307533765603330
1220307516791435266
1220307497098997760
1220307489599541253
1220307480363724800
1220307474525446146
1220307437611311104
1220307436235440129
1220307431193894913
1220307411212361730
1220307408683061249
1220307365402042368
1220307348494995456
1220307281633533952
1220307253611225089
1220307246980059136
1220307223135408133
1220307216256946181
1220307212029042693
1220307202336051200
1220307201618636800
1220307185982304257
1220307179900678145
1220307136384655360
1220307128641970176
1220307092960972800
1220307088666173441
1220307073071644673
1220307071200980992
1220307069720461315
1220307051450073088
1220307028721184769
1220307027617931270
1220307023239294977
1220306966284656640
1220306964384665600
1220306941530050562
1220306931530682369
1220306924895272960
1220306900551487489
1220306867714502656
1220306827562364929
1220306806800625664
1220306772532985858
1220306753901907973
1220306703008165888
1220306674285547521
1220306669273403393
1220306664789692416
1220306651552657411
1220306645948846080
1220306624872501253
1220306616957845504
1220306602411978752
1220306596594700289
1220306563904102400
1220306548628414464
1220306526637711360
1220306521831038976
1220306489404882944
1220306478856171520
1220306477593722880
1220306468529827840
1220306442617442304
1220306366214082561
1220306361537314816
1220306329404768256
1220306316305920002
1220306312082403328
1220306308546478081
1220306303685251073
1220306300967325696
1220306280566280192
1220306270738997251
1220306243018846208
1220306185313759232
1220306164690214912
1220306137104302080
1220306098566991872
1220306062303039488
1220306020334854144
1220306020259504129
1220305947349770241
1220305942727688198
1220305936868397056
1220305928966131712
1220305881419612160
1220305861119107072
1220305829817208832
1220305826138583040
1220305803862794241
1220305777849704448
1220305767623991297
1220305750154776578
1220305747915001857
1220305746320973827
1220305658274185216
1220305546861010944
1220305510156472320
1220305509099565058
1220305502288207873
1220305492775505927
1220305489948499968
1220305469975085056
1220305446524686336
1220305443643383808
1220305400555130887
1220305373170561025
1220305370272485376
1220305348952842243
1220305347144904704
1220305345714638848
1220305324755714054
1220305300881858566
1220305297648033793
1220305261421715457
1220305258762522624
1220305257013497857
1220305253897138176
1220305246502539264
1220305244107595776
1220305186910035969
1220305180496998400
1220305173802713088
1220305125903720449
1220305125580976133
1220305054705627136
1220305050876219394
1220305031334776832
1220305029388587013
1220305013647409155
1220305003702882305
1220304991690219526
1220304972950261763
1220304960585453570
1220304952838328321
1220304946924376067
1220304931854393345
1220304916469768192
1220304907569373185
1220304905526595585
1220304891509264386
1220304888782942209
1220304882931863552
1220304880671305729
1220304842326970368
1220304806897569792
1220304796726415360
1220304786332848128
1220304761569923074
1220304728753459201
1220304714090401792
1220304714056773632
1220304710885920768
1220304702690209792
1220304701528260609
1220304694993551361
1220304690845560832
1220304667831201792
1220304624248180737
1220304613498212353
1220304610335678465
1220304609949798402
1220304559983091713
1220304495382392832
1220304493872545792
1220304482656903169
1220304472645099522
1220304468488654849
1220304463350681601
1220304441242529798
1220304433780670464
1220304417129283584
1220304414155501569
1220304385709920256
1220304373919580161
1220304371415683073
1220304369779970048
1220304343657664513
1220304338867740672
1220304332702117888
1220304329183072256
1220304319750082561
1220304258941313024
1220304232470863877
1220304199482630144
1220304193602252800
1220304181900140545
1220304177257046017
1220304164074311681
1220304160064786432
1220304150803701762
1220304108285919232
1220304094440710144
1220304092091895810
1220304081857675269
1220304077952675840
1220304064669519874
1220303958301786113
1220303957513293824
1220303921010421760
1220303907852668928
1220303903964553216
1220303862902480897
1220303847824011264
1220303845680721922
1220303823689797634
1220303822808965121
1220303821441646592
1220303817662558213
1220303805280964608
1220303790571708416
1220303779657969669
1220303762507649024
1220303760880214016
1220303749027188741
1220303743134195713
1220303740852289536
1220303724716920832
1220303705892847616
1220303693414838276
1220303673818894344
1220303638041509889
1220303603434283008
1220303599399366656
1220303571054256129
1220303547507625984
1220303541362814976
1220303524665286656
1220303496047661058
1220303494571347969
1220303470915457024
1220303460735705092
1220303452070469632
1220303432776478721
1220303431232966657
1220303427504201728
1220303414413758465
1220303412568281088
1220303394298126336
1220303394130157574
1220303371208282112
1220303318939029504
1220303313754820608
1220303295375343626
1220303294125359104
1220303290736369664
1220303266736590849
1220303257366454272
1220303239268036608
1220303237611474944
1220303163129040902
1220303155323211776
1220303152689434624
1220303135391899648
1220303130543308801
1220303129373298690
1220303126160297984
1220303092031217664
1220303089015697409
1220303082459787264
1220303067968442368
1220303051677790210
1220303034233716738
1220303029812858880
1220303028907126784
1220303013891493893
1220303009613275137
1220302954235748354
1220302945226387457
1220302945083973632
1220302940352610304
1220302938691854337
1220302901525938182
1220302890566373377
1220302885948416000
1220302859100721159
1220302853534695424
1220302825042993152
1220302811251916800
1220302804478124032
1220302794076323840
1220302792604160000
1220302778859319296
1220302742574358528
1220302733485465605
1220302722517233664
1220302698479620096
1220302687515770881
1220302675507662848
1220302673238425601
1220302670927298560
1220302644134068226
1220302638702460929
1220302611250737152
1220302575523827718
1220302570897526792
1220302566162075648
1220302563486003200
1220302519911366656
1220302514316136449
1220302511673876481
1220302502739898371
1220302491209699329
1220302440261672960
1220302431378006016
1220302430509813760
1220302406187089920
1220302355473797120
1220302346795675648
1220302326180667392
1220302320694480896
1220302302738886656
1220302292810915840
1220302243850620929
1220302241686409216
1220302233713045505
1220302227383955459
1220302206236160001
1220302156089171968
1220302153790738444
1220302143158149121
1220302140553486336
1220302140490387456
1220302139773214721
1220302134056570880
1220302106457972737
1220302105262448640
1220302090754330625
1220302088321658880
1220302076741210112
1220302043589611521
1220302034156621824
1220302030415323137
1220301997783404544
1220301924169404417
1220301903025672192
1220301895945732101
1220301894834216960
1220301879642595328
1220301838785794048
1220301822809780226
1220301817839587328
1220301807567523840
1220301785467740160
1220301766538842113
1220301715796385795
1220301681901965312
1220301661807112193
1220301636716978177
1220301636435791872
1220301632765747200
1220301631381741568
1220301603741159425
1220301598275977216
1220301595012784129
1220301586578182148
1220301584808038400
1220301583637893120
1220301573726715905
1220301555892547584
1220301553984139264
1220301553980051456
1220301510707273728
1220301507779866626
1220301507314233344
1220301502822146049
1220301501614129156
1220301489911975936
1220301486091128833
1220301462405705728
1220301462288228352
1220301455665426432
1220301424841523202
1220301402951389184
1220301381929705473
1220301379706556416
1220301369300570114
1220301346378670080
1220301334055813125
1220301328754167808
1220301325315006465
1220301311402565632
1220301300786778112
1220301289080311808
1220301273552973824
1220301249523961856
1220301238769569792
1220301225687576577
1220301224576155648
1220301217127182337
1220301199540228097
1220301170096451584
1220301164358422530
1220301163221803013
1220301148214779904
1220301143747846145
1220301136432754688
1220301105248251905
1220301099426406400
1220301093378215936
1220301008208662534
1220301007520841728
1220301005004267520
1220301000004653057
1220300996821151746
1220300965594587136
1220300960838430720
1220300960326651905
1220300935408185345
1220300935366205440
1220300920673775616
1220300920128360454
1220300916647190528
1220300906413088768
1220300890101309440
1220300871914938368
1220300855871770624
1220300847017418758
1220300844089909249
1220300833994289159
1220300829653131265
1220300821079805953
1220300810552131585
1220300784501514242
1220300755321675778
1220300754851745792
1220300737063768066
1220300718713733121
1220300681635983361
1220300676254728192
1220300653739692032
1220300628125110273
1220300614514536449
1220300586819543040
1220300578896539648
1220300572517175296
1220300566393262088
1220300562903650304
1220300554796032001
1220300543727325185
1220300525469687809
1220300476656148480
1220300458637418496
1220300456359907328
1220300455898533888
1220300435677839363
1220300424860905472
1220300422533058560
1220300401804632065
1220300387837595651
1220300379356893185
1220300369672069121
1220300356275458048
1220300353754796034
1220300316614316038
1220300281717628928
1220300273924505600
1220300264088928258
1220300244635848704
1220300240588177408
1220300234363936768
1220300212226293760
1220300202591997952
1220300179082862592
1220300160619679744
1220300156853075968
1220310047189635073
1220315204061466630
1220315178794917894
1220315107223375872
1220315065376620545
1220315055910199296
1220315016001286144
1220314935995052033
1220314917464465409
1220314892831547400
1220314768499601411
1220314768373960704
1220314761239265283
1220314695778873346
1220314660039200769
1220314625322835970
1220314612958224384
1220314610017996801
1220314534398709761
1220314468099313664
1220314457076895744
1220314440169672707
1220314297504620544
1220314274758905856
1220314182089871364
1220314101202800640
1220314100594548742
1220314097352421377
1220314084316524545
1220314053257527298
1220313981136654336
1220313959753928706
1220313903420379136
1220313814966521856
1220313781173133312
1220313759190863873
1220313745995390982
1220313734721069056
1220313733043326977
1220313660343480323
1220313653649530881
1220313652613521408
1220313617121234944
1220313614923358208
1220313510548099073
1220313487299305473
1220313465413390336
1220313436401303554
1220313383787995138
1220313371138043909
1220313307166445568
1220313240812449792
1220313226660827136
1220313211469086721
1220313188647886849
1220313154271334400
1220313105751773184
1220313085447000064
1220313076773220353
1220313054816006144
1220312998901899264
1220312995454078976
1220312973094400001
1220312938591989761
1220312934020108288
1220312882153426945
1220312879569801216
1220312826079629312
1220312795683540992
1220312784879136768
1220312764758933504
1220312738838110209
1220312737244381185
1220312733117304833
1220312696815587335
1220312689097895936
1220312684157120512
1220312674707427338
1220312652741632000
1220312651030392833
1220312617685639168
1220312515151831045
1220312500492595200
1220312499565842432
1220312416384430081
1220312413519564800
1220312401582661635
1220312401536401416
1220312389519724546
1220312353838899201
1220312343575330816
1220312333060165633
1220312329289596931
1220312286734118916
1220312273614323717
1220312202797703168
1220312179578155008
1220312172976164864
1220312091069796352
1220311946949349376
1220311933338828806
1220311900984160257
1220311850358693888
1220311787477897216
1220311763360587776
1220311747648573440
1220311733811601409
1220311732880457728
1220311729445359616
1220311693927993344
1220311669299187715
1220311590207131649
1220311540806692864
1220311502487461888
1220311473697804288
1220311404546154496
1220311381938827264
1220311355456024577
1220311280051015686
1220311256227176448
1220311210714812416
1220311206558420997
1220311074764881921
1220311033304231937
1220311017705463809
1220311005529550848
1220310999045046273
1220310994691379201
1220310974537879553
1220310955633938433
1220310952534511617
1220310918518771715
1220310881352814592
1220310812730019840
1220310780861509632
1220310740424282112
1220310737786150915
1220310733805604865
1220310648724303872
1220310512560263168
1220310506805899264
1220310475998556160
1220310422718308353
1220310401210028033
1220310397196079104
1220310381933010945
1220310262584090628
1220310259547295745
1220310222570491905
1220310128395681794
1220310096137347072
1220310088885264384
1220310058657091584
1220310051488845825
1220310015422148609
1220309995931291648
1220309979007197184
1220309965652447233
1220309937299107840
1220309900468854788
1220309891857965056
1220309814397538305
1220309807342604288
1220309797398106118
1220309793048580096
1220309771573776387
1220309770508414976
1220309681752739840
1220309671204073475
1220309659455758337
1220309587397468165
1220309558196764672
1220309545483849728
1220309510142775296
1220309497215733760
1220309491511488512
1220309444094984193
1220309415573827585
1220309404173721606
1220309403145867266
1220309390546415616
1220309357121937408
1220309349878333440
1220309336272130049
1220309256785866755
1220309245339455488
1220309180864778242
1220309124535275520
1220309108932464643
1220309102041145346
1220309079635189760
1220309013113470976
1220308972122640392
1220308928204083200
1220308903822491648
1220308892195799040
1220308830468182017
1220308828329250851
1220308682837094400
1220308678718500864
1220308580152287234
1220308572665344000
1220308571411419136
1220308556622245889
1220308553170288640
1220308519947264000
1220308488389136384
1220308466100654081
1220308456537636870
1220308368146849792
1220308329106247681
1220308320256315393
1220308316770861056
1220308288975376385
1220308282079760385
1220308243500732417
1220308237112762370
1220308202866298880
1220308193215164418
1220308146570219520
1220308141562187777
1220308121056243712
1220308082053410819
1220308039804375040
1220308039791591424
1220308020191617026
1220307954051645440
1220307946388803584
1220307915992653824
1220307898116530176
1220307891816583168
1220307819662061568
1220307772530663424
1220307717476306951
1220307565541830657
1220307541458063360
1220307526442504192
1220307518603300864
1220307511829585920
1220307499124850688
1220307492292440064
1220307460533182464
1220307450022285318
1220307425183576064
1220307408372678656
1220307325652815872
1220307314902732801
1220307276717809672
1220307276310798337
1220307154042785792
1220307145024950273
1220307047515873280
1220307006961020929
1220306956721717249
1220306950673641472
1220306931157323777
1220306893823971328
1220306851281231872
1220306843366580227
1220306797317304320
1220306762982739968
1220306655428120582
1220306567829934080
1220306451429642241
1220306318239490048
1220306217483943936
1220306202896281601
1220306199159009281
1220306158830751744
1220306148139720705
1220306146692489217
1220306119475826688
1220306054996582400
1220306042396954624
1220306016815837184
1220305988156153857
1220305976718282753
1220305957198102528
1220305812834410496
1220305780571701248
1220305764687867906
1220305744081219584
1220305687999283200
1220305637470588929
1220305595405946882
1220305540678668289
1220305475423457281
1220305452627447808
1220305445107261440
1220305384189001728
1220305366224920576
1220305358083616768
1220305334197268480
1220305318359576581
1220305299866669056
1220305231856062464
1220305152281698304
1220305102436814854
1220305009813811200
1220304999273594882
1220304972581081088
1220304939001401344
1220304900107722752
1220304866188263425
1220304858634428417
1220304853856993280
1220304802048954370
1220304722449649664
1220304634646073345
1220304530987859969
1220304512457461761
1220304501426376704
1220304332693934081
1220304312632475648
1220304301609881609
1220304276091817984
1220304203400114176
1220304145497776129
1220304118578704390
1220304000098226181
1220303992435044353
1220303979969597441
1220303977025114113
1220303907672526848
1220303906363723776
1220303905117982720
1220303892937945089
1220303864949284864
1220303734821081089
1220303626855419904
1220303521028943876
1220303443056721920
1220303425931567104
1220303315700830208
1220303283077541890
1220303266241765378
1220303170724749314
1220303135454965760
1220303110259654657
1220303100621180928
1220303012146495489
1220303001107206145
1220302968836304896
1220302920513736707
1220302882563674112
1220302854046601218
1220302810643714048
1220302796081238017
1220302778012184576
1220302737063260160
1220302726120267776
1220302693270347776
1220302680050085888
1220302620872429568
1220302599506690048
1220302589771886592
1220302293570150401
1220302169951199232
1220302167749341184
1220302123608375297
1220302059586473985
1220302003932401665
1220301998588776450
1220301977281859584
1220301910089064449
1220301872264884224
1220301824659533825
1220301824059510785
1220301814291148801
1220301715926409216
1220301682581614592
1220301562406326272
1220301560363868160
1220301476125241346
1220301453069180928
1220301432433201152
1220301335825772544
1220301303060017152
1220301280243081216
1220301251474161664
1220301207786459138
1220301050965524480
1220300862406496256
1220300844480049152
1220300707544412166
1220300618889228288
1220300576753360896
1220300576358977538
1220300566338981895
1220300527906328581
1220300523875729408
1220300497980051456
1220300490984116226
1220300480875810818
1220300445383643136
1220300437116596225
1220300412672073728
1220300378849366017
1220300354731966465
1220300342799110145
1220300328345706497
1220300323996090368
1220300315754467329
1220300262818091014
1220300238768025611
1220300190369767424
1220300152566505472
1220315196188549120
1220315143386435584
1220315084486053888
1220315057243865088
1220315022003507202
1220315000646131712
1220314952508092423
1220314913396154369
1220314892705484801
1220314825961754627
1220314801714450433
1220314781372108800
1220314696126996483
1220314678791954433
1220314652078419969
1220314638094462976
1220314634420281344
1220314614228901888
1220314578833354752
1220314572885807106
1220314545589125121
1220314527868174336
1220314517160120320
1220314489175842816
1220314487896461312
1220314458523828224
1220314438865227776
1220314420120838145
1220314363577290752
1220314312725553154
1220314241078644736
1220314195561979905
1220314139966394368
1220314121230372870
1220314101118898178
1220314059028848640
1220314057321984001
1220313990036848641
1220313966557032448
1220313930356027392
1220313917077049344
1220313884747358208
1220313854154022912
1220313853260468224
1220313851234701312
1220313833010606081
1220313831873961986
1220313826299539463
1220313821555748864
1220313807454642176
1220313795416948736
1220313780959109120
1220313756850278400
1220313699782709250
1220313685383696386
1220313634632601601
1220313631088238592
1220313599236886532
1220313594127998976
1220313590210662407
1220313559009071104
1220313504542068736
1220313503724077056
1220313501585092608
1220313479183327233
1220313410539347968
1220313404516122624
1220313382227570688
1220313381338378242
1220313374417805313
1220313374333886464
1220313373239152640
1220313367664971777
1220313313684402176
1220313296059764736
1220313287054839808
1220313279454642176
1220313262648152064
1220313222542176256
1220313200605962241
1220313164543414272
1220313111674011653
1220313107182096386
1220313066199560197
1220313045899128832
1220313042673643521
1220313035836919808
1220312997702144001
1220312916374839296
1220312911727345665
1220312887937208320
1220312869092327426
1220312859453751302
1220312839929372673
1220312763089784832
1220312749860765696
1220312731934326784
1220312705615028224
1220312661524484097
1220312616825810944
1220312570025762816
1220312550392254466
1220312491345006593
1220312465319190530
1220312419349565441
1220312406368219138
1220312391205953536
1220312388924137472
1220312311132512257
1220312266924425216
1220312249153265670
1220312192425349120
1220312133205970944
1220312116667854848
1220312108224499712
1220312079812440065
1220312039102406656
1220312035193434114
1220312002431569923
1220312002230308864
1220311967165902848
1220311935939272705
1220311912728027137
1220311800186458113
1220311786513145856
1220311694095851521
1220311661783011329
1220311657836007424
1220311655550074880
1220311636604416000
1220311613070368769
1220311594409680896
1220311581130547200
1220311564634312704
1220311535811223552
1220311535123255296
1220311513530957824
1220311511547043841
1220311509319872512
1220311493004140545
1220311469054558208
1220311460699688960
1220311459344867328
1220311450658336775
1220311442995523584
1220311324212826113
1220311294177267713
1220311279300038656
1220311275026243591
1220311257577873413
1220311244755914752
1220311170537664512
1220311103307239426
1220311010042679296
1220310936373747717
1220310908523515904
1220310892685950977
1220310848142483470
1220310828576055300
1220310825962856449
1220310777434923009
1220310766458261505
1220310761311883264
1220310758531194882
1220310748267798528
1220310728134905857
1220310713329045506
1220310707507384321
1220310657691598849
1220310628516159489
1220310615387824128
1220310590801043457
1220310577278586880
1220310556541890560
1220310548866199553
1220310514145755136
1220310467203096576
1220310465814773760
1220310443845136384
1220310443316645889
1220310435326500866
1220310434634354690
1220310413977374720
1220310388857655296
1220310372453777408
1220310345765588992
1220310335086743552
1220310277297590273
1220310233442070529
1220310223769915392
1220310131390308352
1220310116114862080
1220310114411929605
1220310092614184962
1220310079112712192
1220310065904848898
1220310037488381952
1220310001299881984
1220309986280116224
1220309953400885249
1220309939245154306
1220309934476333056
1220309922690347017
1220309892721971206
1220309891459551232
1220309885536985091
1220309874401140739
1220309870836158465
1220309840649650179
1220309794994692097
1220309747666235392
1220309691227504641
1220309658990206976
1220309628795228161
1220309626064949248
1220309617252524032
1220309604128546816
1220309585589702657
1220309538764550145
1220309477276233728
1220309473018834944
1220309452856942596
1220309418048253952
1220309373940977664
1220309334124564480
1220309331624808448
1220309322787246081
1220309311819116544
1220309257179914241
1220309247927422978
1220309148623044608
1220309145888395264
1220309041248903168
1220309009451884545
1220308997158449153
1220308937137950720
1220308913666457600
1220308900450316288
1220308875590504449
1220308867663327232
1220308824675975168
1220308801028534272
1220308793478664192
1220308785199308800
1220308772209426433
1220308767801147392
1220308739804164097
1220308731881086976
1220308670971547650
1220308646698995713
1220308570790678528
1220308569838575617
1220308529103409153
1220308460627058688
1220308431623663616
1220308385800904704
1220308380453163008
1220308325524373505
1220308312518004737
1220308276669243395
1220308275247235072
1220308245018902528
1220308210248290304
1220308167512481793
1220308163154587651
1220308160805842944
1220308154698825728
1220308146238832642
1220308143923658752
1220308134972903426
1220308108402200576
1220308101301075970
1220308022951440385
1220307977544007680
1220307964965163008
1220307873940590592
1220307832689524737
1220307690913705984
1220307663516512259
1220307656340049920
1220307594935447553
1220307565747240961
1220307562555416576
1220307553269231616
1220307460281360385
1220307428941516800
1220307421513408512
1220307389204914177
1220307340949213184
1220307277195825152
1220307186007658496
1220307168181784576
1220307138871848961
1220307132886605824
1220307025713934336
1220306958160297984
1220306886911619075
1220306884969676802
1220306879521460224
1220306835137150976
1220306799909314562
1220306782695886848
1220306731210665985
1220306702433751043
1220306698692448256
1220306698012962827
1220306689586425856
1220306632816713734
1220306606799360002
1220306567360339968
1220306548196544512
1220306540457947136
1220306424179429376
1220306409637593088
1220306403656495104
1220306380051177478
1220306369959600129
1220306341673091072
1220306331074088962
1220306317232836608
1220306292700602370
1220306249356414976
1220306237285257216
1220306194184622080
1220306188635500544
1220306178833555456
1220306178825248768
1220306121359024129
1220306085053181954
1220306067382366208
1220306025800179715
1220305965012008960
1220305962067587072
1220305943185043456
1220305926839623681
1220305924390211585
1220305914273468419
1220305852873224192
1220305846380519436
1220305832773967874
1220305824045785089
1220305759629643781
1220305758841114624
1220305728981827584
1220305717271453701
1220305678717390850
1220305643908759557
1220305635855732736
1220305633347543040
1220305613831507968
1220305601294688256
1220305503705882626
1220305458809884672
1220305452950597632
1220305432859815936
1220305421442764801
1220305379751596032
1220305305889673217
1220305304883204096
1220305283328569344
1220305195277549568
1220305191741857793
1220305157159899137
1220305153229651972
1220305108409315329
1220305104106065920
1220305099483799553
1220305091674034176
1220305041950679040
1220305039484387334
1220305037961895942
1220304998015176705
1220304988313833473
1220304978130038785
1220304879824113664
1220304861306085376
1220304845476745217
1220304794771841024
1220304775436210177
1220304758415609856
1220304743416856577
1220304733283504129
1220304705622106114
1220304611095040001
1220304610440577024
1220304537635807233
1220304467943415808
1220304452843798529
1220304430593138688
1220304405137952768
1220304304558477312
1220304299302912000
1220304262690824192
1220304245041184769
1220304200166526976
1220304196957765632
1220304138963124230
1220304137255997440
1220304105031315456
1220304068729503744
1220304031555489792
1220303970570317825
1220303968582148096
1220303964350099457
1220303936332161024
1220303914966253574
1220303893092896774
1220303886516400128
1220303841884823552
1220303826080714752
1220303711085330433
1220303709697191937
1220303684766011392
1220303671767887872
1220303592004956160
1220303566469906432
1220303519225393152
1220303490867781632
1220303486555836422
1220303455417327621
1220303443841015809
1220303431266533378
1220303424870174725
1220303399989792768
1220303344163545090
1220303291545817088
1220303255890165760
1220303247245660161
1220303089451728897
1220303064088879104
1220303030052118528
1220302943204847617
1220302941661384705
1220302925785747456
1220302913542602752
1220302875932360705
1220302827441938432
1220302826733293568
1220302825336344576
1220302807678488577
1220302802402119680
1220302771238449155
1220302748115140608
1220302747939098624
1220302721326047233
1220302709770899456
1220302702149881857
1220302670063267841
1220302653172920321
1220302628883697665
1220302511749332993
1220302511476633600
1220302510495154176
1220302505306800129
1220302502559485952
1220302466287165440
1220302454895628290
1220302421102071810
1220302393079947269
1220302387639808000
1220302338562449410
1220302334229647361
1220302332732329984
1220302329305583619
1220302285244370944
1220302265350750212
1220302248544292865
1220302240784601088
1220302166658887680
1220302162938515457
1220302151353659398
1220302141190963201
1220302110144782349
1220302103182225416
1220302091928817664
1220302003190059008
1220301974941229057
1220301928493506560
1220301915491389441
1220301905345122305
1220301878048763904
1220301860315123713
1220301829994467329
1220301814815391744
1220301763913355264
1220301752777478144
1220301728391680000
1220301675069464576
1220301650918690819
1220301631075414016
1220301624159232000
1220301612985602048
1220301571264671744
1220301569738117120
1220301568739856385
1220301564730126336
1220301562351947777
1220301554076405760
1220301542542082048
1220301529875386369
1220301464293322754
1220301457594949632
1220301452704284672
1220301451404234752
1220301443565047809
1220301414662053891
1220301334378737664
1220301282289704961
1220301255605542912
1220301255073050624
1220301231102427136
1220301185812508673
1220301179160104962
1220301141331677184
1220301130804137984
1220301097987796994
1220301045336690689
1220301011358814210
1220301008569544704
1220300966169337856
1220300916118769664
1220300906094153729
1220300899496521729
1220300891019972608
1220300879061905408
1220300820568256517
1220300791489019904
1220300754709204992
1220300750242439169
1220300677240373250
1220300661029367809
1220300640603099138
1220300617316327424
1220300561733472258
1220300550476046336
1220300501889122304
1220300487699943424
1220300473397174273
1220300445693960192
1220300419013976064
1220300402307948545
1220300383836393472
1220300381789609985
1220300368862642177
1220300339464884224
1220300307478876161
1220300212398252032
1220300205825851392
1220300155628478465
1220314025348751360
1220313271032582144
1220312882908254208
1220312754768138240
1220312635624820738
1220312353893470208
1220312071335829507
1220311394370736128
1220310740134809600
1220310298613161984
1220310087782162432
1220309657421520896
1220309620943728642
1220308384953454593
1220308054916288512
1220305928253100037
1220305802705063938
1220305800326856705
1220305369676898304
1220304977974964224
1220304279581315072
1220304007727468545
1220303755372974083
1220303685789437953
1220303500397035521
1220303497578479616
1220303369631219712
1220302525485551617
1220302386377265153
1220301545926905861
1220301446165364736
1220301203118051328
1220300934946811904
1220300765459124225
1220315194397745153
1220315192015212544
1220315182129451008
1220315087321235456
1220315051363532800
1220315014533390336
1220314992177664005
1220314879581720578
1220314870584836097
1220314862233911296
1220314840469622784
1220314829195374592
1220314825034620929
1220314772228280321
1220314749960773633
1220314727747936257
1220314723117174786
1220314691924189188
1220314548177186824
1220314548122587148
1220314531207041024
1220314498805813248
1220314457747808261
1220314449287892998
1220314447358709760
1220314446796509184
1220314347601387520
1220314341590749184
1220314300507729920
1220314230873907201
1220314227811983360
1220314191741046785
1220314178021314561
1220314139941330944
1220314136460103681
1220314129052905473
1220314105959063553
1220314103761096704
1220314070869561345
1220314065643266055
1220314018788921344
1220314012363063298
1220314009192132610
1220313912807063552
1220313898492026880
1220313843093495809
1220313813351714816
1220313730665320449
1220313688927821824
1220313676940374017
1220313624000061441
1220313602495782912
1220313564537245696
1220313510061711367
1220313509063544833
1220313413974360067
1220313356512497664
1220313349608501251
1220313337025781761
1220313293421674499
1220313269883166721
1220313268058836994
1220313230926589952
1220313212878381056
1220313174102011906
1220313125465051137
1220313066329399296
1220313046641467394
1220313034117255168
1220313016899526661
1220312992480256000
1220312986998448131
1220312968690307073
1220312925082177536
1220312923865743361
1220312907642097664
1220312883399028737
1220312880437956611
1220312738028838912
1220312721809235976
1220312721356402688
1220312717199888384
1220312713978494976
1220312651126857728
1220312638753837056
1220312617807466502
1220312616020606976
1220312614124707840
1220312547036807169
1220312545002696704
1220312538102939649
1220312520696782849
1220312495547486208
1220312438022852610
1220312370347683840
1220312313921769479
1220312107108855808
1220312083948023808
1220312021289193473
1220312011399020544
1220312008551063554
1220311985558032385
1220311931384258562
1220311900489232384
1220311877491855360
1220311779860996096
1220311747216781312
1220311722474528772
1220311708029206529
1220311701649874945
1220311666627354625
1220311620326326272
1220311610964828160
1220311578094002176
1220311513140883458
1220311484602994689
1220311479359922178
1220311465154007040
1220311461479583744
1220311409919053825
1220311408740425736
1220311372304502785
1220311338368425986
1220311262707372041
1220311258429304834
1220311255799361536
1220311236153434112
1220311219787034624
1220311159800123398
1220311092158615555
1220311085196009474
1220311068150464513
1220311003952373761
1220310904811601921
1220310878635155457
1220310858888146945
1220310824843120642
1220310781599866884
1220310775442673671
1220310755431419904
1220310738234957824
1220310725702422528
1220310640327159810
1220310585352445953
1220310575378391042
1220310456881033216
1220310454200745985
1220310448550998017
1220310402610761728
1220310368301522944
1220310368041553920
1220310366699257858
1220310344666501120
1220310344523870208
1220310278107213824
1220310221861662720
1220310187338346505
1220310172876275712
1220310067053940737
1220310035697324032
1220310031637385217
1220310004898713600
1220309968206864384
1220309944546811905
1220309907796373504
1220309873730183168
1220309850694942722
1220309764317433858
1220309754590961664
1220309730138214400
1220309727902687232
1220309707945959424
1220309692351684608
1220309689084203008
1220309669484355584
1220309666233712640
1220309544032583680
1220309537057640448
1220309514278330369
1220309500458078208
1220309474692358144
1220309441351946240
1220309403242393602
1220309386104430593
1220309376331706370
1220309337379262464
1220309305016012800
1220309268781588480
1220309250179829760
1220309246434271238
1220309243544293376
1220309237781405698
1220309155136798720
1220309095447613440
1220309062010753025
1220309059804389376
1220309047678853121
1220309040183509000
1220309022596849665
1220309017597267968
1220308983711334400
1220308951687786498
1220308946596040705
1220308920125788161
1220308903960944642
1220308840773771264
1220308617678721025
1220308580563333121
1220308552524484609
1220308550578319362
1220308520924368897
1220308507288670208
1220308406294085632
1220308395984424961
1220308391022587904
1220308366867582978
1220308300698275841
1220308291722645509
1220308279554985986
1220308279064170496
1220308261439594496
1220308213586780160
1220308185917067265
1220308154426241024
1220308139561623555
1220308105067560960
1220308010444025856
1220308004450508802
1220307963371511825
1220307952722202624
1220307937882599424
1220307928114069504
1220307903082565638
1220307898091233282
1220307889363005441
1220307847063461889
1220307810493157376
1220307782940774400
1220307761646325761
1220307759838695432
1220307727827660800
1220307723398586369
1220307707824984064
1220307676015550464
1220307660605730821
1220307616775073794
1220307615776899074
1220307605928718336
1220307596214710273
1220307530099961857
1220307504476893191
1220307489226280960
1220307470540627969
1220307402366414848
1220307398478442496
1220307384205299714
1220307368271020032
1220307354480189441
1220307324025307138
1220307322653855746
1220307315863126016
1220307300440662016
1220307241972068353
1220307184216498176
1220307146673393665
1220307136418181121
1220307133930950656
1220307131553013761
1220307099353255937
1220307031548100608
1220307017568526336
1220307013076312066
1220306996366196736
1220306985356349440
1220306983447859202
1220306981946183682
1220306980859891714
1220306973742202881
1220306898831867904
1220306880813137921
1220306862480019456
1220306849083334657
1220306842099695616
1220306746415009797
1220306732234067973
1220306726676766720
1220306711828930560
1220306613820485635
1220306612847443972
1220306545721790465
1220306540810440704
1220306518047768576
1220306495394332672
1220306446979481602
1220306407603548160
1220306388955484160
1220306350695038976
1220306343946403845
1220306315043430407
1220306241773158400
1220306201814106112
1220306193916125184
1220306129147715588
1220306083228483585
1220306077738205185
1220306057462894592
1220305989662072833
1220305868799062017
1220305867267952642
1220305859525382145
1220305850058887169
1220305830442164224
1220305823987048449
1220305801845170176
1220305791800037376
1220305779246297088
1220305742537854976
1220305730789691392
1220305665995886592
1220305637084626944
1220305604809388033
1220305582969634818
1220305552783433728
1220305532453638144
1220305530998136837
1220305481287077889
1220305476568502276
1220305453801848834
1220305450261975040
1220305434181017601
1220305413314269184
1220305408981516288
1220305405961822208
1220305401037508608
1220305386110058496
1220305381903089665
1220305356896776192
1220305343324008449
1220305342921240583
1220305339884670976
1220305332754243584
1220305330783117313
1220305326840406017
1220305307391406080
1220305306854363137
1220305282795888640
1220305252794023937
1220305232372125698
1220305228832002048
1220305216500830208
1220305196900847616
1220305195785236482
1220305186293346304
1220305185068724224
1220305178735366145
1220305177871339520
1220305175832862720
1220305175329624069
1220305173731586048
1220305172833820672
1220305172271775744
1220305169901965312
1220305169184772096
1220305164264861697
1220305146803933185
1220305121529094144
1220305115841728512
1220305042424594433
1220305026096168960
1220305022631600128
1220305007800655872
1220304955782914051
1220304941685919744
1220304939513106432
1220304931120406528
1220304923855855617
1220304913755848704
1220304911134609410
1220304910425710592
1220304883812749312
1220304862744731648
1220304837046202373
1220304836953903104
1220304825994399746
1220304824123572224
1220304797623971845
1220304790518816768
1220304781354254336
1220304740812316672
1220304717366120451
1220304696520269825
1220304678568808448
1220304677851369473
1220304670599475200
1220304668502450176
1220304639624654850
1220304591025106944
1220304584473706497
1220304572637491206
1220304558930288641
1220304558519279616
1220304553528233985
1220304548100620288
1220304496431157250
1220304493650350080
1220304482510102528
1220304478248697857
1220304435894571008
1220304433353056257
1220304416684662784
1220304381536419841
1220304337680945152
1220304337269706752
1220304318663757825
1220304286581575680
1220304277307981824
1220304259259994112
1220304240528068613
1220304216939352064
1220304197423251458
1220304188158156800
1220304177215279104
1220304140368261120
1220304122605228033
1220304116754219009
1220304116364214273
1220304113835048961
1220304082927280135
1220304035560837121
1220303925150134273
1220303911883546624
1220303904518197249
1220303902177775617
1220303846863327232
1220303836004462598
1220303772368306176
1220303742727225345
1220303739661307905
1220303722351222784
1220303702730297344
1220303665862455300
1220303567917023232
1220303529618763777
1220303514968240128
1220303296184967168
1220303234486521856
1220303194540126208
1220303056060829696
1220303049748410369
1220302971189309441
1220302867921170432
1220302860702953474
1220302855363604481
1220302832538148864
1220302793153470465
1220302731191050240
1220302689441021953
1220302655228084224
1220302643865649154
1220302593269719041
1220302584096755712
1220302518749548544
1220302486025707520
1220302371265417217
1220302368626995200
1220302318714937345
1220302206060154886
1220302121980944384
1220302095934459904
1220302087927537665
1220302071095689216
1220302054851256320
1220301891894161409
1220301886202548225
1220301878828904448
1220301736998514694
1220301676608991233
1220301652470763520
1220301638663053312
1220301615288045568
1220301583142944768
1220301574888493056
1220301464511356929
1220301447537078272
1220301436572946433
1220301398014861312
1220301388887887873
1220301381573042176
1220301343946166273
1220301243027001347
1220301224878268417
1220301165180538880
1220301161393086475
1220301156984868865
1220301156670431232
1220301135967162368
1220301134780227585
1220301133270454272
1220301126353838080
1220301101573951492
1220301031189467136
1220301005595668480
1220300978957836288
1220300931859931137
1220300917767098369
1220300914642128896
1220300891749781505
1220300886120878085
1220300837471301633
1220300797663006720
1220300784304316416
1220300725789609985
1220300723646279680
1220300717551865857
1220300698241228801
1220300636727566336
1220300609032601601
1220300603961643009
1220300570365292545
1220300540812431362
1220300487376982018
1220300446201344000
1220300380052942848
1220300343453437957
1220300341633142785
1220300319353008128
1220300248976891904
1220300231012581376
1220300209059782656
1220300171084357632
1220315201683091456
1220315020283674627
1220314832097796096
1220314460142759937
1220314252042366977
1220313733567635457
1220313528537501699
1220313348501164032
1220312011420028934
1220311850128048128
1220310873295638531
1220309667999449089
1220309520221499399
1220309406551666694
1220308498682040321
1220308195639300097
1220306738198523904
1220306541581963264
1220306318319218689
1220305802973462530
1220305751521947648
1220305358897287170
1220305150981505029
1220304113415729152
1220301416754888709
1220300281767817217
