1219907542198804480
1219907387336941569
1219907361281912832
1219907319229599744
1219907242759245824
1219907237637914624
1219907123343233025
1219906920670167041
1219906889204416512
1219906871676424192
1219906793733685248
1219906753334169600
1219906716063670274
1219906652528246785
1219906581279707136
1219906563437203456
1219906443752558594
1219906343533867009
1219906341268905984
1219906301846859776
1219906284947955714
1219906004286148608
1219905806755385345
1219905806507753472
1219905738882945024
1219905550995070976
1219905474730110976
1219905399849148417
1219905385987018752
1219905356584775680
1219905345645993984
1219905297159946240
1219905247285374977
1219905226066612226
1219905090716413952
1219905081681829888
1219904997426712576
1219904987037339648
1219904963788275712
1219904919379042306
1219904915058909184
1219904888873848832
1219904880254627840
1219904838902747137
1219904826319917056
1219904757931872258
1219904730031280128
1219904701719896065
1219904687111012352
1219904452724805637
1219904382990458880
1219904332780302336
1219904325272555520
1219904244691562496
1219904169915617280
1219904132238147585
1219904047345537029
1219904012696219648
1219903987941625856
1219903898367995904
1219903736270770176
1219903724128067585
1219903682311081984
1219903664946647040
1219903520897425408
1219903519789998081
1219903345478926338
1219903303686946816
1219902950606364672
1219902909271420928
1219902903722356736
1219902885678309378
1219902884373880832
1219902884361322496
1219902835493486593
1219902787212865536
1219902739204968454
1219902690173435904
1219902653498396672
1219902651216945152
1219902559126802433
1219902398795276289
1219902257564504064
1219902189658726401
1219902149020114944
1219902112710234112
1219901866768814081
1219901762175471617
1219901512845086721
1219901357592735744
1219901356548313088
1219901292174135301
1219901014511321088
1219900954490933248
1219900915123179520
1219900878460768256
1219900846277910530
1219900730774937600
1219900550248005633
1219900470191448064
1219900439900164097
1219900402411294721
1219900343401635840
1219900308479827968
1219900264561418242
1219900099310116865
1219900046965125120
1219899970981191680
1219899949984505856
1219899705909501952
1219899677803454465
1219899597256044544
1219899572270649344
1219899529534693377
1219899395505823744
1219899231697362944
1219899207466782723
1219899029708050433
1219898808785608704
1219898800745123840
1219898767773700096
1219898603105222656
1219898355066621952
1219898253329780738
1219898098471919616
1219898090905198592
1219898081564643328
1219897916070027265
1219897779335528448
1219897773287342080
1219897759823646721
1219897448044343301
1219897382449635329
1219897323125465093
1219897307841298432
1219897213775515648
1219897210617442304
1219897105562599424
1219897095219503104
1219897078794661888
1219897043856117760
1219896973806858240
1219896880349335552
1219896833792757761
1219896810770137089
1219896476748472324
1219896318975520768
1219896228927942657
1219896210166898688
1219896008580091906
1219895562247507968
1219895301730902016
1219895267933093888
1219895237893472257
1219895147795644416
1219895086701375489
1219894915611541504
1219894850599809026
1219894821453750277
1219894819746652161
1219894743443918848
1219894692029976576
1219894654923083777
1219894597549248512
1219894561486639104
1219894494679552000
1219894456477978624
1219894207319629824
1219894152181112832
1219894008140517376
1219893970051817473
1219893935067344896
1219893916335513600
1219893874270797829
1219893838258540544
1219893661489479680
1219893540882284544
1219893440101511169
1219893318764523522
1219893278633529344
1219893190649577472
1219892739866644480
1219892723433402369
1219907074613641217
1219906976966008833
1219906919772508162
1219906747558612992
1219906685084434433
1219906497624170496
1219906465906839553
1219906318548385792
1219906314140151808
1219906287623987202
1219906262256611329
1219906202928340993
1219906183152070656
1219905998510592000
1219905950502408192
1219905941841203200
1219905732805455872
1219905641617281024
1219905623858589696
1219905304663445504
1219905244316020737
1219905239572254720
1219905226817200130
1219905106952376320
1219905002967158785
1219904333380308992
1219904329366351874
1219904227427987456
1219904148654542848
1219903697842368513
1219903500621975552
1219903365309779968
1219903196505624577
1219903069212692480
1219902917123047424
1219902818611421184
1219902428264353792
1219902068887998464
1219901961975128064
1219901770605809666
1219900777407426562
1219900450910044160
1219900390012903424
1219899434093273088
1219899292384497664
1219898831950598146
1219898600278413313
1219898492598046721
1219897831281967105
1219897568961761281
1219897240426139651
1219896983931875335
1219896969247612928
1219896429268938752
1219895489476169728
1219894708287234050
1219894219789295618
1219892796288421888
1219892565975142400
1219892491027017728
1219907281510334466
1219907170155692032
1219906562749276160
1219906216672911360
1219905781723750401
1219904858825875457
1219904572405121025
1219904264396513280
1219904250563698689
1219903986339282944
1219903528967249925
1219902611538747396
1219902298370928640
1219902293438615552
1219902213847306240
1219901762171232256
1219901113828118530
1219900618049040385
1219896910456246272
1219896505647214592
1219896096161521664
