1220194438380736514
1220194422584827904
1220194411813863424
1220194400682287110
1220194370780950528
1220194331807690752
1220194284684574720
1220194276316860416
1220194133605855237
1220194104333807616
1220194047794520066
1220194046108286976
1220194004345720833
1220194000524713985
1220193986947768320
1220193986670997504
1220193967926542336
1220193945524764672
1220193942206988288
1220193934250516481
1220193925043867648
1220193918844723201
1220193891841757185
1220193891439144960
1220193890566754304
1220193863572295682
1220193845574389762
1220193831095885824
1220193765190766594
1220193624874352642
1220193613201727491
1220193591781416960
1220193548579926016
1220193540707237888
1220193528766181378
1220193517894500352
1220193503667376129
1220193453512056832
1220193418028056583
1220193407202496516
1220193330539253762
1220193253309501440
1220193187035090944
1220193180689338369
1220193172099235845
1220193172069986304
1220193101534416896
1220193099563110401
1220193096161546240
1220193087537860609
1220193009930653696
1220193008563511298
1220193006696853504
1220192976799969280
1220192954029084673
1220192829365981184
1220192743408001024
1220192727419310082
1220192718229594115
1220192660566298626
1220192659366498305
1220192653150707712
1220192640865468417
1220192544497262592
1220192511878225926
1220192497168715777
1220192431552876545
1220192429124382720
1220192325038555136
1220192322920570880
1220192312220884992
1220192192276373504
1220192183174692865
1220192156595343361
1220192150849118208
1220192149255274498
1220192121497382913
1220192104376303616
1220192069190242304
1220192057953636352
1220192050739478529
1220191946221719553
1220191867008176129
1220191828613517312
1220191822540103681
1220191768047734787
1220191758337875968
1220191753371897856
1220191734929465350
1220191681917739008
1220191611738562561
1220191610740363264
1220191576825061378
1220191567912284161
1220191449154752512
1220191432503373824
1220191333672943616
1220191272583028739
1220191172427051008
1220191156736352259
1220191068773388288
1220191066566975488
1220190903240884224
1220190890972590080
1220190861180506112
1220190736764874752
1220190719916347393
1220190716808368128
1220190600986873857
1220190600701415424
1220190542585266176
1220190533924139013
1220190513883762688
1220190499472101378
1220190468757020673
1220190407553888263
1220190397160468480
1220190394077466625
1220190389526810627
1220190375316508673
1220190302771634176
1220190234899615744
1220190232471011328
1220190211503603712
1220190196882276352
1220190171536080897
1220190162472374272
1220190092632834048
1220190090418380802
1220190041546416131
1220190034847887360
1220190024076947456
1220189999766949889
1220189986122653696
1220189962450063367
1220189886872866822
1220189884041912320
1220189740785291264
1220189730647826439
1220189710926127104
1220189674553012224
1220189654906855425
1220189618391351297
1220189596337741824
1220189593959456768
1220189588054052870
1220189521997856769
1220189501684764672
1220189459263574016
1220189456034095104
1220189412123992065
1220189388539408384
1220189357589483520
1220189305668362240
1220189234927230977
1220189172184559616
1220189148994326529
1220189093469929472
1220188852733693952
1220188841539039232
1220188811470069761
1220188787025817600
1220188785213935616
1220188764296949762
1220188711574548480
1220188706801274880
1220188629185622019
1220188585263009794
1220188516933607425
1220188472972988416
1220188462856404993
1220188420129067015
1220188395621769219
1220188325866344449
1220188245499101186
1220188217258991616
1220188189572227072
1220188151894986752
1220188114343399425
1220188108714471424
1220188099386343424
1220188056793374726
1220188037591764992
1220187972533800961
1220187917932515328
1220187898525319173
1220187797501415425
1220187781915463681
1220187775946743809
1220187709442068482
1220187701540016128
1220187697026949120
1220187668132192256
1220187534820626433
1220187529942589440
1220187509189152768
1220187442847698945
1220187353660059648
1220187282688434176
1220187206565974016
1220187181198823426
1220187044573405184
1220187009924227073
1220186954572038144
1220186933743124482
1220186909777047559
1220186876180680704
1220186836502401026
1220186810334294017
1220186792546074626
1220186766994542592
1220186716700434432
1220186672983396352
1220186656025669632
1220186644818669568
1220186593245507584
1220186513549352961
1220186489557880832
1220186474068316161
1220186459023532032
1220186455646957568
1220186455026360324
1220186385681920002
1220186257155858433
1220186249555795968
1220186156110729218
1220186131834331136
1220186047268773891
1220186004017111040
1220185887612514304
1220185876820627456
1220185829844439041
1220185820042158080
1220185758641815552
1220185690371026945
1220185683547041794
1220185667440992263
1220185635295764480
1220185449496367104
1220185438968860672
1220185394169421824
1220185390197477376
1220185385722109953
1220185363613978633
1220185291354300416
1220185264481624064
1220185249226690561
1220185125394288640
1220185097413914626
1220185094763307009
1220185082964647937
1220185046734254080
1220184980027887616
1220184960067391488
1220184946435743744
1220184889791844352
1220184866744078337
1220184779779235840
1220184735521148929
1220184688045776901
1220184623369441280
1220184595284611073
1220184583389548544
1220184571033067520
1220184563273621504
1220184550648819712
1220184525004775424
1220184458227339264
1220184434567086080
1220184428124823554
1220184402379980800
1220184339419365376
1220184328879202304
1220184298633953280
1220184258695708673
1220184253641695233
1220184190374813697
1220184127262969858
1220184116093734912
1220184053053362178
1220184036406169600
1220184005594628097
1220183959176237057
1220183867736256512
1220183847867826176
1220183691931996161
1220183610214490112
1220183564483850240
1220183506443210752
1220183475203891201
1220183442098466816
1220183432178724864
1220183374905528320
1220183350318714880
1220183278935777280
1220183249932242944
1220183238066479104
1220183218567241730
1220183218554593285
1220183163248553984
1220183110605836288
1220183019077754880
1220182982620827654
1220182965616906241
1220182943848468480
1220182868380520448
1220182819894386688
1220182752303017985
1220182668567928834
1220182499093028865
1220182425604644864
1220182395451736065
1220182390758354944
1220182371544133632
1220182369019162626
1220182360928342016
1220182350686048256
1220182331446779905
1220182317420904448
1220182273187876866
1220182255685001216
1220182181835956224
1220182168586145792
1220182146503118848
1220182104631316480
1220182029201027075
1220182007872966658
1220181953963364352
1220181917368111104
1220181844668243969
1220181800502398976
1220181773507874826
1220181766943711233
1220181663717777408
1220181623523749894
1220181621258649600
1220181621158170624
1220181619497218048
1220181601881133056
1220181598198358016
1220181572793430017
1220181546272985088
1220181493944913920
1220181474634276864
1220181408351768576
1220181394544046080
1220181367662706689
1220181342660390912
1220181293276659712
1220181248641052672
1220181248217251840
1220181233260539904
1220181230827773953
1220181169242701825
1220181110820429824
1220181098811912192
1220181041341550592
1220181032793726977
1220180988321419264
1220180873754169345
1220180848844201986
1220180826014416897
1220180671257305089
1220180621835718656
1220180613313040384
1220180587341930498
1220180579649572864
1220180571877466112
1220180527090552832
1220180470098427904
1220180434954354695
1220180431594635266
1220180321796313092
1220180297591017476
1220180290984927234
1220180285255450630
1220180281908396033
1220180228208652288
1220180202384433152
1220180176149020675
1220180167223459840
1220180154187681793
1220180150408495104
1220180101318500355
1220180073640288257
1220180030581460994
1220179982124711936
1220179954052292613
1220179935190347777
1220179853527248896
1220179839954694144
1220179835919708161
1220179810535776256
1220179784761737218
1220179696769490944
1220179681116413952
1220179664842514432
1220179663718440960
1220179652142157824
1220179646014271490
1220179636417466368
1220179591941316608
1220179563772137472
1220179532415631360
1220179521665748992
1220179506343874561
1220179439767760896
1220179437532012545
1220179356997173253
1220179343726579712
1220194397129601024
1220194378745954304
1220194369183133696
1220194342817554434
1220194340875702272
1220194321137201152
1220194316489871360
1220194312022945793
1220194308587806720
1220194288853639170
1220194266988732417
1220194260667908097
1220194257136279553
1220194254204497920
1220194237406498816
1220194227159592960
1220194227067338752
1220194209598062592
1220194199162638336
1220194184440745986
1220194158201262080
1220194149523046401
1220194144263589888
1220194140278804481
1220194135241445378
1220194131613339651
1220194128090161152
1220194114546782208
1220194114022412292
1220194104056918017
1220194076747862016
1220194075111878656
1220194074730409984
1220194048578736133
1220194048134139904
1220194014303019009
1220193977015472128
1220193968048066560
1220193961869864960
1220193955289034753
1220193927568842752
1220193918744006656
1220193880588443648
1220193833427718144
1220193833197219841
1220193832144257024
1220193824695177221
1220193802150760448
1220193793321750528
1220193780986454016
1220193760409075712
1220193756307083264
1220193752876142592
1220193714288480257
1220193691807047682
1220193673054511105
1220193669975699456
1220193657669611521
1220193645527105536
1220193580397973505
1220193576321048577
1220193548030611456
1220193546189205504
1220193494997839872
1220193486131146752
1220193468749729792
1220193468192083968
1220193455038590976
1220193413896851457
1220193389473226752
1220193379306229760
1220193345336512513
1220193319755698177
1220193313749381120
1220193261123330050
1220193211437801472
1220193198859071488
1220193185642831873
1220193171495321600
1220193157058449410
1220193135680049152
1220193128994336769
1220193111223095297
1220193103132233729
1220193085667172352
1220193071125663750
1220193067216424967
1220193054981705728
1220193036874858496
1220193029056651265
1220193028272340993
1220192972253233152
1220192951046832133
1220192947972395008
1220192894230855682
1220192894130089984
1220192882650316800
1220192874270035968
1220192866355556359
1220192854347337731
1220192815864414213
1220192815025549313
1220192813582888961
1220192801905881093
1220192781332729856
1220192758645825538
1220192675212607488
1220192657667850240
1220192615171346435
1220192591339118592
1220192586494664704
1220192548897153024
1220192546342653955
1220192538394611712
1220192533063430144
1220192500331229184
1220192486418796546
1220192462913691648
1220192443460718593
1220192400850718721
1220192368059506688
1220192359784144896
1220192353689817088
1220192346450456577
1220192337353150465
1220192294357389313
1220192281300389890
1220192266184220673
1220192262631514112
1220192256625217537
1220192244302434305
1220192199415083008
1220192186693644289
1220192181656354816
1220192180679192577
1220192158428192768
1220192157232844801
1220192128992604160
1220192097627602945
1220192091470548992
1220192044192235520
1220192036852248577
1220192018111971328
1220192000181334018
1220191985803284480
1220191983181926400
1220191982406066176
1220191980086419456
1220191955864342528
1220191937979797505
1220191927569567749
1220191909584330753
1220191908800036864
1220191891435573249
1220191888130572288
1220191882669461504
1220191856996188160
1220191851644215296
1220191848511279104
1220191825463402496
1220191820358963200
1220191779443503105
1220191778671738881
1220191768995606529
1220191589185703937
1220191586165772288
1220191583330455552
1220191532600291328
1220191490678280192
1220191467110424576
1220191448936538112
1220191441902866432
1220191429948887041
1220191414652493825
1220191412286656513
1220191333350084608
1220191279402778625
1220191251846221824
1220191249057140737
1220191218681962497
1220191149584834560
1220191132417576960
1220191109755727877
1220191109432741888
1220191066906738688
1220191050876248064
1220191023931871232
1220191007804817409
1220191005569241088
1220190993569538049
1220190981154197504
1220190964914032644
1220190913239994368
1220190905363099648
1220190905321299970
1220190900707422209
1220190793291399169
1220190786752352256
1220190763172102144
1220190742141788160
1220190706255319040
1220190705827467264
1220190686491873280
1220190678442893312
1220190608993636353
1220190599015325696
1220190590790443008
1220190527800238081
1220190520183488514
1220190507843739653
1220190481801515009
1220190442978869248
1220190434930167813
1220190431570317313
1220190411249143813
1220190403799867392
1220190396094926849
1220190379468820480
1220190377556099077
1220190371055046656
1220190369918353413
1220190357444579328
1220190355263541249
1220190354495832064
1220190354315415553
1220190354047025153
1220190339438264321
1220190319230087168
1220190299374477313
1220190292000878597
1220190260635635712
1220190193346465793
1220190161515896832
1220190139680321536
1220190130998136833
1220190106004250625
1220190098001518592
1220190084466532352
1220190069127929859
1220190068847054848
1220190046029877248
1220190029802344448
1220190028376068096
1220190019710644224
1220190011535978497
1220190005366345729
1220190003537612805
1220189998797901824
1220189998533603328
1220189996897927168
1220189959321079808
1220189959044227072
1220189951263772672
1220189937590398976
1220189925032615936
1220189904837021696
1220189883144294403
1220189875669884928
1220189857127026689
1220189837929541632
1220189837761769473
1220189799480549377
1220189796192026624
1220189784447971330
1220189783756099584
1220189775661015040
1220189766156607490
1220189754274115584
1220189737647890435
1220189689056940034
1220189668890894336
1220189649110323200
1220189617783050240
1220189609725841409
1220189600846512130
1220189597948416000
1220189580927721472
1220189580466499585
1220189553706749952
1220189540998094849
1220189529535078401
1220189526909280257
1220189504432001024
1220189502490071040
1220189496353775616
1220189490112647169
1220189480142897154
1220189478687363073
1220189445283971073
1220189444952604673
1220189441345585153
1220189421628051456
1220189418138546183
1220189405199192064
1220189371271282689
1220189370017181698
1220189365420187648
1220189346801815552
1220189333556097029
1220189319857442817
1220189314191020033
1220189311976366080
1220189283903893505
1220189275666501632
1220189245446340611
1220189195945168897
1220189191440564229
1220189179742650373
1220189160377446403
1220189158846582784
1220189127808880640
1220189093805453312
1220189091557445632
1220189080366940160
1220189065254821891
1220189061077331968
1220189040789655553
1220189028030353408
1220188976398516224
1220188969301880833
1220188876091736065
1220188871767388160
1220188868760260608
1220188859364851712
1220188830851981312
1220188827974717441
1220188822316572672
1220188775508086784
1220188765139931136
1220188736396374016
1220188729047863296
1220188712056680448
1220188707577184262
1220188700505780226
1220188699587162113
1220188697150115840
1220188695438848000
1220188692637052928
1220188687436173312
1220188680926781441
1220188678418391041
1220188667928621062
1220188667857207297
1220188656146644995
1220188655903481856
1220188623200555008
1220188614727856129
1220188607891173377
1220188592309276672
1220188569085435905
1220188545937096709
1220188522667077634
1220188522478391296
1220188518934179841
1220188500860923904
1220188496398127104
1220188492803854339
1220188492107354113
1220188483634905088
1220188445773049861
1220188440873992192
1220188431529046016
1220188430828785664
1220188421953470464
1220188367452663808
1220188329670475776
1220188329401958401
1220188320241803264
1220188314264727552
1220188313270665216
1220188303812517888
1220188293469364224
1220188293331083266
1220188265388462080
1220188209918988288
1220188191203835904
1220188111218470913
1220188095779205120
1220188089672335362
1220188081296302081
1220188079085932545
1220188067455070208
1220188048933081093
1220188035548975104
1220188010190258176
1220188009229930497
1220188005031469057
1220187879726571520
1220187855105843200
1220187825536036865
1220187805118132230
1220187777570000896
1220187776592773120
1220187768984346625
1220187762084569090
1220187761166225408
1220187750588018688
1220187745621925888
1220187738906988545
1220187729402548224
1220187692140548096
1220187687967023105
1220187669029740544
1220187647911567360
1220187647739478017
1220187634095419392
1220187625337901061
1220187599341441024
1220187568668581888
1220187553200058368
1220187552151293953
1220187548187627520
1220187548162510848
1220187537395847168
1220187529292337152
1220187522992615424
1220187522279579648
1220187462414163968
1220187452205228032
1220187445368541184
1220187428599693315
1220187410560143362
1220187381266993153
1220187381220831232
1220187375038431232
1220187338581540865
1220187333628051456
1220187326267166722
1220187307451527169
1220187292507279360
1220187270063390720
1220187232604000257
1220187219660627968
1220187213612236800
1220187206288998400
1220187205622288385
1220187188031315968
1220187180196401154
1220187165209972736
1220187153973444613
1220187141000421376
1220187124558897152
1220187104522596353
1220187095232237568
1220187076932431872
1220187071811289088
1220187071140122624
1220187070531923968
1220187046657921024
1220187032875483142
1220187024251965445
1220187017906012160
1220186967356264449
1220186952860782594
1220186952034480129
1220186949459181568
1220186940827410433
1220186938847592448
1220186937216004096
1220186934032527361
1220186919503613952
1220186902894014467
1220186895310712833
1220186881855541248
1220186881851187200
1220186878428602368
1220186861743661056
1220186846321238018
1220186828575166465
1220186819716943873
1220186812498370560
1220186804856348672
1220186794513162241
1220186783901573120
1220186735667228674
1220186725210714113
1220186721779761152
1220186717526921218
1220186710572589056
1220186666754854912
1220186664183746561
1220186656981975040
1220186651638534145
1220186645892190209
1220186630163701760
1220186622639009792
1220186604267982849
1220186592209358848
1220186573494349824
1220186573280440322
1220186572441579521
1220186561507020801
1220186549838434306
1220186537318477829
1220186532746878976
1220186522118283267
1220186510240231424
1220186502962921477
1220186500400201729
1220186496512053250
1220186482670895104
1220186452308287488
1220186451859476480
1220186435233304576
1220186424026320896
1220186418057601024
1220186399736860672
1220186383202938881
1220186346163187713
1220186323488821248
1220186322931015681
1220186288805957632
1220186248909705216
1220186239350886401
1220186190604722176
1220186155376754688
1220186146929618944
1220186145478320129
1220186133851557888
1220186127287508993
1220186116722249728
1220186108832579585
1220186080395137024
1220186069804601345
1220186064976957440
1220186063164936194
1220186038435336194
1220186019959427073
1220186016520142848
1220185973956366336
1220185948752736256
1220185940708052992
1220185908642598913
1220185908583923712
1220185885523808256
1220185850874601473
1220185837456871424
1220185820830695425
1220185796948393984
1220185794293501953
1220185768817123328
1220185735354933249
1220185733819817985
1220185714899308545
1220185686260604928
1220185674546065413
1220185665717112832
1220185612851924992
1220185601581780992
1220185591964479488
1220185578391498753
1220185526528921600
1220185508933849088
1220185494035845121
1220185493729447936
1220185487291236353
1220185486913757184
1220185468916006912
1220185453133017088
1220185451723743234
1220185447428526080
1220185352188518400
1220185346962534400
1220185343569227778
1220185342747213826
1220185337378422785
1220185297972912128
1220185281002754049
1220185260253564928
1220185251365953536
1220185237491073027
1220185168675164160
1220185143647670273
1220185139088478208
1220185133061300224
1220185120650317825
1220185119844995072
1220185117647241216
1220185087045554177
1220185030997291009
1220185024386830337
1220185012504367105
1220184976550793217
1220184965276557312
1220184948247650306
1220184939557052417
1220184927724957697
1220184918594150401
1220184877762404353
1220184873794789376
1220184860364541953
1220184852688846850
1220184814499913736
1220184803393191937
1220184789036281856
1220184784464498693
1220184777724088320
1220184776184696832
1220184759520784385
1220184755175665664
1220184711982538754
1220184710007140353
1220184697432465409
1220184666591891458
1220184647868526592
1220184642160070659
1220184637064077312
1220184608873934848
1220184602037239809
1220184581371875328
1220184545678393344
1220184529601777664
1220184517995970560
1220184512971149312
1220184505836695552
1220184496693075969
1220184487440502787
1220184469228998661
1220184458847895553
1220184444306280448
1220184433015181314
1220184404833660928
1220184380296978432
1220184379093176321
1220184370457137156
1220184365113602053
1220184361472937986
1220184354804113408
1220184347287998465
1220184342527217664
1220184325108289536
1220184320448458752
1220184310835240960
1220184266471985154
1220184236990222336
1220184223430000640
1220184204870176769
1220184171341062147
1220184128902975489
1220184120879239173
1220184116831887360
1220184092140097536
1220184071969488896
1220184046606487552
1220184034958950400
1220184019737776128
1220184001370943489
1220183988834271232
1220183984224686080
1220183983012495360
1220183982697897988
1220183977929203713
1220183970253402112
1220183956236177408
1220183939567869953
1220183938393501697
1220183933951733762
1220183933892956162
1220183930600472576
1220183911071793152
1220183892260356096
1220183871200694272
1220183868432502789
1220183850996969472
1220183832281915392
1220183827600961536
1220183801281708032
1220183797586632704
1220183794239467520
1220183762673307653
1220183732616716288
1220183726476255232
1220183719153037312
1220183703617359873
1220183697338449921
1220183693764878336
1220183670935318528
1220183642623893505
1220183634520371200
1220183574139240452
1220183572977373185
1220183548637794304
1220183536788885504
1220183515163021313
1220183504039727104
1220183499686150145
1220183481612787712
1220183472817369089
1220183447890792449
1220183438764007425
1220183419897823233
1220183400977334272
1220183396690776064
1220183387316637697
1220183363153092609
1220183358077947905
1220183356819693568
1220183353413914630
1220183310787203072
1220183305473155074
1220183274108092417
1220183240507449344
1220183214964248576
1220183179627245576
1220183156462104578
1220183125940166660
1220183114271666177
1220183095258775553
1220183094533091329
1220183080364728321
1220183033640312832
1220183031836626944
1220183022269554689
1220182932964495361
1220182895324749825
1220182885841416197
1220182877171638272
1220182863343169536
1220182800730451970
1220182791884693505
1220182786633555968
1220182750520643584
1220182745105752065
1220182730564153344
1220182679955628033
1220182652763852800
1220182633503580160
1220182628726427650
1220182588595351552
1220182550242480128
1220182528310398977
1220182526842544133
1220182518147665921
1220182515178262528
1220182512850362369
1220182510463746048
1220182498078003200
1220182498040115203
1220182486086340608
1220182458668212225
1220182435473719296
1220182425994579971
1220182417769562112
1220182414720368640
1220182414112313344
1220182388682055685
1220182383103602690
1220182327977893889
1220182325251756032
1220182299695669249
1220182294805319682
1220182271879270407
1220182263591309313
1220182238584885254
1220182234822373378
1220182228971540487
1220182194020159488
1220182180082532352
1220182167768195072
1220182120892485632
1220182119772835840
1220182112764080129
1220182100579475456
1220182071722659840
1220182071324413952
1220182069801889795
1220182040336834566
1220182023987433474
1220181972972003329
1220181972510744576
1220181967888474113
1220181948351549442
1220181916969623554
1220181862695481344
1220181831548465152
1220181813684887553
1220181794609192960
1220181793309122560
1220181782483484672
1220181763626078209
1220181757317677057
1220181749793050624
1220181744378433536
1220181704217911307
1220181702317756417
1220181682453504000
1220181672387391491
1220181619505385472
1220181572806033411
1220181510587912194
1220181496452923394
1220181489213693953
1220181486328012800
1220181431877455873
1220181427439849472
1220181419852324864
1220181385266257920
1220181383995363333
1220181367125708805
1220181344887558144
1220181332627808257
1220181303682904064
1220181297152380928
1220181272716120064
1220181266080755712
1220181252164075522
1220181219427700736
1220181179879563269
1220181153992400897
1220181147327574016
1220181140121632769
1220181127849070592
1220181085440507905
1220181080747073536
1220181049159737344
1220181033636646913
1220181032986648576
1220181015534194689
1220181015429296131
1220181010844995584
1220180986878742528
1220180978603347972
1220180937197010946
1220180936584810501
1220180932923215872
1220180915420155904
1220180912253440000
1220180887989473280
1220180871585468416
1220180865923174400
1220180857429745665
1220180835229368320
1220180823397109760
1220180758242791424
1220180730673860608
1220180701485522944
1220180686218219520
1220180678542626816
1220180646120677376
1220180639959351296
1220180632913043457
1220180585768837120
1220180543477702657
1220180524347473920
1220180485743136768
1220180475051790336
1220180418017873921
1220180411298435072
1220180396786122752
1220180361616867328
1220180312883257344
1220180307263066112
1220180293119827968
1220180285213544449
1220180282537414656
1220180264401297408
1220180249117384704
1220180247032713216
1220180239461965825
1220180238975430657
1220180224324919296
1220180148751749120
1220180135837462528
1220180127297880064
1220180119160930304
1220180106896756736
1220180103923040256
1220180101247197187
1220180089637203968
1220180084469968896
1220180084260126722
1220180044045111296
1220180013338652678
1220180005491220480
1220179996083474432
1220179990806843393
1220179986256019461
1220179979805155328
1220179977292800002
1220179970506489859
1220179962990342144
1220179961849548805
1220179947257335809
1220179938613112833
1220179937832783872
1220179922062233601
1220179920049131520
1220179916861214720
1220179915397419008
1220179906190925824
1220179885676810240
1220179884489592832
1220179852419944454
1220179849358254080
1220179841548374016
1220179840676061185
1220179837379317760
1220179827019452416
1220179820358668288
1220179788926607360
1220179788272259072
1220179784828768262
1220179762817011712
1220179697268596736
1220179640523927552
1220179590393430016
1220179585062424576
1220179582604566529
1220179582499852289
1220179568172007424
1220179560609615873
1220179551143153664
1220179537138352129
1220179524005949440
1220179518104596481
1220179499830005760
1220179486957867010
1220179478116274176
1220179402413133826
1220179401297612802
1220179391138889731
1220179380573310976
1220179378187001856
1220179357756297216
1220179346335289345
1220194394403299328
1220194282696392705
1220194265990664192
1220194260563234819
1220194174877818880
1220194169668489218
1220194164261838848
1220194137095405569
1220194035832217602
1220194000189251584
1220193997886578688
1220193996481482752
1220193924238716928
1220193913501188097
1220193839362772994
1220193799353356288
1220193790230695936
1220193785918951424
1220193756445577216
1220193693103218689
1220193673738096640
1220193670760022016
1220193669401071616
1220193653332893696
1220193624257748992
1220193596621541377
1220193575281053696
1220193500899180544
1220193480523145216
1220193464672849920
1220193406611099650
1220193361845346304
1220193340311789568
1220193291804692481
1220193228210655232
1220193219176210432
1220193217255215104
1220193184069902337
1220193182262140928
1220193178483150849
1220193167057620992
1220193164029358080
1220193151589109760
1220193097012764672
1220193048753328128
1220193013743288320
1220192956662968320
1220192952162476032
1220192951357317120
1220192947179749381
1220192937356689408
1220192918675369987
1220192903042985984
1220192889713483776
1220192882059071488
1220192842288525312
1220192841911001089
1220192838907858944
1220192723505803264
1220192708196593664
1220192611010600960
1220192604307914752
1220192604106575872
1220192547919675393
1220192532312641536
1220192477052915715
1220192467250606080
1220192456521719809
1220192436929982464
1220192389827944448
1220192383523930112
1220192356034433027
1220192340553261056
1220192294894071808
1220192288816562177
1220192255325007873
1220192215470723073
1220192162165379072
1220192161184043008
1220192152610697216
1220192106234277889
1220192072013139970
1220192009559904256
1220192007601020928
1220191998088372226
1220191933311737858
1220191885978939392
1220191882916950016
1220191866294943744
1220191798313676800
1220191787962101760
1220191781460967424
1220191773495980032
1220191737903243264
1220191735831130113
1220191720475897858
1220191661873078279
1220191655728427012
1220191655396962304
1220191606516543488
1220191520994684928
1220191488908218369
1220191469396361216
1220191428371873793
1220191415793344514
1220191353960726528
1220191352526376960
1220191307026530304
1220191209890537472
1220191208653410304
1220191142668488704
1220191115397271556
1220191025458765827
1220191015606325248
1220190986061545472
1220190969124933632
1220190945032970241
1220190934165442561
1220190930885578753
1220190910031335424
1220190854339448832
1220190850782679040
1220190805878427649
1220190782356774912
1220190714295795712
1220190669358026752
1220190635740758016
1220190616124121090
1220190585350492161
1220190574910885888
1220190567566626816
1220190550227214336
1220190541263986688
1220190515175411715
1220190508305137664
1220190494610751491
1220190481704841221
1220190470162255872
1220190438285627394
1220190427816611842
1220190424909983744
1220190407100981248
1220190352008605696
1220190296035688448
1220190241732071424
1220190229287645185
1220190210434027520
1220190196878073857
1220190196513165317
1220190192906252293
1220190176606949376
1220190154712928257
1220190151793467393
1220190142691827712
1220190102007140353
1220189940404772866
1220189889880260608
1220189859333263360
1220189788784906241
1220189768580861952
1220189762247544832
1220189681700048896
1220189629132861445
1220189617254621185
1220189598216638464
1220189580009316352
1220189537785135111
1220189537025945600
1220189519485591553
1220189514661949440
1220189510920810498
1220189502943256577
1220189485591355393
1220189440326410240
1220189430763442177
1220189356658511873
1220189341403795456
1220189326815920128
1220189307731894272
1220189300647780355
1220189281857097729
1220189245047889921
1220189241516359680
1220189231278104576
1220189231164739584
1220189225301225472
1220189209362911238
1220189194817101825
1220189165997957123
1220189163653337088
1220189150177046529
1220189133005520897
1220189086733893634
1220189079452770304
1220189056753111040
1220189024947785728
1220188998548774912
1220188958392377344
1220188933658595328
1220188933516079105
1220188931590934528
1220188918273990657
1220188833700024320
1220188822543093760
1220188779232653313
1220188773650034688
1220188768948195330
1220188742587240448
1220188681241128962
1220188674509410305
1220188658671767554
1220188630611709954
1220188615394775041
1220188612614148096
1220188578925379589
1220188559891730433
1220188549460348929
1220188534117527553
1220188524156194821
1220188500802375687
1220188482666221569
1220188455822430210
1220188441167556610
1220188422779785216
1220188394162139136
1220188388130557952
1220188334271746049
1220188323832115200
1220188306052460545
1220188278764163072
1220188257809584129
1220188245176111104
1220188144768880642
1220188112745385984
1220188097540804608
1220188017345859585
1220188004062388225
1220187981992120321
1220187961372790785
1220187954456301568
1220187950497050624
1220187944171925506
1220187867969802240
1220187816006565890
1220187716081635330
1220187713770545153
1220187691456913410
1220187644333740033
1220187596548014081
1220187577136943104
1220187572309319680
1220187565120270336
1220187555972505606
1220187545939529728
1220187468097560576
1220187438359949313
1220187432324235264
1220187430701060096
1220187281086021634
1220187271330025472
1220187250836803584
1220187158964789249
1220187154967601153
1220187117378293760
1220187103000064001
1220187080665337856
1220187058141970434
1220187046586617859
1220187044334333952
1220187042895630337
1220186990706073600
1220186990509010947
1220186939325894657
1220186926281560064
1220186921881624578
1220186910309531648
1220186839987834881
1220186819519819777
1220186809503608832
1220186799835963393
1220186786250608641
1220186751425220608
1220186636622934016
1220186596755951617
1220186471660998656
1220186456381063168
1220186442934042624
1220186423569145856
1220186420788092930
1220186386793484298
1220186327636819968
1220186316140359680
1220186273765380098
1220186253401833473
1220186236960329728
1220186230039531522
1220186219335651329
1220186196057284608
1220186107415011332
1220186046807203840
1220186043812442115
1220186010996199424
1220185984186273792
1220185962052874241
1220185933451948033
1220185920613289986
1220185918117515264
1220185910417002496
1220185873020420096
1220185865030225920
1220185834810302466
1220185832260284418
1220185751054356480
1220185726001659904
1220185716543705088
1220185703969173509
1220185570518978560
1220185513279348736
1220185487547211777
1220185468110659584
1220185408392200192
1220185381015973888
1220185338254987264
1220185331653279744
1220185271896903682
1220185223910109186
1220185109011128334
1220185100622581761
1220185087456808960
1220185066292170752
1220185051528192002
1220185047891730432
1220184938127024128
1220184936285720576
1220184934716829696
1220184917482573824
1220184887208161280
1220184834519248896
1220184802696953856
1220184784485351425
1220184779045449730
1220184741430861824
1220184730181632000
1220184653417664512
1220184601999613953
1220184601684934656
1220184598371434497
1220184593606660096
1220184543329521664
1220184542243368960
1220184507149475840
1220184505383653377
1220184479454650369
1220184468662566913
1220184430641340416
1220184416401666049
1220184393219821568
1220184368456429570
1220184340887293952
1220184252186267648
1220184187736678405
1220184170179092482
1220184145672003592
1220184141305667586
1220184020299997186
1220183987798335488
1220183941606301696
1220183916939706368
1220183888108097536
1220183794528985088
1220183720365182976
1220183640791048193
1220183625691361284
1220183612852789249
1220183581886013440
1220183356438188032
1220183285944537088
1220183263706218496
1220183175898583046
1220183119237505024
1220183118407061504
1220183082042445824
1220182976253829122
1220182931265785858
1220182922289930241
1220182874541953024
1220182867776622592
1220182862609207298
1220182838747656193
1220182829742678018
1220182724809568256
1220182715150094337
1220182702550388737
1220182682677760000
1220182614377668608
1220182558790516736
1220182509901639681
1220182447985393676
1220182430927048704
1220182412661051393
1220182368016793601
1220182357891743745
1220182355744194560
1220182323087306753
1220182293207273474
1220182292686983168
1220182279437221888
1220182243500412928
1220182127247089664
1220182098897776640
1220182091138129921
1220182036826161156
1220182002495840257
1220181984799903744
1220181967322349571
1220181930806849536
1220181908874825730
1220181821943689216
1220181746995662848
1220181744969629697
1220181719745290240
1220181704607961091
1220181701873340418
1220181688153600000
1220181668528521216
1220181603420274689
1220181523065905153
1220181505324068864
1220181384788086795
1220181375195734016
1220181309844344832
1220181263119798273
1220181191346749440
1220181181230133249
1220181169213530112
1220181144223678465
1220181119750103040
1220181081887891458
1220181009028677632
1220180939113816064
1220180883103051776
1220180869752578048
1220180835925622791
1220180818510917632
1220180806657658880
1220180772092567552
1220180762923655168
1220180754287775745
1220180750151999488
1220180747560112128
1220180733945241601
1220180716543148032
1220180700772651008
1220180664055545856
1220180633449893888
1220180603527553024
1220180463962206208
1220180418806394885
1220180405858390016
1220180323247497216
1220180316624695297
1220180302347341830
1220180298765344773
1220180237922623489
1220180220168327168
1220180211444174848
1220180100534145024
1220180067206213632
1220180000206282752
1220179984398110720
1220179975313088512
1220179907935784961
1220179886024712193
1220179872225558530
1220179806832287744
1220179757175844866
1220179740780183552
1220179704889724929
1220179654713044992
1220179654675443712
1220179515059638273
1220179486546841600
1220179420926767106
1220179413054173185
1220179394515177472
1220179385438932993
1220179381437358080
1220179365448863744
1220194330784124928
1220194269316747267
1220194258746933253
1220193887890755585
1220193707447554048
1220193295374016512
1220193057145966594
1220192982952890369
1220192819945455616
1220192065817985024
1220191864177012736
1220191778084737024
1220191587621314561
1220191045201195011
1220190886102913025
1220190780733607936
1220190389191221248
1220190285365436422
1220190144117952512
1220189914152652800
1220189884649885696
1220189757621391361
1220189491874287616
1220188722827649024
1220188623078920193
1220188475468566528
1220188231859240961
1220187584795676673
1220186547338776576
1220185714140286976
1220185371130023941
1220185175708954625
1220184909404225536
1220184853154607104
1220184840546312192
1220184783113936896
1220184409170538496
1220184070035996673
1220184035642806272
1220183059275714560
1220182924005273602
1220182796691484672
1220182441345699840
1220182297271513091
1220182258092408833
1220182239255789568
1220181981931003905
1220181666888437761
1220181586089349120
1220181163270180868
1220181052028620800
1220180512817287169
1220180429241753606
1220180376645181441
1220180239382237184
1220180004790730753
1220194441966903296
1220194428725293056
1220194379740041216
1220194368537018368
1220194289654751233
1220194275117486080
1220194189788557312
1220194167923466242
1220194167822798849
1220194112579629056
1220193960036954113
1220193942701895685
1220193934732693504
1220193921713623040
1220193877073723393
1220193868697616384
1220193851186597890
1220193835374010373
1220193814473625601
1220193766201577477
1220193743619248129
1220193712627535873
1220193668801409024
1220193640191950856
1220193578724380672
1220193573225631745
1220193551235080192
1220193530586509312
1220193502669295617
1220193498155999235
1220193484847468545
1220193420091592704
1220193400973979649
1220193363602833408
1220193271411924992
1220193202600321025
1220193186850779137
1220193115438338048
1220192982726516738
1220192940183650305
1220192919975383040
1220192878623969280
1220192848596717568
1220192846554320896
1220192829005344768
1220192823959572482
1220192820708937728
1220192816598417409
1220192760659091456
1220192750177603584
1220192733123334145
1220192703696105473
1220192651951165441
1220192616072929281
1220192614508445697
1220192550180442112
1220192543276597248
1220192519733968897
1220192481003876352
1220192434975428608
1220192345351540738
1220192342096805893
1220192326640861184
1220192127960977408
1220192087406075905
1220192005818605570
1220191995903168512
1220191969688735746
1220191915104075776
1220191905822101504
1220191873622368256
1220191833235394560
1220191832665219073
1220191763861659648
1220191753204129792
1220191743330615307
1220191727631208448
1220191692659126272
1220191662133202945
1220191652469338113
1220191517366722561
1220191447766294528
1220191419576410113
1220191311308836864
1220191297484574721
1220191284683530241
1220191259291074561
1220191252915814400
1220191252202708992
1220191243126353921
1220191066764144640
1220191026993754114
1220190987940745216
1220190970752335872
1220190956781068289
1220190851227209731
1220190827122692097
1220190800832684032
1220190790523092992
1220190747565219840
1220190730414514176
1220190711925968901
1220190649946976256
1220190648919183361
1220190599568969729
1220190548780171264
1220190498859544576
1220190359252361217
1220190353904427008
1220190196764938240
1220190172412690434
1220190076707065856
1220189920532353025
1220189879780302851
1220189851913506816
1220189850063773696
1220189738570866694
1220189679523221506
1220189673294680070
1220189668635029505
1220189605678534656
1220189553601892352
1220189537772670976
1220189342687211520
1220189333254070272
1220189315617058818
1220189279902527488
1220189275087462401
1220189265247662081
1220189260914946048
1220189209883029504
1220189196301651968
1220189120867131392
1220189076072038401
1220189069495296000
1220189056820080642
1220189014352748544
1220189000394252288
1220188996644433921
1220188958534955013
1220188947063738370
1220188940482691072
1220188938805108738
1220188936447893505
1220188828951932928
1220188801919864833
1220188764934303745
1220188710001491969
1220188701571059713
1220188682508021760
1220188628334280704
1220188551171780608
1220188532830019586
1220188507215421441
1220188482762498049
1220188471941353473
1220188455805820928
1220188440714567685
1220188363782647810
1220188345524817920
1220188232752590849
1220188092268609537
1220188081464045568
1220188050585792512
1220188046684897280
1220187848978026496
1220187807995457536
1220187721748054016
1220187679532429312
1220187668799090694
1220187664944529408
1220187614512218112
1220187578797895680
1220187450628345858
1220187440591319040
1220187429484675072
1220187393841664000
1220187383821479936
1220187349390372865
1220187322370723840
1220187282084253697
1220187232717484032
1220187229005348864
1220187214602100738
1220187198961508353
1220187163733528576
1220187157165477889
1220187057936642048
1220186977036750848
1220186830005424129
1220186696886575107
1220186696245022722
1220186680847556609
1220186593002229763
1220186581639684096
1220186580884840450
1220186558428581888
1220186512840478722
1220186441600253952
1220186393776836608
1220186380460068866
1220186378287235073
1220186299707072513
1220186222095519746
1220186126754906113
1220186110740975616
1220186103593881605
1220186078998450176
1220186049365737472
1220186039983079425
1220186039744000001
1220185974207995904
1220185938791297025
1220185913164255232
1220185898899238912
1220185878284292096
1220185862643888128
1220185585920499712
1220185563245858816
1220185556614832130
1220185364008243201
1220185250497736704
1220185217887023104
1220185144549470208
1220185102270943233
1220184972297822208
1220184919726608387
1220184856774135810
1220184848377118720
1220184827762077696
1220184756681203712
1220184683398549504
1220184680772841472
1220184588485582853
1220184508428800000
1220184484210831362
1220184482826915841
1220184379890249730
1220184358033584128
1220184333408862208
1220184321639641088
1220184321342033920
1220184258452623360
1220184207424536576
1220184187501568002
1220184136159129600
1220184114529062912
1220184088000245761
1220184070316969984
1220184047386681344
1220183932693442561
1220183928247468032
1220183907217235969
1220183888099545089
1220183882542321664
1220183812975423488
1220183798010138624
1220183796336611329
1220183737373249538
1220183713415188480
1220183711376764928
1220183701314772997
1220183596201201665
1220183589611982848
1220183587905069059
1220183570364289024
1220183560717570050
1220183497257545734
1220183482380349440
1220183474381840385
1220183425363193858
1220183400364986374
1220183249038671872
1220183151428825088
1220183093316870146
1220183092524044288
1220183084794109952
1220183082851958784
1220183054972416000
1220182989197496320
1220182922977636352
1220182865327132674
1220182859048275968
1220182820028547074
1220182777217331201
1220182763069792257
1220182670602330113
1220182657658576896
1220182593267625984
1220182555045044224
1220182525538160640
1220182514578481152
1220182439269556225
1220182354154618880
1220182338623000576
1220182309409681408
1220182240677658624
1220182225880137728
1220182209405038593
1220182171551502336
1220182156942512129
1220182097442136064
1220182064756133889
1220181978512797697
1220181935487500288
1220181883759165441
1220181879342747648
1220181878109544448
1220181743241580544
1220181738837536768
1220181732915179521
1220181731514486785
1220181693002285056
1220181631056498689
1220181581215592449
1220181563981225984
1220181559518453761
1220181502488543232
1220181483169599488
1220181391146545153
1220181229854740487
1220181222028206080
1220181221377884163
1220181171113316353
1220181159373463553
1220181138934812673
1220181073998409728
1220181068126486528
1220181024140742656
1220181023889051648
1220180960982921216
1220180865755447296
1220180851721261056
1220180764030951425
1220180744066293760
1220180716224311297
1220180701477138432
1220180685945597952
1220180658619912194
1220180574481965056
1220180518752243712
1220180514377584641
1220180476825989121
1220180461567332353
1220180447570751489
1220180417946488833
1220180401995440131
1220180338674163712
1220180329794805761
1220180321271980037
1220180312337993728
1220180285595226112
1220180278552887297
1220180194662678528
1220180194159419392
1220180167210958848
1220180165445242885
1220180125322481664
1220180122621247488
1220180109044469760
1220180015771463680
1220179988122484738
1220179973916332033
1220179929481924610
1220179899748618240
1220179876411531266
1220179855779618818
1220179829666041856
1220179814235045888
1220179722203779074
1220179714649706496
1220179690352078851
1220179658219520000
1220179603785908224
1220179581291978752
1220179580020903936
1220179571527626754
1220179548471484418
1220179528581992449
1220179512320778240
1220179483790962689
1220179470730047488
1220179470159577088
1220179452359008256
1220179451880800263
1220179413700087808
1220179402845302788
1220190097032675329
