1220284998625808384
1220284990203875328
1220284970280931330
1220284939721236480
1220284915121455105
1220284902576246784
1220284897903833088
1220284841196785664
1220284774687727617
1220284685873369088
1220284620723408897
1220284554457407488
1220284447209054208
1220284432621457408
1220284327478616064
1220284303029882881
1220284251062652929
1220284146699898881
1220284111933198338
1220284022007291904
1220283975123591168
1220283911403532288
1220283759125127170
1220283727600738304
1220283710563422208
1220283670524723200
1220283622164353024
1220283495488086016
1220283454006259712
1220283449879040000
1220283409219686400
1220283221801177088
1220283209889599488
1220283185965043712
1220283152255651841
1220283115802726400
1220283088619524101
1220283084970459141
1220283076640747523
1220283038216654848
1220283020973875201
1220283002363764736
1220282980985450497
1220282948596858885
1220282906028855296
1220282844984922112
1220282805592018944
1220282783781748736
1220282768791236608
1220282711195123712
1220282658044903424
1220282639757860864
1220282548124700673
1220282399524708352
1220282384072896512
1220282361587339265
1220282352297029632
1220282350631714817
1220282334785634305
1220282334395715584
1220282318549422080
1220282239381983233
1220282236651626496
1220282211393359872
1220282086516412417
1220282061967298562
1220282057512767490
1220282056103448576
1220282038495760384
1220281970778787841
1220281939535585280
1220281905683337217
1220281824477237248
1220281769171152896
1220281733523730437
1220281667526352896
1220281513872248832
1220281505148096512
1220281490543710208
1220284981798490112
1220284907521552384
1220284880682147840
1220284830535028736
1220284738801479680
1220284449050357761
1220284236349034496
1220284135018782721
1220283831858561024
1220283788879593472
1220283737352613888
1220283735255535616
1220283612181872640
1220283597065740288
1220283487632207872
1220283373236768769
1220283341922099200
1220283241283956737
1220283129530920961
1220283055539216389
1220283015554838528
1220283011859656704
1220282902170099715
1220282819273883648
1220282639552319488
1220282504134963200
1220282414343294976
1220282267551092737
1220281974432182272
1220281959122759680
1220281852235141120
1220281762590294016
1220281716406964224
1220281712158048257
1220281677014093829
1220281605073195008
1220281559393226752
1220281542427205633
1220281519719059456
1220281493186019328
1220281386763862021
1220281149932605441
1220281148116537345
1220281120857542656
1220281067766087680
1220281001185693697
1220280865533636609
1220280824261513217
1220280801373446145
1220280743634657281
1220280513514131456
1220280439585329152
1220280273146929152
1220280263193661440
1220280220466458625
1220280218406932482
1220280217253531648
1220280065377759233
1220280026156822528
1220279977612136448
1220279930656894977
1220279930568740866
1220279867134091264
1220279811999797252
1220279545284030464
1220279515068424193
1220279481719574528
1220279459988766721
1220279402056994816
1220279349397676033
1220279309845188608
1220279184494170118
1220279148121227271
1220279124616458240
1220279111219929089
1220278958538870789
1220278943661592576
1220278772907364352
1220278756608073728
1220278667453976577
1220278625217449984
1220278604505997312
1220278384871104512
1220278370589728768
1220278366957338624
1220278349286670341
1220278183150243840
1220278080431767554
1220278071636496386
1220277964383739906
1220277931001303046
1220277823539007488
1220277604911058944
1220277593792024576
1220277583171944448
1220277575416569856
1220277550800232448
1220277490318376962
1220277474174689282
1220277438204256262
1220277434353901568
1220277410756689921
1220276771486126080
1220276535619354625
1220276420599066624
1220276346942709760
1220276230471110657
1220276222527033345
1220276181943058432
1220276170660253697
1220276166428438528
1220276115912249349
1220276115631112193
1220276077358022656
1220276017413218305
1220275952028045312
1220275934944608257
1220275926392606720
1220275880964116480
1220275858453270528
1220275691058581504
1220275666630987776
1220275491782918145
1220275431271804928
1220275414632976384
1220275362950795264
1220275328355930119
1220275308592386048
1220275296949211138
1220275210185629696
1220275020208828416
1220275006430568453
1220274924255961090
1220274920762093568
1220274855397986304
1220274763018522624
1220274753635667974
1220274748988502016
1220274653534523392
1220274648576819200
1220274632814551040
1220274483111636992
1220274387443732486
1220274383027154945
1220274242782187520
1220274236230496257
1220274221932089344
1220274033532514305
1220273968088698882
1220273531809869824
1220273512453230592
1220273482312888322
1220273475342020608
1220273458162077696
1220273368852836352
1220273170634158080
1220273135016124416
1220273099762913280
1220272762377396224
1220272437234892806
1220272409451745280
1220272364606435328
1220272267885711365
1220272224935936000
1220272205323538432
1220272098003824642
1220271672537649152
1220271593449906176
1220271503813550080
1220271477758427138
1220271442790580224
1220271399849222144
1220271234186788864
1220271175336714241
1220271170290843650
1220271168428658688
1220271105828458496
1220271009997213696
1220270975142547457
1220270895228510209
1220270888161087489
1220270828257828865
1220270812688736256
1220270741599506433
1220270707118088192
1220270670313074690
1220270448228720640
1220270426812796928
1220270410509324288
1220270333975875585
1220270241495818240
1220270225649569792
1220270219555414016
1220270154216628224
1220285033824436225
1220285029458288641
1220285013419126784
1220285005022167041
1220284988932800512
1220284944368275461
1220284918560722951
1220284912529367041
1220284908846964737
1220284869307031553
1220284851414126592
1220284847714791424
1220284836318863360
1220284833563152384
1220284813334196224
1220284751266734081
1220284739996635136
1220284712524173312
1220284692525670400
1220284662309736449
1220284660460081153
1220284646476275712
1220284616034013184
1220284608731705344
1220284581724557319
1220284565979308032
1220284533318340610
1220284506097307648
1220284490087649283
1220284481225003008
1220284468835102725
1220284435305836545
1220284428972261378
1220284425985908738
1220284413616898050
1220284402229379072
1220284400614563840
1220284378208591872
1220284367890735104
1220284343962071040
1220284336106364928
1220284331857367045
1220284306985144321
1220284296071647232
1220284295366897665
1220284277247471617
1220284271706955776
1220284231189962752
1220284220641165317
1220284192610668544
1220284182892404736
1220284179792838657
1220284169617473538
1220284152395661313
1220284141712891904
1220284123840860160
1220284121353613312
1220284106996510720
1220284094254157824
1220284066970394624
1220284059106119680
1220284034955149313
1220284016756252673
1220284013434163200
1220284008480686080
1220284003577671680
1220283984891920385
1220283977782583306
1220283977199648769
1220283959264731137
1220283934149206018
1220283880835624960
1220283869141688321
1220283857733410816
1220283834727485441
1220283829203587072
1220283812958986245
1220283790708207616
1220283770764439552
1220283764758081536
1220283757854281728
1220283727244337153
1220283726212497408
1220283711461130240
1220283657031544832
1220283649683116032
1220283646059302912
1220283639558094849
1220283630687264769
1220283601457074177
1220283592586039301
1220283590510026755
1220283576975089671
1220283558989836288
1220283548667645952
1220283541805625345
1220283517688434688
1220283515159244803
1220283503809417217
1220283423509532672
1220283420384866306
1220283414638518272
1220283390600986625
1220283372129398784
1220283364969676800
1220283321856380928
1220283312817823744
1220283309730795521
1220283263131848706
1220283175542218752
1220283174824996870
1220283161973669888
1220283153056747520
1220283127362412544
1220283113793708037
1220283096186204160
1220283057724256256
1220283047414624256
1220283027533725698
1220283007048744961
1220282998601371648
1220282978489683968
1220282971237822464
1220282947913125889
1220282943261700096
1220282906855333889
1220282895920594944
1220282877587415040
1220282869056184320
1220282859262369793
1220282856100024321
1220282845832179713
1220282843416485888
1220282837007396865
1220282836319518720
1220282805965312000
1220282789062434816
1220282786000408576
1220282776009805826
1220282774185304065
1220282735656239109
1220282729226547200
1220282726080598016
1220282711090368512
1220282705624981510
1220282692404686848
1220282691167248384
1220282690743619585
1220282685102469121
1220282674289360896
1220282667096322048
1220282658007044096
1220282628898607104
1220282609072132096
1220282593419022336
1220282585550655488
1220282583189082117
1220282562435633153
1220282531188133889
1220282522669604866
1220282499533885440
1220282477656150017
1220282469133570055
1220282398014955520
1220282395968012291
1220282394093088768
1220282385096265728
1220282372052193280
1220282353160986624
1220282352053604353
1220282341173522433
1220282321938444288
1220282282205945857
1220282278837768192
1220282271875223552
1220282266582159361
1220282250555772930
1220282214685929472
1220282173577515009
1220282144913682432
1220282093873139712
1220282085283250176
1220282077779845121
1220282074826854400
1220282053444456448
1220282047618375680
1220282025107709953
1220282017931116546
1220281990445850624
1220281985698095105
1220281904575975426
1220281883826819073
1220281882929192960
1220281873739333637
1220281855477518337
1220281848275730434
1220281837878071297
1220281824150093825
1220281823462350849
1220281823126859782
1220281822501834752
1220281812917702657
1220281799621988353
1220281798049124354
1220281790197223424
1220281766793052160
1220281760883175424
1220281752372932609
1220281741484658693
1220281721934843904
1220281718911000580
1220281707133313025
1220281704969121792
1220281699482755072
1220281680193343490
1220281663269326849
1220281656923361281
1220281652024430593
1220281617131954176
1220281605870108672
1220281603831816192
1220281603810828288
1220281598572220416
1220281588321222657
1220281587272519680
1220281577369825280
1220281573737553922
1220281570273050624
1220281561305628672
1220281512630849536
1220281474575994880
1220281441252036612
1220281407357870081
1220281398453469184
1220281396268109824
1220281369491673088
1220281364521672704
1220281363120570368
1220281329369190400
1220281325808046085
1220281309169274881
1220281306640199681
1220281302403842053
1220281271793934336
1220281266051911681
1220281257264697344
1220281247311826944
1220281228890267648
1220281228215095298
1220281184380321794
1220281180542656512
1220281164348309504
1220281163681607681
1220281138075168768
1220281111844134912
1220281093602938880
1220281092986540032
1220281088301510656
1220281048770043906
1220281043879628800
1220281042658983936
1220281026791915520
1220281025596493825
1220280995103928321
1220280978301542400
1220280968172339205
1220280967119532032
1220280962874925056
1220280959452344321
1220280950363344896
1220280944608731137
1220280923427500034
1220280921061937152
1220280906289577986
1220280886056251398
1220280884374446080
1220280859087048705
1220280853848154112
1220280834835435520
1220280820876730369
1220280808453431297
1220280797522878464
1220280793320378369
1220280788874215424
1220280768666095617
1220280765532950529
1220280759094669312
1220280740685828096
1220280718539939840
1220280712122626048
1220280705910890496
1220280701561397248
1220280701196677120
1220280683874177025
1220280670913626112
1220280656338440193
1220280653150736385
1220280632993099776
1220280596334817281
1220280573261950976
1220280556644003840
1220280553582272514
1220280548335050752
1220280546284253184
1220280539761954816
1220280532770021376
1220280493028990976
1220280474632847360
1220280470501392384
1220280465061531648
1220280462544973825
1220280461936746496
1220280460137332737
1220280456509181952
1220280442428981248
1220280424129273857
1220280407670738947
1220280406613864449
1220280405439332352
1220280384899944449
1220280373487099905
1220280370538541060
1220280351496388608
1220280346920415235
1220280335470120961
1220280331372072961
1220280326091628549
1220280285620850688
1220280263743164416
1220280263021776896
1220280261579091968
1220280260337340417
1220280235402285057
1220280220722200579
1220280167714541568
1220280159397220354
1220280145853894657
1220280121661112324
1220280050135617536
1220280038416842753
1220280027515965440
1220280023699075075
1220280013481594881
1220279988278059009
1220279981521002496
1220279946381340672
1220279935425753089
1220279931218755584
1220279924784648192
1220279921165185024
1220279903192403974
1220279882351071232
1220279867780018176
1220279859496267782
1220279821944537088
1220279811026763778
1220279811022548994
1220279794455068672
1220279788234887168
1220279779389132802
1220279776360845312
1220279737257545728
1220279732253540352
1220279731225952256
1220279726763397122
1220279700704067584
1220279689287061505
1220279680248483840
1220279674451836932
1220279670018596864
1220279669477584897
1220279663114637313
1220279634115190784
1220279629832847360
1220279621532319744
1220279620211216385
1220279616444612609
1220279585469870080
1220279578846887937
1220279568906407936
1220279551843958784
1220279550921232385
1220279547905503232
1220279523159097344
1220279512904142848
1220279497544437761
1220279494113513473
1220279478301052928
1220279444528488450
1220279441609363456
1220279400295362566
1220279396738535424
1220279368271794176
1220279344263655425
1220279325846466560
1220279325414449154
1220279313854955520
1220279283475611648
1220279272948011008
1220279249598173184
1220279249011191809
1220279247983370240
1220279237439115265
1220279229188718597
1220279205256101888
1220279188185387008
1220279162222460928
1220279161413079041
1220279158334353408
1220279133734703105
1220279131088281600
1220279130823901184
1220279103397515267
1220279102696935424
1220279073991036928
1220279067854852096
1220279056131690502
1220279014679556096
1220278997201801217
1220278870018068481
1220278856675774466
1220278790892314624
1220278780628881408
1220278762681425921
1220278754632585218
1220278707811536898
1220278707476037633
1220278685653073922
1220278666657030145
1220278643164762112
1220278641650741249
1220278626194575361
1220278614446333953
1220278613041348609
1220278604057071617
1220278602610040832
1220278598361214976
1220278555688472578
1220278538680619011
1220278531076259841
1220278525879472128
1220278512470253568
1220278507957190656
1220278495659474944
1220278490706010112
1220278469415690241
1220278465309630466
1220278445243977728
1220278415439220736
1220278410041102338
1220278382228672512
1220278355725115398
1220278349622317056
1220278302914633728
1220278300599128064
1220278292759994369
1220278261072007168
1220278243078656002
1220278237848309760
1220278231091146753
1220278230441062407
1220278219141713920
1220278189488005121
1220278179056640000
1220278153928536065
1220278131157864448
1220278118994202631
1220278114585964544
1220278110073053184
1220278103512997894
1220278097678749697
1220278093341872128
1220278065416159232
1220278035510779905
1220278027159949314
1220278018838618113
1220277975154774016
1220277959266750465
1220277935094956034
1220277929621327872
1220277920440078337
1220277890513637377
1220277882712231936
1220277879642185730
1220277853654142976
1220277835081777152
1220277832300912640
1220277806791217153
1220277766895128576
1220277742270341120
1220277735630737409
1220277719604191232
1220277694765494272
1220277671805911046
1220277671571197952
1220277667477372929
1220277667112484864
1220277633830621184
1220277612523577344
1220277592185401344
1220277589043970050
1220277587185827840
1220277559327281154
1220277525135253505
1220277522786471936
1220277516180451328
1220277512145702912
1220277491773988865
1220277478280826880
1220277467480498176
1220277467438436354
1220277438992670720
1220277438846046208
1220277427546443777
1220277415043325952
1220277410613972992
1220277405740220418
1220277402401558529
1220277399394246656
1220277391089684480
1220277390980587520
1220277365948858369
1220277360940896256
1220277345514414080
1220277336580349952
1220277315302645761
1220277311481581568
1220277293714554880
1220277292217188352
1220277291407667202
1220277276652134400
1220277254422331392
1220277249892651009
1220277206791802880
1220277203071488005
1220277191981723649
1220277176034922496
1220277163330433024
1220277155810037761
1220277151624318976
1220277151095607296
1220277141100810240
1220277140819714048
1220277100793303043
1220277090026688513
1220277063652761600
1220277059446038528
1220277048909778944
1220277048859430913
1220277041947381761
1220277022561206272
1220276997525360640
1220276957910142976
1220276946564603904
1220276944144498689
1220276943595151361
1220276943540707328
1220276933943971841
1220276930404134914
1220276916818796544
1220276903866773505
1220276891946508289
1220276871532814336
1220276834660577280
1220276814322466819
1220276794567184384
1220276764540358656
1220276752003371008
1220276739969933312
1220276733280227328
1220276713931694080
1220276696517087232
1220276689789386752
1220276659930181633
1220276649738035209
1220276618373013504
1220276617030668289
1220276616577683457
1220276614107254784
1220276601658728448
1220276596130635776
1220276568418856960
1220276552514011137
1220276514614235136
1220276514144452608
1220276507014135809
1220276493345021954
1220276492736835584
1220276480720027648
1220276472113328128
1220276465301893122
1220276435430055936
1220276419139448832
1220276413355429889
1220276377842147328
1220276370112008192
1220276339946770432
1220276334728863744
1220276317557424128
1220276316294930432
1220276314227322880
1220276310393737216
1220276299408625664
1220276297592492032
1220276294866194433
1220276286771232768
1220276282409111552
1220276242177413120
1220276241812443141
1220276234883620864
1220276224641007616
1220276196249866240
1220276195956269056
1220276167728517120
1220276167472750599
1220276165211873282
1220276155929911296
1220276135553929217
1220276134580912128
1220276119615823872
1220276117367676928
1220276103115206656
1220276096182050816
1220276095523512321
1220276091576889344
1220276084588986373
1220276067207798784
1220276059205038082
1220276057414094848
1220276048329420800
1220276045288312837
1220276042125864961
1220276034437693440
1220276006667218945
1220275984169152513
1220275973448458240
1220275972374593536
1220275964074053633
1220275937599578112
1220275935884271617
1220275931954237440
1220275924618203137
1220275910768611328
1220275910697529346
1220275899418828800
1220275883820216320
1220275878631854081
1220275861317914624
1220275854506283008
1220275849515024384
1220275847875219457
1220275839696195585
1220275832788344834
1220275824303042560
1220275819592871937
1220275818330542088
1220275789175779328
1220275764534239232
1220275747027218433
1220275746641530881
1220275745542430720
1220275734188646401
1220275730858364928
1220275699610607616
1220275688244039680
1220275654748463104
1220275645197930496
1220275632589828096
1220275621726547968
1220275574444191744
1220275571042738177
1220275563522166784
1220275550452768768
1220275536942862336
1220275536699822080
1220275531607752705
1220275516801839104
1220275500989534214
1220275497789091842
1220275494467227649
1220275487093608449
1220275466147373057
1220275440792821760
1220275403467526144
1220275396463063042
1220275384425406464
1220275381439225856
1220275363940421632
1220275362296254464
1220275358403981312
1220275347763146752
1220275308982489088
1220275298278576128
1220275294302605312
1220275294059163648
1220275288036134912
1220275285477617665
1220275281010683905
1220275267551129600
1220275239466045440
1220275234479017984
1220275223833956353
1220275217307582466
1220275196025655296
1220275162630615041
1220275159870738433
1220275153835298816
1220275152748994560
1220275139914293248
1220275137628389376
1220275118674366464
1220275091520610304
1220275089255456769
1220275087833583618
1220275069005565952
1220275068829413376
1220275066333749250
1220275059115335683
1220275055663255553
1220275046423441408
1220275026122772480
1220274974658891776
1220274973517860867
1220274972980989952
1220274943901876224
1220274925383979008
1220274920539582465
1220274919730114560
1220274917469491201
1220274897743540224
1220274886561501184
1220274874343575552
1220274854479286273
1220274843968528385
1220274835076444160
1220274832899657728
1220274829435265025
1220274796220403713
1220274782911942657
1220274763458695168
1220274760166199296
1220274746249699328
1220274745674850305
1220274737135247360
1220274733066813442
1220274730323677185
1220274723898167296
1220274716734189569
1220274712720207872
1220274704339988480
1220274700338761729
1220274682366234625
1220274674636152832
1220274672337448960
1220274658102001669
1220274635435958272
1220274633519353857
1220274626699452416
1220274595049009153
1220274561079341056
1220274557325471749
1220274547913453570
1220274538019246080
1220274451058548736
1220274447334043649
1220274436378701824
1220274435367866368
1220274412512927744
1220274396293525504
1220274372046311425
1220274370397917184
1220274346339393537
1220274327708295168
1220274327188197376
1220274310914412545
1220274295135301633
1220274282665861120
1220274266408546305
1220274260104511490
1220274259190136833
1220274254400196609
1220274252399538177
1220274247546867713
1220274233084801024
1220274232283693058
1220274208971771904
1220274195084394496
1220274182803427333
1220274174578421760
1220274173274095616
1220274172229836801
1220274166542127104
1220274158870958080
1220274143473688576
1220274137647575041
1220274131763109889
1220274124645335040
1220274116713832448
1220274111697408000
1220274097675849729
1220274086775066625
1220274082043826176
1220274066436706304
1220274062280126464
1220274053153480705
1220274051899256833
1220274050984902656
1220274032550891521
1220274032370520064
1220274018651197441
1220274017220923392
1220274014930649089
1220274007271862278
1220274004604309504
1220273995884519424
1220273981233610753
1220273978939445248
1220273973155508224
1220273959351943168
1220273952599101442
1220273946848718848
1220273927072579585
1220273909636845568
1220273894126260224
1220273889961500674
1220273882311155712
1220273868037689344
1220273865357611008
1220273846835503104
1220273831790571520
1220273829387223040
1220273825528479746
1220273824182128641
1220273817609756672
1220273815030099968
1220273813339791362
1220273763201245185
1220273736659750913
1220273721606393857
1220273720385626112
1220273712177602560
1220273708914241537
1220273694636793856
1220273645588627458
1220273642891702272
1220273633928441856
1220273630401245194
1220273628194852864
1220273627389550592
1220273626802348032
1220273608934584320
1220273607357521920
1220273603633205248
1220273602278252545
1220273599463993344
1220273595961790464
1220273590932627456
1220273583773102082
1220273574360961024
1220273546212958210
1220273545919520768
1220273541465067522
1220273536503185408
1220273532191404033
1220273528856932352
1220273521856614400
1220273520040710144
1220273518161448960
1220273495512317952
1220273474943348736
1220273467339288576
1220273464394706945
1220273463002140672
1220273455045718017
1220273455037206528
1220273453434949632
1220273417896620033
1220273399701868544
1220273398292590592
1220273388633104384
1220273366013108224
1220273349160394752
1220273345502969856
1220273327089938432
1220273306701447168
1220273303522168832
1220273264586633219
1220273243849883648
1220273234203025408
1220273226238038016
1220273213566963712
1220273198815576064
1220273186467696640
1220273186002042880
1220273184638996481
1220273152397336576
1220273145891831808
1220273145703256066
1220273132977762305
1220273124127596544
1220273122051526656
1220273091625934854
1220273084004888577
1220273054355542016
1220273033547436032
1220273028581314560
1220273026144432128
1220273005768642561
1220272993445666816
1220272950856712192
1220272946838634496
1220272941201379330
1220272920980680704
1220272917419720704
1220272903943524352
1220272894405513218
1220272878895144960
1220272878656151553
1220272877041111046
1220272859030917120
1220272854257885192
1220272841763041282
1220272835467390976
1220272829712617472
1220272796640653313
1220272778638700544
1220272709461897216
1220272693557071872
1220272690990219264
1220272650683064321
1220272637760262145
1220272625261383682
1220272619380989953
1220272566138359809
1220272555728232452
1220272537189392384
1220272533846409216
1220272523360657408
1220272505555800064
1220272489768443904
1220272467157057538
1220272452434984960
1220272448634933248
1220272448202932224
1220272447552921600
1220272439520825345
1220272431149080576
1220272425801113601
1220272420306599941
1220272411339190272
1220272397607063552
1220272339008409604
1220272338215800835
1220272298315223040
1220272288282509320
1220272287053746176
1220272261422182402
1220272251494379522
1220272208246923264
1220272202060267522
1220272196322357251
1220272188399316994
1220272176097480707
1220272147408588800
1220272125254094848
1220272119012937728
1220272098783793152
1220272083978113024
1220272062867988480
1220272061576175616
1220272061282574338
1220272056970948608
1220272054567489536
1220271981636898816
1220271965543362561
1220271965421785088
1220271963723034626
1220271963223937026
1220271962661904385
1220271947973459969
1220271946513838080
1220271925315788802
1220271915496960000
1220271895133601793
1220271880717983744
1220271878347968512
1220271873583239168
1220271855119941632
1220271825524887553
1220271803601489922
1220271792037617664
1220271789491703813
1220271761167536128
1220271758638342144
1220271751256510464
1220271732960837632
1220271717546725376
1220271707484635136
1220271677055041536
1220271676648091648
1220271672768360450
1220271640090595328
1220271628120014848
1220271619437780994
1220271617990971392
1220271603331846144
1220271588584517632
1220271579889881094
1220271565041831937
1220271517356806144
1220271515666509824
1220271506556473346
1220271491545092097
1220271490123194368
1220271488433053696
1220271479993974789
1220271441871900672
1220271439389057024
1220271428685029376
1220271425401118725
1220271419805728768
1220271389917057024
1220271389267169280
1220271387526352896
1220271376264646656
1220271352239624192
1220271342601170944
1220271339346386944
1220271334900391938
1220271301925003264
1220271285617299456
1220271261764456449
1220271241493221376
1220271209704644608
1220271171511308288
1220271162313203713
1220271149608603648
1220271146836230144
1220271141995966465
1220271124795285504
1220271059599089665
1220271054108520448
1220271030830170118
1220271029265715202
1220271021145542656
1220271016850542593
1220270970088243200
1220270961272008704
1220270949624246273
1220270948621799424
1220270945396350976
1220270937028775936
1220270920704544769
1220270911082975233
1220270910600400896
1220270910080352257
1220270909249871872
1220270883052277760
1220270870137995264
1220270838760361985
1220270836910682112
1220270836755525632
1220270817394610176
1220270807550701570
1220270795223654400
1220270788097372160
1220270770460319744
1220270752617967616
1220270732770328576
1220270721420746752
1220270713447362562
1220270692970594304
1220270690760192005
1220270678009507840
1220270671990837250
1220270669625036800
1220270661286998021
1220270658078167041
1220270654689357824
1220270642039349248
1220270637106724864
1220270628986425344
1220270605880029185
1220270602902220800
1220270596749086720
1220270592839938049
1220270558975184896
1220270556139810816
1220270544794218498
1220270535998750722
1220270524032569344
1220270512330268673
1220270510728069123
1220270497054650368
1220270490058743808
1220270487323865088
1220270466796900352
1220270448015036421
1220270440133718016
1220270424937787393
1220270416058413057
1220270397511233538
1220270382227316736
1220270377387143169
1220270373125545984
1220270350698799106
1220270350220648448
1220270330498863104
1220270321904902144
1220270313562238976
1220270303533617154
1220270281983315968
1220270279802478595
1220270278967812098
1220270262819516417
1220270245228810240
1220270221795188739
1220270209937788928
1220270204263043074
1220270204166471683
1220270197606453248
1220270193315696640
1220270175825600513
1220270152698101760
1220270150068211713
1220270126752243712
1220270113397432320
1220270103960244224
1220270096771420161
1220270091410931712
1220270086692331520
1220270080845434881
1220270070200295426
1220270067994120192
1220270066379493376
1220270062424059906
1220270053398106112
1220270037597974528
1220270023177994240
1220269997458632706
1220269967393816576
1220284836591689728
1220284722481225728
1220284553819906048
1220284450979876867
1220284312525975553
1220284092295479296
1220284013312540673
1220284002415722497
1220283839509082115
1220283780113600512
1220283551834238976
1220282917655478272
1220282881693470720
1220282762462031873
1220282717482487809
1220282690110398465
1220282435872706560
1220281737478955010
1220281512706199552
1220284993706057728
1220284984549937152
1220284978610810881
1220284972008820738
1220284853209296897
1220284784657567744
1220284773593120768
1220284610711642112
1220284565312290816
1220284439478984704
1220284408768286720
1220284324232167424
1220284324181946368
1220284281676632065
1220284281169350656
1220284202001805313
1220284147563819008
1220284104639336449
1220284046862962688
1220284000503123968
1220283932094058496
1220283906026614784
1220283903442853888
1220283876947349505
1220283857368317952
1220283754603614208
1220283706364973056
1220283701289984001
1220283632620838912
1220283540723515392
1220283525460566016
1220283464785764353
1220283356413186049
1220283303564939264
1220283227706986496
1220283170865721344
1220283026539732992
1220283017970667521
1220282932750946304
1220282802492575744
1220282729637535744
1220282677443452928
1220282655167500288
1220282591984734208
1220282571763793922
1220282522866552832
1220282481833701382
1220282439353790464
1220282371632717824
1220282350413631489
1220282339554746369
1220282327156346880
1220282317538824192
1220282317484281856
1220282303173185536
1220282247154208770
1220282227147210752
1220282145391939584
1220282142690693120
1220282095974535169
1220282093781049345
1220282029872492544
1220282021546577921
1220281892618035200
1220281887911858176
1220281876406910977
1220281839685791745
1220281823818911744
1220281790780149760
1220281778860187648
1220281759197224960
1220281749797629957
1220281715253489666
1220281715131846656
1220281674996432897
1220281634999549953
1220281616716558336
1220281545921048576
1220281542330613761
1220281535502286848
1220281518100271104
1220281511599050752
1220281457769361408
1220281430208479232
1220281430011469824
1220281416342130688
1220281411996774400
1220281381760073729
1220281297093840896
1220281286637441024
1220281259877814272
1220281167808794624
1220281086942433280
1220281086833577984
1220281065455194112
1220281034391994368
1220281016889143296
1220280983422816256
1220280980528779264
1220280922098085889
1220280881752920064
1220280879689490432
1220280877067972608
1220280869417558016
1220280828233732096
1220280819048009728
1220280793085497344
1220280766103343109
1220280760856432640
1220280740056727558
1220280734369439745
1220280687984545793
1220280676370411520
1220280658984984576
1220280627951308801
1220280622796554242
1220280528311549952
1220280500054421505
1220280443708141568
1220280398472675328
1220280322014605313
1220280303857463296
1220280216334954496
1220280207883374592
1220280194281410560
1220280157560197120
1220280129643012096
1220280103072161792
1220280074055766016
1220280007974457344
1220279983995674626
1220279967289880576
1220279903637196800
1220279883500224512
1220279825929265152
1220279813207801856
1220279795604430848
1220279773794131968
1220279761769025541
1220279692261052416
1220279656823189504
1220279577982963712
1220279530725826561
1220279475428110336
1220279384365391872
1220279344443998208
1220279335036256256
1220279333123772416
1220279313871671296
1220279300512833536
1220279285883162625
1220279223522222080
1220279156585271296
1220279156283494401
1220279143193104386
1220279025454714880
1220279006483886080
1220278956949233670
1220278935725854721
1220278845657403392
1220278752459939840
1220278743861731328
1220278721157922816
1220278605923700736
1220278540383465472
1220278522863767552
1220278517968982016
1220278451518803968
1220278433399431170
1220278414403424257
1220278375954223105
1220278347667623937
1220278324276158464
1220278284488888320
1220278269687271425
1220278233284911104
1220278128385220609
1220278126476955648
1220278093853745153
1220277854484815873
1220277825241903104
1220277812411666432
1220277726847938560
1220277722997575681
1220277701409296384
1220277665720082432
1220277649622237185
1220277636594851840
1220277631670738944
1220277563211370497
1220277525366104064
1220277513919713281
1220277491194949632
1220277468650594309
1220277327038382081
1220277273020063745
1220277271073656833
1220277253214355456
1220277219634769921
1220277195299573760
1220277195043565568
1220277171991613445
1220277163712184320
1220277163401740290
1220277128580648972
1220277109131628544
1220277062121877506
1220276875911520256
1220276849944731649
1220276831057825792
1220276805971542016
1220276779396599808
1220276778041860096
1220276766645735425
1220276743602429952
1220276692985548800
1220276685871906816
1220276665537843202
1220276615944589312
1220276598735159304
1220276583820398592
1220276510956888064
1220276491210186753
1220276481869348866
1220276454606266369
1220276445634859008
1220276400633995264
1220276380555972609
1220276317733707776
1220276256211640322
1220276249148317696
1220276225249284097
1220276204428644354
1220276037642334208
1220276003379011584
1220276001181224960
1220275967521722368
1220275831769124865
1220275814366769152
1220275745941082112
1220275727850852352
1220275642907811840
1220275632518483971
1220275575186694146
1220275568022781952
1220275543997681665
1220275528181145601
1220275524569710592
1220275502327296000
1220275496019165185
1220275475903324160
1220275432651542528
1220275371691524096
1220275349499416578
1220275259242246146
1220275259162550272
1220275233887834113
1220275192913702912
1220275155542298624
1220275146352513024
1220275112768954368
1220275080682278915
1220275024654790657
1220275000080384006
1220274998880788480
1220274902101417987
1220274877942231040
1220274836183887873
1220274830592790529
1220274830337105921
1220274817670184960
1220274813475926016
1220274804625825792
1220274731489865728
1220274561553317888
1220274558210641920
1220274532512083969
1220274468855021568
1220274453155844097
1220274440828702720
1220274393181372416
1220274375028625408
1220274372138520576
1220274334008254464
1220274322331226112
1220274316484497408
1220274302408249344
1220274302202925056
1220274261362802688
1220274236985692160
1220274215112388609
1220274058635464704
1220274054579417088
1220274016671260672
1220274013403930625
1220274010241609729
1220273968944484352
1220273943426191360
1220273868402778112
1220273813646192642
1220273807190945794
1220273796269203456
1220273765956767744
1220273735468371969
1220273718569598976
1220273713876209666
1220273657613672448
1220273655759937536
1220273578224029697
1220273478324146177
1220273463820111872
1220273451476406274
1220273437932830720
1220273277668446208
1220273253928685570
1220273243166269442
1220273167551225857
1220273164858597377
1220273156436324352
1220273071623245824
1220273049527898112
1220273039574814722
1220273008931110912
1220273000802422784
1220272991226880000
1220272968200282113
1220272961900314624
1220272933441949696
1220272904023281664
1220272856551919616
1220272816664272898
1220272794400972806
1220272781742485506
1220272739992449024
1220272727581503490
1220272711181594625
1220272687509049345
1220272677367185408
1220272539034767360
1220272511020961795
1220272490712387585
1220272469010829312
1220272338219855872
1220272325880213504
1220272312886398976
1220272304413913091
1220272298973958145
1220272226382958592
1220272221635121152
1220272167939493889
1220272131738492933
1220272092202946561
1220272030177775616
1220272021088690176
1220271998800220160
1220271972598173701
1220271907460829184
1220271894626209794
1220271848497111041
1220271803248959488
1220271774874492928
1220271768012636160
1220271740200206337
1220271723460743168
1220271718067068928
1220271714233282560
1220271678451671040
1220271645538938882
1220271635258695680
1220271622587707393
1220271527687409665
1220271501007577090
1220271490513293312
1220271487954845696
1220271483756240896
1220271358254428162
1220271345604362242
1220271341300895744
1220271334053335040
1220271316822982656
1220271313648046080
1220271303992565761
1220271279833411584
1220271261378433026
1220271134521712641
1220271041395605505
1220271027093065730
1220271005568045057
1220270994717323265
1220270992812982272
1220270931689529349
1220270894481903616
1220270851473408001
1220270786562396160
1220270781759938560
1220270777980743680
1220270631779999744
1220270583734140928
1220270512045207552
1220270467178614784
1220270457682907138
1220270448086142976
1220270378477592576
1220270368121704451
1220270354196783104
1220270350698569728
1220270300186546176
1220270298462932993
1220270142103457793
1220270141583151104
1220270121803010049
1220270095777140736
1220270069453901825
1220270065821605888
1220270037136740354
1220270032648798208
1220270029914230786
1220269994791120897
1220284958339584000
1220284821542301696
1220284152869683200
1220283731732131840
1220283541105176577
1220283465637093377
1220283204675854336
1220282167281905666
1220281488845000704
1220281467114328064
1220280915940773889
1220280799783616512
1220279882610987008
1220279862025322497
1220279365520412672
1220279320045748226
1220279228798627842
1220279107767828480
1220278771158155265
1220278523585122304
1220277993504772096
1220277722582147073
1220277132200271872
1220276125441515520
1220275958579519489
1220275891567124480
1220275723639721985
1220274974977679360
1220274482700378112
1220274437536145408
1220274131440029696
1220273972102565888
1220273721962725376
1220273613690945536
1220273255547719680
1220273131111108608
1220272934490476545
1220271781384269824
1220271779207417857
1220271668951535617
1220271229820657675
1220270583742550016
1220270583541223424
1220270258398945280
1220285019668635649
1220284865427333120
1220284857152000000
1220284756232790016
1220284719809617931
1220284655418478599
1220284646665048064
1220284618307301378
1220284526993104896
1220284511390298114
1220284488338550784
1220284486140624896
1220284392553103361
1220284338576789504
1220284336420937730
1220284322877509632
1220284306494541824
1220284303529009154
1220284243000975361
1220284194422525953
1220284080710803457
1220284065439338497
1220284060729167873
1220284040567304192
1220284002831077377
1220283994237034496
1220283964092571649
1220283946539327488
1220283916570918913
1220283905464356866
1220283809368690688
1220283691387084802
1220283677407698944
1220283602195189762
1220283549741248512
1220283486981906433
1220283475812446208
1220283403498446849
1220283396359720961
1220283349358403584
1220283308392747009
1220283275240828928
1220283273835712512
1220283038703079425
1220282978300907522
1220282957492940800
1220282934793388033
1220282929777012737
1220282901427671040
1220282869144121344
1220282841365245952
1220282819341094912
1220282812646903809
1220282765389848576
1220282643977252864
1220282628139556865
1220282579691212800
1220282507914022912
1220282472434454528
1220282459721543680
1220282401223532544
1220282375105630213
1220282322915774464
1220282308600705024
1220282297683009536
1220282222088843264
1220282196113494016
1220282164194893824
1220281986570498049
1220281976961191936
1220281877178617856
1220281874645311488
1220281842093326336
1220281813114875904
1220281662702964736
1220281641987399680
1220281635419119616
1220281593606148096
1220281584542089216
1220281456800468992
1220281373589508097
1220281287598116864
1220281264474857472
1220281255209517056
1220281242240856064
1220281225920708608
1220281214898188288
1220281129959247872
1220281097109430273
1220280983049494530
1220280940372488193
1220280916397973504
1220280902070067205
1220280827143049216
1220280794905628673
1220280737326338050
1220280712768581632
1220280524448714753
1220280510624169984
1220280456102330368
1220280410103582720
1220280357783654402
1220280308056166405
1220280214250344448
1220280159556628486
1220280070146875392
1220280060063682560
1220280047979958274
1220279860637028352
1220279845348937729
1220279842983202816
1220279792919961602
1220279619657572352
1220279420524457985
1220279373363851264
1220279368817266689
1220279348948885504
1220279325938847744
1220279313800388608
1220279277901488128
1220279256737030155
1220279213204307969
1220279156014845953
1220279143377453063
1220279073118867457
1220279004030291968
1220278988704141313
1220278939370827776
1220278936212557831
1220278916440477697
1220278810039336960
1220278772605300736
1220278745891659776
1220278692624027649
1220278638429556737
1220278629961211904
1220278618254905345
1220278613305511936
1220278607978868736
1220278584918581248
1220278463036215296
1220278311386898432
1220278292344922112
1220278213244604416
1220278202549055489
1220278196089671681
1220278175852138496
1220278157439328256
1220278155081990144
1220278105710850048
1220277942829207552
1220277933664694272
1220277887481217025
1220277880711794688
1220277869529550848
1220277772154744836
1220277733487300608
1220277680454553600
1220277676805632001
1220277676193148928
1220277653619392513
1220277633805512704
1220277545964163072
1220277489769111558
1220277269165416448
1220277237808877570
1220277209824284673
1220277162638553088
1220277062797164544
1220277058011570176
1220277056757321728
1220277008980115457
1220276867648802817
1220276785729814528
1220276784484106241
1220276760748511232
1220276753114906624
1220276689407827968
1220276669199466497
1220276668729741312
1220276544767254529
1220276498851975169
1220276493181423617
1220276433919983616
1220276423576784898
1220276410801016832
1220276396175568896
1220276343667077120
1220276139584675841
1220276136799686658
1220276131468677125
1220276113009672194
1220276099340333056
1220275973569925121
1220275958382415872
1220275947431067649
1220275807328899072
1220275805701279745
1220275798382272512
1220275707588288512
1220275646623965184
1220275594924941312
1220275573710180353
1220275555142160384
1220275553116266496
1220275532354461696
1220275528747405312
1220275407921922048
1220275282193469440
1220275174676815878
1220275129634082817
1220275104463982593
1220275078333530112
1220275058532159488
1220275058486042624
1220275009907642369
1220274988944674816
1220274988080672768
1220274932061372417
1220274854575968257
1220274781804793857
1220274770224328705
1220274755158315008
1220274748481056768
1220274740964753408
1220274707150168065
1220274689194377216
1220274650719997953
1220274647524151296
1220274634450321408
1220274589533642752
1220274398751600640
1220274365410967552
1220274352437878784
1220274278983061504
1220274251380424704
1220274247441891328
1220274159919366144
1220274100515622915
1220274040041984000
1220274038028804097
1220273998753419265
1220273995645362176
1220273995490217984
1220273989983047680
1220273988871557120
1220273981338595328
1220273903806738432
1220273903500554241
1220273902376669185
1220273877252624384
1220273853823320064
1220273846516887558
1220273842318262272
1220273822982725633
1220273813784391680
1220273807895617537
1220273764727971842
1220273697761583104
1220273668095389697
1220273589909254145
1220273589728894976
1220273569529245696
1220273533906903040
1220273532103462912
1220273525996564480
1220273519357046784
1220273362523451392
1220273359809806337
1220273347491258368
1220273347063427072
1220273330797907968
1220273259649748994
1220273157480812545
1220273147959595008
1220273120755568641
1220273108214435846
1220273103541981184
1220273050312040448
1220273023518986240
1220273018376605697
1220273014710980608
1220272996230758404
1220272927620206592
1220272922901667840
1220272909312151553
1220272847693611008
1220272832397090819
1220272792832299008
1220272758560395269
1220272721570881536
1220272701442535424
1220272659407216641
1220272642571169792
1220272601324408832
1220272600430964737
1220272575709732864
1220272484856946688
1220272406746619904
1220272388790579200
1220272370562158598
1220272280250568709
1220272183659941890
1220272172960227328
1220272157604732928
1220272112318812160
1220272106522529792
1220271975383236608
1220271967388848128
1220271957612077056
1220271939463393280
1220271883788025856
1220271862984273926
1220271853702385665
1220271838103658496
1220271795908960257
1220271778162855936
1220271777710059520
1220271748001693698
1220271744847622144
1220271724605763589
1220271658381934592
1220271647619309568
1220271646050672641
1220271643085303808
1220271640803569669
1220271633677590529
1220271585686241283
1220271358845734913
1220271354605441029
1220271350222327808
1220271341670223873
1220271314490949643
1220271302222565376
1220271297101549568
1220271273126686720
1220271245817761793
1220271217061527552
1220271194055704576
1220271173566517248
1220271113697157127
1220271105312731137
1220271079811428354
1220271038656700416
1220271018452901889
1220270965801668609
1220270950605672448
1220270877108928512
1220270825850302464
1220270811996536832
1220270795999436801
1220270782862905344
1220270765615878146
1220270726231601153
1220270620312649728
1220270591900557313
1220270578046771200
1220270466134237184
1220270266065940480
1220270249099980801
1220270211573649408
1220270169567776777
1220270166585462784
1220270165977231360
1220270144351420416
1220270128656343046
1220270093642260481
1220270064605302784
1220270060444561409
1220270025354829825
1220282615153876992
1220282563471691776
1220281852063371269
1220281312134619136
1220281229578129408
1220280745840840707
1220280715503263745
1220279946129494017
1220279515882147846
1220277916933558273
1220277697634426882
1220277532357824512
1220277320780398593
1220276529441067013
1220276350415564800
1220276189928939520
1220275578273554432
1220275260060135424
1220275174714462208
1220274896149729280
1220274825706508289
1220274132740444160
1220273838031663104
1220273607990898688
1220273424297185281
1220273244370063360
1220272975422734338
1220272242610884611
1220271756767678465
1220271710580224000
1220271383755624448
1220271256991256576
1220271166214098944
1220271117350236160
1220271056142749696
1220270980032913408
