1220179310532800518
1220179288378527746
1220179211089956864
1220179176797491200
1220179152147378176
1220179062666096640
1220179037890498560
1220179007494336513
1220178959113052160
1220178944244232192
1220178920772947974
1220178903311908865
1220178897125478400
1220178881325490176
1220178865718538240
1220178864716075008
1220178836869959680
1220178790585860096
1220178766418337792
1220178712118931457
1220178659639578625
1220178631336566785
1220178606720073729
1220178582846214144
1220178502047105024
1220178460926234625
1220178456052408320
1220178440650919936
1220178418639286272
1220178400423268352
1220178396619190272
1220178383142825989
1220178380588490753
1220178307536375813
1220178277068787719
1220178268915228673
1220178243501903872
1220178171036938241
1220178156188991490
1220178155329048578
1220178120935985153
1220178077772341248
1220178028656881664
1220177986361622528
1220177881197756416
1220177771495903243
1220177757251915776
1220177746824978432
1220177720254046214
1220177708757458946
1220177691816734722
1220177689224667136
1220177669146533889
1220177610996617216
1220177598036221953
1220177590293598212
1220177588288655370
1220177584593436673
1220177563047215104
1220177561415831552
1220177534924611584
1220177485784068096
1220177345606225920
1220177342993072128
1220177329831456769
1220177319303827456
1220177248160010241
1220177241402945538
1220177237141598209
1220177232464793601
1220177214613880832
1220177212906885121
1220177208431476736
1220177206678294531
1220177204635529216
1220177195169124353
1220177163023998976
1220177140794056706
1220177135857352704
1220177115301273600
1220177109789880321
1220177099585093634
1220177067372949504
1220177049492520960
1220177026319036416
1220177016781041664
1220176984199712769
1220176965040254981
1220176938263818248
1220176889597308929
1220176841983627264
1220176818449342469
1220176797037289472
1220176762199400448
1220176754620289026
1220176730662612992
1220176725218250752
1220176703776911360
1220176633434234880
1220176579898286080
1220176573971693573
1220176552828125190
1220176552274558977
1220176538823512064
1220176495945097216
1220176442639769600
1220176360636911617
1220176174443307009
1220176115165212672
1220176103580454912
1220176068641947650
1220176047997480962
1220175988514004992
1220175867810172928
1220175846138351617
1220175821517750272
1220175791541145600
1220175721747714048
1220175648418926594
1220175632585445376
1220175569331064832
1220175560451772419
1220175551576649728
1220175545511616512
1220175539161325569
1220175432101912578
1220175402271797248
1220175356663037952
1220175344604454913
1220175332239540224
1220175317953916928
1220175317538607104
1220175296575369217
1220175265898356736
1220175254942814208
1220175251599806464
1220175247749603328
1220175196314882052
1220175187209064448
1220175147816144896
1220175071806984193
1220175065645404160
1220175050541654016
1220174991146340353
1220174937010462721
1220174926545444864
1220174848418185216
1220174759507435521
1220174746232532992
1220174739097829376
1220174685415100417
1220174673784209418
1220174645850181632
1220174617848926211
1220174555848724480
1220174554774958081
1220174521568595968
1220174383932534784
1220174329989627904
1220174310293286913
1220174235341115393
1220174221344759809
1220174176704770048
1220174083456790528
1220174068432785409
1220174055996784640
1220174050439266305
1220174012086661121
1220173987537354752
1220173944755351552
1220173922122911744
1220173901545660417
1220173900174233601
1220173738026708992
1220173665184010240
1220173606090608640
1220173566081105920
1220173523580346368
1220173515359424514
1220173502709284864
1220173447285919749
1220173432215785472
1220173388536340480
1220173368839868417
1220173357422911489
1220173350967836675
1220173268759404544
1220173258705768449
1220173222462808066
1220173214300676097
1220173197657636864
1220173148022284288
1220173140849872897
1220173138023108611
1220173093915758593
1220173067810484226
1220173019978649602
1220172977645461505
1220172969424707584
1220172954631360513
1220172919910825984
1220172916723191809
1220172903209107457
1220172874180374528
1220172844950261763
1220172812641546240
1220172809286176768
1220172778617364482
1220172757750644738
1220172710208327681
1220172699068223490
1220172587461902337
1220172550216437764
1220172539944632320
1220172503156449281
1220172448206741504
1220172400022773760
1220172389369073664
1220172313221566464
1220172277716783104
1220172219252342794
1220172207516717057
1220172173664452608
1220172145432702977
1220172142261743616
1220172128827342850
1220172062049865730
1220172027425804290
1220171993808560128
1220171966616870913
1220171931070160897
1220171773066518530
1220171760722640896
1220171760164798464
1220171739512131585
1220171685896179713
1220171672814141441
1220171655793774593
1220171651997933570
1220171558251089925
1220171530170257409
1220171517738258433
1220171492345823233
1220171490789920768
1220171485966426113
1220171471583973376
1220171451527061504
1220171441452277761
1220171435592888321
1220171430932946945
1220171362003755008
1220171291908550662
1220171288876081152
1220171243212693504
1220171236145356800
1220171225982435328
1220171194592382976
1220171190377111552
1220171168180604929
1220171165139947520
1220171154805141504
1220171128318021633
1220171027101016065
1220170985808093185
1220170964270338048
1220170837304598528
1220170832061833218
1220170713501511681
1220170691972096001
1220170672963538950
1220170637966106624
1220170626255605760
1220170561571164160
1220170536170532869
1220170536048844801
1220170512405540865
1220170505845526529
1220170477093773312
1220170462749249538
1220170418012639232
1220170388522532865
1220170335007494144
1220170311972208641
1220170263347769344
1220170261674283010
1220170191054573568
1220170168111976448
1220170146905346048
1220170141717143552
1220170138852323328
1220170128534446080
1220170089812480000
1220170076218892288
1220169941929861124
1220169902616719360
1220169881116561408
1220169876419104768
1220169869959798784
1220169868940541956
1220169807414341632
1220169791064940544
1220169754339696642
1220169705157058561
1220169543269511169
1220169538735607808
1220169478102798336
1220169451590557696
1220169443554127872
1220169424201752582
1220169416463339520
1220169403171594240
1220169402575880193
1220169396800364544
1220169396179689472
1220169371559002113
1220169365779181568
1220169346611339265
1220169284552314882
1220169276671197184
1220169244232437761
1220169168214867969
1220169147205718023
1220169136464171008
1220169115408773123
1220169064401854464
1220169041018597376
1220168987750871040
1220168864895586304
1220168834071445505
1220168782154534912
1220168775938473985
1220168774764191744
1220168748218241024
1220168695428894720
1220168683869364224
1220168679851098112
1220168659147997184
1220168638394580993
1220168560036720640
1220168495645655040
1220168416796925953
1220168407804522501
1220168370810753025
1220168362875150337
1220168353475592192
1220168262408904704
1220168246554513408
1220168235699466241
1220168228992716801
1220168216267280384
1220168200781991936
1220168193660071937
1220168162517245952
1220168154111979520
1220168107739664384
1220168104904359938
1220168102782042114
1220168074449416192
1220168024214441991
1220168021886586880
1220168021433446400
1220168020250767363
1220168011115528192
1220167966035070976
1220167818223603712
1220167767074185216
1220167763605565441
1220167735273050115
1220167717849686016
1220167716465717248
1220167713877905409
1220167709423476738
1220167706952912896
1220167661520289793
1220167613021675521
1220167568402657280
1220167541810585601
1220167524790210560
1220167521770397696
1220167512232546304
1220167463389687809
1220167443135336450
1220167435468275712
1220167433937272832
1220167387015675905
1220167370884493312
1220167359492755457
1220167341272698880
1220167262818033665
1220167244531011585
1220167240659677185
1220167208543965184
1220167199488430082
1220167197328363520
1220167169637482496
1220167153183346688
1220167134527082498
1220167124548714498
1220167120148975616
1220167118991306759
1220167028285353985
1220167009968762881
1220166967979642880
1220166964552720387
1220166888925417472
1220166855454642177
1220166846911078401
1220166837478006785
1220166824534388736
1220166813809545223
1220166812089966593
1220166666530643968
1220166646763003904
1220166625099501569
1220166614915657728
1220166595219283970
1220166551019696128
1220166537983623168
1220166504290947072
1220166439740628992
1220166422149550081
1220166385357090817
1220166374401638401
1220166331481247744
1220166309666668545
1220166278037561345
1220166276405817344
1220166175256002560
1220166156625022976
1220166103889899522
1220165982464958464
1220165957152399360
1220165945764843523
1220165916778029057
1220165866899365888
1220165861576728576
1220165860129677312
1220165857562722304
1220165848985292800
1220165816164831232
1220165806006292480
1220165778617487360
1220165772611207169
1220165767934758913
1220165704911028224
1220165694538551297
1220165686858846209
1220165658148835328
1220165612779069442
1220165597302005764
1220165596802928640
1220165589370658816
1220165491618209792
1220165488363429888
1220165480968859649
1220165476862480384
1220165473314189315
1220165453953294336
1220165429219536897
1220165411473428482
1220165357547159552
1220165353508089856
1220165319328706560
1220165292921249792
1220165229235113984
1220165136352235520
1220165134192005120
1220165115456245760
1220165114281766913
1220165075891257350
1220165015094923265
1220165003564736520
1220164970416967681
1220164938125250560
1220164936099254273
1220164925751992321
1220164894332506113
1220164882814971904
1220164873788649472
1220164847318507520
1220164834974748673
1220164814770597888
1220164798609936384
1220164784060096513
1220164770415775744
1220164764409769985
1220164758394920960
1220164755937095680
1220164752774549504
1220164654107742208
1220164620482228231
1220164572738392064
1220164506686386176
1220164505445064704
1220164380354121729
1220164372003201027
1220164365724332035
1220164358258483200
1220164339791024130
1220164276628774913
1220164250854985728
1220179336285716480
1220179334318694402
1220179328710905857
1220179308595073024
1220179297832292352
1220179257621721088
1220179252865310720
1220179216290893825
1220179173055983616
1220179166705795072
1220179103745282048
1220179092743438336
1220179088758829056
1220179071784501249
1220179053002416128
1220179045314224129
1220179017728266241
1220178991300009985
1220178968050946048
1220178963395309568
1220178936895639555
1220178927227895809
1220178906331828226
1220178897997893632
1220178892738027520
1220178875151540225
1220178867249434626
1220178854032994304
1220178849213927425
1220178796575281153
1220178794352402433
1220178787066793985
1220178765856346117
1220178756607905792
1220178734612795392
1220178720876417024
1220178661648879616
1220178658238726144
1220178641595711488
1220178625195986944
1220178621974839296
1220178611870806016
1220178533504319488
1220178529465389057
1220178445629448193
1220178431859740677
1220178385327947777
1220178372132843521
1220178349210816512
1220178330239942656
1220178296035397633
1220178292629618689
1220178250954989571
1220178247494688769
1220178220395270144
1220178207091150854
1220178201156018176
1220178174182592512
1220178163902435329
1220178137964851200
1220178107140698112
1220178086131642368
1220178085883990016
1220178060600700930
1220178037330735104
1220178015331635201
1220178011569430528
1220177981043347456
1220177965813616640
1220177890278424576
1220177885371064321
1220177820359458822
1220177800642121729
1220177786263887872
1220177738826338305
1220177727413637120
1220177706463133696
1220177685353242629
1220177677040201729
1220177676750614528
1220177656928333824
1220177651282767872
1220177647826661381
1220177646283153414
1220177643167002626
1220177630701342721
1220177609578991618
1220177589907509248
1220177563160436737
1220177563143659521
1220177534546923521
1220177522865758208
1220177506407342080
1220177471540289536
1220177464678240257
1220177455681540097
1220177414845689857
1220177414006816768
1220177396550135814
1220177371128455169
1220177360571523072
1220177352476356609
1220177328699052032
1220177300924194816
1220177297124270080
1220177242711642115
1220177211937837056
1220177202026672129
1220177200286011393
1220177184733769728
1220177143176495105
1220177120946724865
1220177119520550912
1220177112323088385
1220177111412948993
1220177070321364993
1220177070187106309
1220177068077481990
1220177053649010688
1220177019469619201
1220177010518982656
1220177000176005120
1220176998494097408
1220176989933527040
1220176989350293504
1220176987504832512
1220176976327127042
1220176974808670210
1220176968177606660
1220176938737651717
1220176905711652864
1220176868684361728
1220176858865496064
1220176840196673537
1220176830998700033
1220176830725947393
1220176806046621696
1220176790674501633
1220176786555731968
1220176689755512832
1220176680024588288
1220176669215879169
1220176665864785927
1220176638777884677
1220176630733135872
1220176591604473858
1220176590161707009
1220176565658456064
1220176558607855619
1220176548638142464
1220176523426058240
1220176499321528320
1220176485366956033
1220176455381839872
1220176452617768961
1220176452475183104
1220176415699742720
1220176406895681536
1220176396829388800
1220176377627889665
1220176340097232896
1220176302499450880
1220176292227710977
1220176272183066625
1220176261319925760
1220176234035834880
1220176228654538754
1220176197784457218
1220176191140683776
1220176181858721794
1220176150917341185
1220176147234705409
1220176145120841734
1220176134068850689
1220176129471860738
1220176129132130304
1220176117170102275
1220176106419916802
1220176099419705344
1220176090733264898
1220176061687681026
1220176059007741954
1220176041643167746
1220176016926134273
1220176006188654592
1220176000383963136
1220175982708977665
1220175975415025664
1220175955198525441
1220175951729836032
1220175951474020353
1220175876928655362
1220175856519090176
1220175830568988672
1220175783202893824
1220175775418109953
1220175773677453312
1220175761836892162
1220175739741507585
1220175733097545728
1220175714697334786
1220175709253066758
1220175687694176258
1220175660179607552
1220175569842774018
1220175518772809728
1220175498279518208
1220175477073047552
1220175475789594624
1220175467040428033
1220175420462698498
1220175397481938944
1220175364439199745
1220175333669781505
1220175310693392384
1220175270742654976
1220175230674456576
1220175188496670720
1220175178400817152
1220175170322731010
1220175087749533696
1220175078027071490
1220175076924051457
1220175075292278784
1220175051284041732
1220175049014927360
1220175004433670144
1220174982669533189
1220174959068106752
1220174941733163008
1220174928424517632
1220174909520793601
1220174892777140224
1220174876670955520
1220174856248950784
1220174848720138240
1220174840855818245
1220174832341356544
1220174828147077120
1220174814620659712
1220174787818868737
1220174772807573504
1220174769682673674
1220174750925934593
1220174747197149184
1220174745737367552
1220174725315530752
1220174684148269056
1220174668784721922
1220174597057863680
1220174590942441472
1220174578451804161
1220174547531419648
1220174540916973569
1220174520490786817
1220174483442454529
1220174481529769984
1220174472017149952
1220174440060739585
1220174390421159936
1220174386843406336
1220174383173361664
1220174373174140928
1220174360276680705
1220174358707965952
1220174345257070593
1220174321538064385
1220174267234443264
1220174256807477249
1220174215300534273
1220174150360125440
1220174149798301696
1220174128415592449
1220174111873220608
1220174088074747904
1220174000262918144
1220173970613235712
1220173967048073216
1220173952145772544
1220173943518089216
1220173925713211392
1220173897737236485
1220173872403582976
1220173851503382530
1220173844280832001
1220173818297245697
1220173812010029056
1220173775703957504
1220173774387077121
1220173761900494848
1220173740819898368
1220173709463506944
1220173697115291648
1220173693407547393
1220173688697262081
1220173648369201152
1220173646385139712
1220173607751389184
1220173548389650434
1220173534124621824
1220173490780692480
1220173472136982528
1220173455749873664
1220173448942501888
1220173436280066050
1220173427798994945
1220173397558054912
1220173347213856768
1220173346840535040
1220173318466215936
1220173296596971520
1220173239155953664
1220173226954850305
1220173212262100993
1220173182407041024
1220173177457987584
1220173161968340994
1220173133132509184
1220173130980659200
1220173120612511744
1220173112773357569
1220173111045132288
1220173098508484608
1220173096222461952
1220173093206929410
1220173071551692800
1220173068129071104
1220173065243389952
1220173060537372672
1220173058914172928
1220173039658139649
1220172999036301313
1220172997404680193
1220172978400288769
1220172975728660480
1220172917452836864
1220172901137121282
1220172878055739392
1220172877728632832
1220172841493991425
1220172839996706818
1220172764738478080
1220172750465257472
1220172740700733440
1220172737462714368
1220172695632875521
1220172688473325569
1220172666818027520
1220172656684568576
1220172654876868608
1220172621242753024
1220172619325960192
1220172618055086080
1220172597788213248
1220172539026116611
1220172496772698117
1220172480163135488
1220172455580336129
1220172439813967872
1220172439520448513
1220172421652602880
1220172417349242880
1220172416149639169
1220172410290229249
1220172403008921601
1220172348822822912
1220172346385784833
1220172342531448832
1220172336353234944
1220172325082951680
1220172279780384768
1220172260968935424
1220172258573864960
1220172205272784896
1220172170870943745
1220172153976344576
1220172140692926464
1220172115644571649
1220172101807570944
1220172093666390016
1220172087278493696
1220172065963216897
1220172045058658305
1220172015421808644
1220171982077034498
1220171976880218113
1220171975034671104
1220171866071085062
1220171838439018496
1220171836694110208
1220171834080948225
1220171829878251527
1220171809405800448
1220171789684207616
1220171750253592576
1220171716204216320
1220171713343709184
1220171712060223489
1220171675460726786
1220171633232576518
1220171617453498368
1220171582955352064
1220171561354711040
1220171532514865153
1220171512683958273
1220171486574460928
1220171462096687105
1220171456039940096
1220171439535312908
1220171436481859584
1220171434586230785
1220171405603393536
1220171396858421255
1220171393565777920
1220171387219910656
1220171376599764992
1220171372950802432
1220171360703524864
1220171354936430592
1220171345603919872
1220171332853198848
1220171305883844614
1220171287797981184
1220171209993867265
1220171209419186178
1220171194130927616
1220171175965446145
1220171150279397377
1220171131019317249
1220171127764312065
1220171117249400833
1220171076069519363
1220171044322992134
1220171014820200449
1220171003956994050
1220171001058578432
1220170959451279364
1220170955814789122
1220170952161492992
1220170944733315073
1220170928304336897
1220170915499122688
1220170897987907584
1220170823681503235
1220170804354306049
1220170798532419584
1220170777586089984
1220170713539022848
1220170707197485058
1220170703887945729
1220170681809240064
1220170669293547520
1220170665711423488
1220170631053889536
1220170630626148352
1220170609537232897
1220170606471073792
1220170603895783424
1220170581347188737
1220170579287756801
1220170571457138693
1220170527635136512
1220170523847479298
1220170492163829761
1220170421837811712
1220170399314403329
1220170390179172352
1220170367181811712
1220170310873485312
1220170303982059521
1220170288563802112
1220170282737922048
1220170255172943872
1220170234633408512
1220170218833498112
1220170211162083331
1220170168556347392
1220170102290755590
1220170043117334528
1220170038486810624
1220170027418054657
1220169976176209921
1220169891145060353
1220169888955695105
1220169785234706432
1220169751445614593
1220169745548398593
1220169743073607682
1220169726657286149
1220169725809917952
1220169723607908352
1220169721040887808
1220169685171392512
1220169669316960256
1220169658826813440
1220169648571682817
1220169603969683456
1220169584323579908
1220169544037089282
1220169528438489089
1220169512193941504
1220169507299188738
1220169500714139653
1220169463556759553
1220169460167798784
1220169438911025155
1220169433378971648
1220169418866446336
1220169382568984576
1220169373676998659
1220169365816872960
1220169349325082624
1220169338558320641
1220169303707668481
1220169301560160256
1220169300591423488
1220169281134039042
1220169278013480960
1220169269566046208
1220169265493360640
1220169258354774016
1220169252793147392
1220169232412884992
1220169231804911617
1220169209612648448
1220169209054810112
1220169205607063552
1220169168542003200
1220169163638837250
1220169132345135105
1220169114171383808
1220169052779249664
1220169024685924352
1220169023280648193
1220169019560316928
1220169009133387777
1220168989961146369
1220168987729965057
1220168982361075712
1220168979525918721
1220168929286344704
1220168918154858497
1220168901150928897
1220168900018671617
1220168821253820416
1220168786877108224
1220168783903580160
1220168743608901632
1220168726575583232
1220168685953998848
1220168666798407681
1220168661048053762
1220168645428436993
1220168642031022080
1220168635202834432
1220168592072880130
1220168590445252608
1220168585697320960
1220168581813424129
1220168556471558145
1220168548422684674
1220168523848306688
1220168521524510720
1220168512293031938
1220168499865313280
1220168499726651392
1220168467384619009
1220168467304919041
1220168462754091010
1220168454323372034
1220168422891216897
1220168419770806275
1220168413764407297
1220168398023221248
1220168397498961921
1220168388137246721
1220168351957377025
1220168346592776192
1220168328611680256
1220168315961659392
1220168293337583616
1220168278435217408
1220168276598112257
1220168265609015296
1220168244633300992
1220168221182922754
1220168206087786496
1220168177687990272
1220168171564322818
1220168160977965057
1220168143391182848
1220168086474522625
1220168078836633600
1220168078270455808
1220168067218456578
1220168062613090305
1220168060268474368
1220168047152910336
1220168019885748224
1220168013200134145
1220168002261389312
1220167961895301120
1220167934175260672
1220167926361100288
1220167924494651392
1220167896900538369
1220167879271886850
1220167861299077121
1220167856551120897
1220167824968015872
1220167782119170048
1220167776242765825
1220167741493141504
1220167740968718337
1220167713948983296
1220167707145863169
1220167703656386560
1220167673897598977
1220167665945202689
1220167646089531392
1220167636341805057
1220167633879760896
1220167604293103616
1220167577873387520
1220167568071151616
1220167496897941505
1220167467437133824
1220167441197568001
1220167377607852032
1220167374898229248
1220167369999282176
1220167345596813314
1220167326869442561
1220167312990294016
1220167309962014720
1220167261073235969
1220167230853394432
1220167221625806850
1220167204265545728
1220167155888488448
1220167153954897922
1220167142689079298
1220167122522738688
1220167082165198848
1220167073252462592
1220167071197102081
1220167050422697987
1220167012657156096
1220166954519912448
1220166912421662720
1220166902921564160
1220166870998798338
1220166856205533186
1220166852229226496
1220166833413787651
1220166792406085635
1220166778312986624
1220166776694038529
1220166769874173952
1220166753545674753
1220166746935570433
1220166726580502528
1220166714542850048
1220166705365651456
1220166681860816897
1220166681017733120
1220166660516188161
1220166655105306624
1220166615825702912
1220166607411937280
1220166595059671040
1220166593793024005
1220166557877317632
1220166556988035073
1220166532442939393
1220166502546071553
1220166491544248320
1220166485550628865
1220166458891620352
1220166437072859136
1220166436548759559
1220166417594478593
1220166331242205184
1220166309196922880
1220166295687061504
1220166295246626816
1220166275688730624
1220166265890734080
1220166224723705856
1220166219908542464
1220166193182429184
1220166192704434177
1220166177558880257
1220166175969173509
1220166098705715205
1220166094838611969
1220166044733435904
1220165994456453123
1220165919382458368
1220165915830030337
1220165907617443843
1220165906963128320
1220165885572218880
1220165794652250112
1220165754277904384
1220165754080776193
1220165737894957056
1220165730823540737
1220165726276743168
1220165713811460096
1220165685310939136
1220165681020145664
1220165666512211968
1220165663773220864
1220165624334184448
1220165622346194944
1220165606508396544
1220165597557817344
1220165574212210693
1220165524060983296
1220165523134009345
1220165471887978497
1220165458298462209
1220165446240014336
1220165423439785987
1220165422508462080
1220165415634030592
1220165403025895424
1220165402627469312
1220165401558077446
1220165385372069888
1220165339222302720
1220165338387451905
1220165307748118528
1220165291000250369
1220165265972957185
1220165263246540802
1220165240857346048
1220165202030628867
1220165187136675840
1220165178194628609
1220165169168314368
1220165160054087686
1220165156107239425
1220165152688885760
1220165142052249600
1220165140944867329
1220165123672854529
1220165123102384128
1220165107012919296
1220165101795176448
1220165056492556288
1220165046757539840
1220165043947335681
1220165041745465345
1220165013224054784
1220165006685171712
1220165002964791296
1220164998300758016
1220164946433990656
1220164932378845184
1220164926234415104
1220164918285987840
1220164902314070016
1220164899973689346
1220164884509233153
1220164874770272256
1220164874354843648
1220164864930267136
1220164864502460416
1220164858387152896
1220164851051331585
1220164845762314245
1220164839752065026
1220164824539119616
1220164777537785859
1220164769849782277
1220164743668744193
1220164734714089473
1220164731719372800
1220164703831199744
1220164702988197888
1220164658956509185
1220164654581927937
1220164638404497408
1220164623631958016
1220164609295802368
1220164597304287232
1220164594930454528
1220164572838907905
1220164539943178246
1220164508003364865
1220164441154584576
1220164439611203586
1220164395780562945
1220164385009590272
1220164354621853697
1220164325521756160
1220164282433691648
1220164281922023425
1220179330430590976
1220179310188908544
1220179260784160768
1220179249451216896
1220179212352528389
1220179135978360832
1220179078742831104
1220179073852420097
1220179051979182081
1220179011084550145
1220179010057056256
1220179007934623744
1220178997352566785
1220178936094654464
1220178935222358017
1220178932642672640
1220178926204571648
1220178926175125507
1220178922052018176
1220178892113293312
1220178873536610306
1220178854364377089
1220178780955840518
1220178769660350465
1220178705168732162
1220178700928339968
1220178692883664897
1220178675745861633
1220178672247767040
1220178667759964161
1220178616736190471
1220178613976346624
1220178610683891717
1220178595529789440
1220178521433219072
1220178518820167681
1220178505599569920
1220178477682319360
1220178420346314752
1220178418139947009
1220178378730491904
1220178361647030273
1220178183313641473
1220178182223093760
1220178150958813184
1220178150769995777
1220178094100754432
1220178081417220096
1220178049783750656
1220177994955640832
1220177992661397504
1220177984121921537
1220177980540051456
1220177977880666113
1220177955772461056
1220177940966670337
1220177939616002048
1220177901976375296
1220177860226244614
1220177855050420224
1220177851565010944
1220177850105507841
1220177836104876032
1220177805444407297
1220177770665279488
1220177734678253575
1220177720518365184
1220177688628879360
1220177680441561089
1220177651081474048
1220177639454969856
1220177623881519104
1220177585595830272
1220177575151980545
1220177565941284865
1220177547385638913
1220177465739485184
1220177437062881280
1220177425931341824
1220177395904368641
1220177392406126593
1220177366737047552
1220177339281297408
1220177329470812165
1220177251523866625
1220177248042373121
1220177211069734915
1220177145814585344
1220177112587362304
1220177086327009284
1220177028613361669
1220177022405632001
1220176978944446465
1220176944119144448
1220176872882860032
1220176823796912130
1220176764342681600
1220176746324074496
1220176616627884033
1220176576651956225
1220176573816459264
1220176554677784577
1220176533668663299
1220176509547114496
1220176494959321088
1220176374813593601
1220176357604364288
1220176327291981824
1220176297952854017
1220176270748598272
1220176266105507840
1220176233004138497
1220176207624331264
1220176178675216385
1220176178008354816
1220176079576584192
1220176076971724800
1220176042700279808
1220175986299293696
1220175983845822465
1220175963088093184
1220175927922966529
1220175836747370501
1220175824998944768
1220175823635976192
1220175760146583552
1220175751946829825
1220175703179575296
1220175646736863233
1220175618005798912
1220175580018049026
1220175532924399616
1220175473470251009
1220175455992586243
1220175431015337984
1220175425260834816
1220175409809149953
1220175366561517568
1220175351806119936
1220175302996815873
1220175258159808512
1220175255555043328
1220175254850625537
1220175233216155648
1220175214069219328
1220175195681382400
1220175191222841345
1220175185501880320
1220175163209265154
1220175073790873601
1220175056933920769
1220175034540601345
1220174980530368512
1220174924108701696
1220174795603677185
1220174791354847233
1220174787634331649
1220174780738887680
1220174768625811457
1220174711759327237
1220174693719777289
1220174687726120960
1220174664414068737
1220174655249514496
1220174619128233984
1220174591659634688
1220174541265063937
1220174489339625472
1220174483480289281
1220174443370074112
1220174434008350721
1220174411946315776
1220174392107438080
1220174381940236288
1220174341842919426
1220174293436420097
1220174281486807040
1220174252311138304
1220174197328109569
1220174180932554753
1220174131859206152
1220174091329495040
1220174064901394432
1220174060430090240
1220174060161617920
1220174052209254402
1220173981610905602
1220173899196813312
1220173853634310144
1220173840023605248
1220173814048284672
1220173735178723329
1220173708662317056
1220173680178647040
1220173606438596610
1220173538176442368
1220173537849364480
1220173525916508161
1220173523152330752
1220173519213883393
1220173519029325824
1220173504999411712
1220173417174851584
1220173415404883970
1220173400745893888
1220173391933714441
1220173378948149249
1220173356194062338
1220173341551517696
1220173340930760704
1220173335205572609
1220173309888745472
1220173213344456705
1220173201591980037
1220173188258201603
1220173154880053253
1220173131135897600
1220173108524371968
1220173059564429312
1220172985828405249
1220172955839320066
1220172944682258432
1220172926349205506
1220172900482682880
1220172854232154112
1220172849228500992
1220172843905961984
1220172826327470080
1220172782761172993
1220172773739368449
1220172759969320963
1220172759809937410
1220172715048558592
1220172685717790721
1220172630965141504
1220172553873952768
1220172533208498176
1220172456096419840
1220172416963502080
1220172371425996801
1220172336986382337
1220172291759194112
1220172280904343552
1220172221081100289
1220172162524491776
1220172159273750530
1220172158200176642
1220172158120419328
1220172145826856961
1220172121713676288
1220172113291538432
1220172070522441729
1220172064780193793
1220172050448306177
1220172040381988866
1220172037815070723
1220172029787115521
1220172028562403328
1220172014763364353
1220172001178013696
1220171986875363328
1220171868067352578
1220171843459567616
1220171836211834880
1220171827898540034
1220171809363877889
1220171793270362117
1220171778107957248
1220171774572335104
1220171703239741440
1220171685011148800
1220171680137433090
1220171665969242112
1220171657647513600
1220171649074462729
1220171604170166273
1220171580569014273
1220171558016016385
1220171537988276224
1220171526651154432
1220171478991159296
1220171452860768256
1220171451187310594
1220171383021289477
1220171343867584514
1220171283075174400
1220171226053738502
1220171181460021248
1220171051495251968
1220171021061279747
1220170998655225857
1220170986047385602
1220170972751220736
1220170961036685313
1220170947082235904
1220170940908072960
1220170908871974912
1220170887254560768
1220170829897457665
1220170764130947072
1220170719113437184
1220170701216284672
1220170699957993472
1220170633138409472
1220170609080008707
1220170607444156417
1220170557074788352
1220170541203542017
1220170530294099968
1220170522333331456
1220170487843770368
1220170470558797824
1220170421699395585
1220170414707609606
1220170388824449024
1220170336794136576
1220170301947940866
1220170301188845568
1220170298370273281
1220170264220065792
1220170255504433154
1220170240866365440
1220170155486920704
1220170139313811457
1220170060603494400
1220170023639166976
1220170010657804288
1220169968828010496
1220169894228123648
1220169849835421696
1220169843300761601
1220169750451539970
1220169612354105345
1220169566124294144
1220169553499623429
1220169532343492608
1220169435635441664
1220169422159171584
1220169414898634752
1220169309458182145
1220169302780841984
1220169274448326657
1220169263903858689
1220169104004222977
1220169060446437376
1220169038216589312
1220168997263433729
1220168994319228929
1220168979852951552
1220168944075649025
1220168906423226368
1220168886701654018
1220168869265850368
1220168855064141825
1220168845094158338
1220168796326985728
1220168748172222466
1220168746792296448
1220168709479829504
1220168701837742081
1220168679934947328
1220168646649098241
1220168641620037632
1220168612822032385
1220168595583442948
1220168576956420096
1220168426032730112
1220168385196986368
1220168383599005697
1220168379341950977
1220168303043170304
1220168295866781702
1220168285393567744
1220168193458589697
1220168168389455872
1220168152467812352
1220168127008399360
1220168122948374530
1220168060142669825
1220168029109211137
1220168011811680256
1220168008901054464
1220168001703510020
1220167990022373376
1220167976583933952
1220167968652394506
1220167918664601600
1220167892160974848
1220167885986746369
1220167842353549312
1220167807230529538
1220167800968314881
1220167777643827201
1220167724967481345
1220167709574385665
1220167642042052608
1220167563797245952
1220167561066827778
1220167484243836928
1220167454510456835
1220167452237221888
1220167451490390016
1220167451285037061
1220167315632750592
1220167286192996352
1220167282007080960
1220167281227063296
1220167272574132224
1220167254639247361
1220167245013377024
1220167200763285510
1220167194358628352
1220167126008377344
1220167123294703616
1220167113370767360
1220167112163057665
1220167101283012609
1220167070916206593
1220167031703494658
1220167005824856067
1220166988984541184
1220166954897547264
1220166926665535489
1220166922945343494
1220166862878625792
1220166854188118025
1220166798689128448
1220166783610576896
1220166781345681409
1220166780192051200
1220166775628881920
1220166763863736320
1220166736336437249
1220166712399749120
1220166689590919169
1220166683400097793
1220166627360038912
1220166606367621121
1220166603305824258
1220166570426732546
1220166553703976964
1220166530987520000
1220166526902235136
1220166485970014208
1220166481754959872
1220166459235553281
1220166456379412481
1220166391724199936
1220166378419867648
1220166363291049984
1220166268008964096
1220166229299621888
1220166139361349633
1220166085091028992
1220166012919828480
1220166005206540288
1220165970154545152
1220165961841438720
1220165960436461574
1220165943566966789
1220165905595813890
1220165902571835393
1220165892283105280
1220165858711896064
1220165851761999872
1220165824842891264
1220165815493890051
1220165799689641984
1220165771264806912
1220165754382884865
1220165730974552065
1220165723852394497
1220165702335660032
1220165688486064128
1220165684434358272
1220165640285110273
1220165625043091461
1220165617942061056
1220165614548815873
1220165591631388673
1220165582496157696
1220165540963971073
1220165533519220736
1220165533401661440
1220165531275268096
1220165503395815425
1220165479395995650
1220165462710874112
1220165433590001664
1220165431815700480
1220165423586406400
1220165388161425408
1220165381647732736
1220165359455625217
1220165352065327106
1220165301104328704
1220165295911788545
1220165251133390849
1220165168837152768
1220165140663791619
1220165132413624320
1220165125342220289
1220165031503048704
1220165011517001729
1220165002692349952
1220164980718202880
1220164920420990976
1220164916906274816
1220164913584275456
1220164903832629250
1220164805190963200
1220164805035610117
1220164775188942848
1220164750421692423
1220164749188616194
1220164739168382976
1220164706264064000
1220164690619314176
1220164665147158528
1220164664035815425
1220164651284959232
1220164594917953541
1220164581529542657
1220164499984068608
1220164447680884736
1220164447672471559
1220164431965016064
1220164350029123585
1220164347592413185
1220164338863964161
1220164309852000256
1220164299068338177
1220164295658369024
1220164254113902593
1220164244924067840
1220178649430687744
1220178470895927296
1220178461513240576
1220178325894770688
1220178217669033985
1220178040761643008
1220177922968846337
1220177556562829312
1220177519657259010
1220177406842900480
1220177338614173696
1220177026205638656
1220175904510365697
1220175619134115842
1220175542772629504
1220175141377724416
1220174819380981765
1220174284410146818
1220174058370883586
1220173921657294850
1220173894163845125
1220173744364085248
1220173271804477440
1220173257548021760
1220173245527101440
1220173204259364864
1220172522999541760
1220172262290219008
1220172195244036096
1220172102327771138
1220171952419028992
1220171439107538944
1220171437031321600
1220170471062138885
1220170372726657024
1220170023421063168
1220169896337625088
1220168004039860225
1220167067430793217
1220166794649858048
1220166458065346560
1220166295267745793
1220166084239605766
1220165704739016704
1220165291054981120
1220165105645649924
1220164882126995456
1220179323883151361
1220179312269320192
1220179273941544961
1220179252865167361
1220179222053810177
1220179176881369088
1220179165615276033
1220179165166669824
1220179160091394050
1220179108891525122
1220179091695001601
1220179075668508672
1220179042961367040
1220179014469345281
1220178878448095233
1220178875038171136
1220178824387801088
1220178757924749312
1220178720171941890
1220178657689337856
1220178656766484480
1220178636571127808
1220178625917374464
1220178589087232000
1220178560599482368
1220178496892203009
1220178421625446400
1220178413668962304
1220178408627494913
1220178404038889472
1220178402293899266
1220178387785748480
1220178381439766530
1220178321398362112
1220178304604524545
1220178235423485952
1220178215748063233
1220178206889857024
1220178095820267520
1220178033241395202
1220178020230750209
1220177833093259265
1220177726117576705
1220177708891525120
1220177629761818625
1220177618676248576
1220177616977760257
1220177568235761664
1220177444344188929
1220177405471424513
1220177393425403904
1220177377843564544
1220177351826386947
1220177350400212994
1220177320251707393
1220177269399965697
1220177218858409984
1220177178467295232
1220177163216797697
1220177155260407808
1220177117679321090
1220177064726122496
1220177025110958080
1220176998703611904
1220176975114821632
1220176971054714880
1220176882588504066
1220176878062817281
1220176866100645894
1220176817056833536
1220176810958131202
1220176744600092672
1220176733766184960
1220176699498881025
1220176695308832769
1220176673594888199
1220176663469793280
1220176644327034880
1220176638161379328
1220176455558025216
1220176450931785728
1220176448671100929
1220176259407212545
1220176252759228416
1220176246719553539
1220176185247727617
1220176062828683264
1220176048026832896
1220176034307485702
1220176015822966784
1220175989847752704
1220175960718266369
1220175934873133056
1220175818397143047
1220175808096100352
1220175794099482624
1220175790643351555
1220175787258609665
1220175773488697345
1220175765376864262
1220175757676138496
1220175707730399232
1220175681138524160
1220175672129159168
1220175634934026245
1220175626662924290
1220175606891065344
1220175599345340416
1220175580525625349
1220175561344995328
1220175530097442817
1220175473398951936
1220175437420040193
1220175397851213824
1220175253122568198
1220175224324358144
1220175183375257600
1220175124667568130
1220175123572936705
1220175094229716998
1220175078647664641
1220175051770793984
1220175043826802688
1220175000205815810
1220174978781368321
1220174968991952897
1220174934057668608
1220174891858767878
1220174822589620224
1220174789215604736
1220174653148123142
1220174638128304128
1220174611632885761
1220174529345081344
1220174405696811008
1220174376512835584
1220174350298411008
1220174275627274241
1220174245961093121
1220174221453586432
1220174220920909829
1220174161068212224
1220174148179087360
1220174064016228352
1220174063018049536
1220174024325513221
1220174005136551936
1220173992402702337
1220173968361119749
1220173954461007873
1220173934445899778
1220173927894470661
1220173917182033920
1220173899687575552
1220173892112801792
1220173860428926977
1220173855211184128
1220173825935015937
1220173817739276289
1220173809170255872
1220173745773588481
1220173637094821889
1220173627418533893
1220173565888225281
1220173561211637763
1220173440532926465
1220173407792164865
1220173325210718210
1220173321259618308
1220173294558760966
1220173291576602625
1220173290901139456
1220173282957090817
1220173264787345409
1220173229114834945
1220173209485500418
1220173174974881792
1220173147632070657
1220173126979538944
1220173113985421312
1220173067332222979
1220172997232717824
1220172965347844098
1220172925581565952
1220172905889185792
1220172893499183104
1220172877221072896
1220172836242952193
1220172822263132163
1220172769549119488
1220172711814549510
1220172643048943617
1220172630851870720
1220172629669072897
1220172530549284865
1220172498131550208
1220172459116199936
1220172440476831745
1220172438257983490
1220172337212948480
1220172320112881664
1220172273304457216
1220172235614363648
1220172180698234880
1220172155201183744
1220172097307250688
1220172042412208129
1220172013618237440
1220172012636778497
1220171945444028416
1220171922346053632
1220171874056822784
1220171813524852736
1220171811196817409
1220171796802084864
1220171791634698245
1220171749284663296
1220171713125724166
1220171623765905409
1220171576949141504
1220171558519336961
1220171471021936640
1220171444191223808
1220171437635334144
1220171310841634816
1220171304189382656
1220171291203780610
1220171284023300097
1220171182546223104
1220171171943145472
1220171153513291781
1220171153077166086
1220171112199458816
1220171086156853248
1220171064606707713
1220170902744305664
1220170898067476480
1220170880036171776
1220170878203367426
1220170826042892288
1220170825975894019
1220170797316108288
1220170788604563456
1220170750998401024
1220170700087951361
1220170697923792898
1220170641363460096
1220170583884779520
1220170578205822977
1220170573604642822
1220170537718161408
1220170439760207872
1220170416905310210
1220170415265538049
1220170378502381569
1220170370126245888
1220170365353152512
1220170309631987713
1220170161337950213
1220170136792944640
1220170114299060225
1220170095449776136
1220170080983470080
1220170075228889088
1220170067188436992
1220170054173708288
1220169917200076801
1220169914624798720
1220169889937162241
1220169846781952000
1220169839324479490
1220169820085186560
1220169776690913280
1220169682604515333
1220169663046250496
1220169647254671361
1220169635066073088
1220169555265257477
1220169534662799365
1220169459870007296
1220169459681255424
1220169336301604864
1220169284078329856
1220169280802652161
1220169264239276032
1220169232018759681
1220169174275764224
1220169173768331265
1220169088728616961
1220169085457063938
1220169071829737475
1220168990602870784
1220168986240921600
1220168983728361472
1220168968180133888
1220168967366610946
1220168962387988481
1220168945295953920
1220168939444961285
1220168910223233024
1220168902690426882
1220168883111264256
1220168870339600384
1220168824336437249
1220168790094180352
1220168756602667009
1220168738684620801
1220168728643457024
1220168697823649793
1220168672653656064
1220168645122367490
1220168634409963521
1220168532199006208
1220168517850468353
1220168501232467969
1220168385637408768
1220168374979829763
1220168355497365504
1220168351038738432
1220168344403247104
1220168334768996353
1220168324203655168
1220168232159498242
1220168209460015105
1220168150777573377
1220168133723541506
1220168087208693760
1220167943109185536
1220167925975392259
1220167913325432833
1220167909315678214
1220167829149843457
1220167794270011392
1220167729375629313
1220167709163319296
1220167650573258754
1220167615349284864
1220167590779056129
1220167513524203522
1220167477159591944
1220167433433911296
1220167426635108352
1220167426307837952
1220167423262887937
1220167411632132096
1220167407878230017
1220167401339113472
1220167373241454592
1220167369097527296
1220167364311863296
1220167267763281920
1220167237232812032
1220167229582372864
1220167109826596864
1220167090147033088
1220167028108955648
1220167009192890369
1220167002867863554
1220167002138009602
1220166952766726144
1220166843526049793
1220166781479915520
1220166655776444416
1220166524310302720
1220166503133138944
1220166495654875137
1220166482262233088
1220166432685772802
1220166419121410054
1220166407377154051
1220166368642859013
1220166360770076672
1220166336644636672
1220166291287265281
1220166272446607361
1220166234697883649
1220166154297077760
1220166088475865089
1220166057689677824
1220166042732810240
1220166022914871296
1220165986365534208
1220165834452193281
1220165800708861952
1220165799903711234
1220165748695240704
1220165745620860928
1220165695146799104
1220165690222510080
1220165682031022080
1220165648476565504
1220165643921551360
1220165609339490304
1220165602460889088
1220165589513228288
1220165562405441537
1220165535381389312
1220165532986396673
1220165505060753408
1220165479613923329
1220165324001046530
1220165313725001728
1220165296721252354
1220165229595676672
1220165208683044865
1220165190630760448
1220165163317202944
1220165140621869057
1220165115762204672
1220165096699154437
1220165066500100096
1220164998128906240
1220164983432142848
1220164974359863299
1220164936510214144
1220164891295662080
1220164850283737088
1220164837398835201
1220164775298191360
1220164755215679488
1220164699955720192
1220164697736892416
1220164654422315008
1220164548084322305
1220164541381660672
1220164511971233792
1220164483781296130
1220164432313098240
1220164427263012865
1220164419289616384
1220164416106323979
1220164402210459649
1220164372095365121
1220164370421796864
1220164366089113601
1220164365271420928
1220164362893250566
1220173277638938624
1220173239458127872
