1219755883690774529
1219755875407224832
1219755707001659393
1219755610494861312
1219755586272813057
1219755378428338181
1219755293397012480
1219755288988798981
1219755197645279233
1219755157438828545
1219755143748558849
1219755033006366722
1219754976622215169
1219754815388958720
1219754684967112705
1219754481006645253
1219754279659016198
1219754242732449792
1219754232498266112
1219754229394329600
1219754219177201664
1219754166622416896
1219754028957085698
1219753933968592897
1219753865802895361
1219753863940648965
1219753500554465281
1219753470116421636
1219753292571594754
1219753046311342091
1219752899636613121
1219752433921880064
1219752383883960320
1219751997794062337
1219751937089949696
1219751790654185473
1219751426471137281
1219751345944715264
1219751321340907520
1219751287027187713
1219750935112704002
1219750541250760708
1219750044150063104
1219749960431931392
1219749935945605122
1219749757888925698
1219749319038984192
1219749275372007427
1219749048229355520
1219748953836720129
1219748719756636160
1219748381276307456
1219748355363962884
1219748239123062784
1219748139130769408
1219748061553004544
1219747843373772800
1219747786071007232
1219747749031268355
1219747491265929217
1219747361473298434
1219746991850258437
1219746664342155265
1219746544955453441
1219746508955967488
1219746235038474243
1219746203652456448
1219746154621165568
