1219786559450316806
1219786281003012097
1219786170177073152
1219786112325111809
1219786102590099466
1219786101151469569
1219786091793829888
1219785796208746497
1219785759277772800
1219785706505035776
1219785691019776000
1219785670417358852
1219785654227230720
1219785600921997313
1219785340153745413
1219785324013981697
1219785251314196480
1219785007952285696
1219784700425715712
1219784626253828096
1219784477024641031
1219784422049882112
1219784288687792128
1219784126762385414
1219784113588260865
1219784027625816064
1219783944192679936
1219783589648158720
1219783521818030080
1219783509147115521
1219783336081539073
1219783273519423495
1219783131747831808
1219782427825983488
1219782254576263168
1219782244388298753
1219781988674166784
1219781870944079873
1219781732746104834
1219781517787922438
1219781515573248000
1219781104653213701
1219781023023685633
1219780718680633344
1219780650233810945
1219780443450552326
1219780391491579904
1219780358717280256
1219780294036815873
1219780017594470402
1219779912678232064
1219779715780628480
1219779675339157504
1219779506442948608
1219779453901058049
1219779091173429252
1219779027877036033
1219778986802155520
1219778938907459589
1219778891134525441
1219778881936216064
1219778666877448192
1219778634019483648
1219778617510678528
1219778600808800256
1219778294238699520
1219778207202914305
1219778142732156928
1219778053167099904
1219777910610878464
1219777852981284864
1219777847117713408
1219777744432586752
1219777473094791168
1219777385106530304
1219777379930865664
1219777134958280704
1219777096966340608
1219777055778230272
1219776948420927488
1219776872386613254
1219776701435195392
1219776610938900482
1219776448812273664
1219776388758065152
1219776258160177153
1219776216456224770
1219776192368250883
1219775948184260609
1219775916827480065
1219775789270351873
1219775732957605889
1219775555626729474
1219775534437031936
1219775491554476032
1219775422738706435
1219775214965293056
1219775213283483649
1219775139719438336
1219775121398747136
1219775070748450816
1219774984245084162
1219774848047570944
1219774843652132864
1219774331556913159
1219774267153375238
1219774205849489408
1219774205362941954
1219774023246192640
1219773791888216064
1219773685180981253
1219773434500173824
1219773410743476226
1219773363985342464
1219773234838736897
1219773165691256837
1219772993586499584
1219772902486224896
1219772687737741312
1219772648466604043
1219772607681220609
1219772539657912329
1219772520687120384
1219772340558614528
1219772303690608640
1219772159603527683
1219772064296361986
1219771981056200704
1219771665762213888
