1220101986881875970
1220092287318929411
1220089749588844546
1220103803552141314
1220103781003776001
1220103718747672577
1220103701571833856
1220103687105863680
1220103619787345929
1220103618147295237
1220103608986894336
1220103558097514496
1220103549318836226
1220103491949121537
1220103464186978304
1220103435942383616
1220103419450388481
1220103403826810888
1220103389171847168
1220103381525630977
1220103369655758848
1220103340060807173
1220103322792689664
1220103320200716291
1220103298314731521
1220103296012210183
1220103295533899776
1220103279620902912
1220103277100052480
1220103245789614080
1220103240827768833
1220103235878490112
1220103161991630849
1220103111760629760
1220103077497331712
1220103047369588737
1220103028671254529
1220103024925908994
1220102931753639938
1220102911465836545
1220102900308987908
1220102898199203841
1220102892419518465
1220102890393608199
1220102874421583873
1220102773036896256
1220102762186313728
1220102759321604096
1220102751931244544
1220102742867435522
1220102716006883329
1220102624302653442
1220102616539189248
1220102603171868682
1220102602748256264
1220102597501018112
1220102543621021696
1220102527691239522
1220102463631564800
1220102459114151937
1220102412859514887
1220102394614353930
1220102325554958336
1220102319653543936
1220102310262722561
1220102255636099073
1220102207225372673
1220102192520187906
1220102186773950465
1220102168092561409
1220102164862980098
1220102144239366144
1220102134672191488
1220102102464241665
1220102080276434944
1220102072688836609
1220102040568811520
1220102024596992005
1220102002518241281
1220101987125075969
1220101960352714752
1220101931684769792
1220101886553944064
1220101836360675328
1220101812897841152
1220101801321488384
1220101755188498433
1220101714491011072
1220101710951145474
1220101646803505152
1220101611109920773
1220101559733932032
1220101553039855623
1220101508315873282
1220101467895476224
1220101451441147908
1220101428494176256
1220101386999824396
1220101373246623745
1220101346403274752
1220101338761191424
1220101330510983168
1220101290082164736
1220101267697041408
1220101256649134082
1220101238429114368
1220101232791937024
1220101218170757120
1220101209668882441
1220101194627969025
1220101185669148673
1220101185572495361
1220101079125385216
1220101062352261127
1220101049400397824
1220101037123653634
1220101026398769153
1220101014994505728
1220101001262313473
1220100996635992064
1220100990600388608
1220100960032133120
1220100880512573447
1220100854637662208
1220100827471368192
1220100799763755013
1220100734982578176
1220100708860514304
1220100674333048836
1220100659992768513
1220100648043192322
1220100634155728896
1220100627721859072
1220100624265678855
1220100556607447040
1220100527372951552
1220100513544441857
1220100495634767872
1220100474956910596
1220100464315916294
1220100437392707586
1220100436817932289
1220100418186858497
1220100397500469249
1220100392148783110
1220100378336858121
1220100376562548736
1220100374025162753
1220100365829304320
1220100363405021184
1220100355683303424
1220100340667899904
1220100337459007488
1220100323852812293
1220100314545586176
1220100304768663552
1220100292844195841
1220100278143410183
1220100276679577607
1220100265732452353
1220100208031358977
1220100183771336704
1220100144202424321
1220100131225264128
1220100126435311616
1220100111683981319
1220100054796636160
1220100044591943680
1220100012467605505
1220100002313314311
1220099996130787328
1220099992985059328
1220099989810139142
1220099978921512960
1220099971145273350
1220099944494829569
1220099943601491968
1220099940032139267
1220099915759616003
1220099894817513472
1220099891348656128
1220099880250638336
1220099867294363649
1220099851121307654
1220099839566008324
1220099817998704640
1220099804166004738
1220099802798743552
1220099774701015040
1220099730094592000
1220099724717543424
1220099662520242176
1220099648318246915
1220099628147904513
1220099533868322818
1220099530810630145
1220099476221644800
1220099473155805186
1220099469838077952
1220099449185112064
1220099447352438784
1220099433498664960
1220099433293078531
1220099420898971657
1220099376766509057
1220099375856259072
1220099372630802432
1220099359930347520
1220099338363265025
1220099311758913537
1220099305450754048
1220099298400112648
1220099270931513349
1220099239960883202
1220099234881556480
1220099220331364354
1220099175074992141
1220099150529925122
1220099146541096960
1220099145614135296
1220099128111157249
1220099123497431040
1220099081969623042
1220099063137259521
1220099059031191552
1220099043000537088
1220099036662968320
1220099028173479936
1220099004194672640
1220098995063681024
1220098926218489857
1220098864159567875
1220098862762905600
1220098824368246785
1220098812569686019
1220098807796510720
1220098763458535424
1220098761654857729
1220098736824565760
1220098728943652864
1220098720173191169
1220098718462095360
1220098692394278913
1220098684660174848
1220098678502973440
1220098661700505600
1220098635414822912
1220098630864056320
1220098615516884992
1220098572227686407
1220098534269247490
1220098531601584130
1220098531396071425
1220098530947276800
1220098530741760002
1220098523074453504
1220098482100408320
1220098431336796161
1220098411116072960
1220098401859141633
1220098387875418113
1220098316056383496
1220098307155824644
1220098298259726341
1220098264357392386
1220098261085802496
1220098208774402049
1220098186674569216
1220098130038812672
1220098099663777793
1220098085482913792
1220098057603174400
1220098054537261058
1220098045498609666
1220098026817060864
1220097987625594880
1220097930129965056
1220097924618686464
1220097903223623680
1220097893295644674
1220097863344062471
1220097829387096066
1220097824328683529
1220097819811467265
1220097794180034562
1220097761057611787
1220097755638423552
1220097739851100160
1220097736466407425
1220097730485243904
1220097664534089729
1220097643952640001
1220097590714425344
1220097585471533058
1220097564818563072
1220097542916050946
1220097531109093376
1220097510611382273
1220097500440416257
1220097467640950785
1220097406055997440
1220097404826832897
1220097370316328960
1220097355233415168
1220097341610311680
1220097283255087106
1220097274791022592
1220097243899944961
1220097221837889538
1220097208378429448
1220097191467016193
1220097189344501761
1220097131475660800
1220097129139453952
1220097102841204739
1220097097715810304
1220097076370870272
1220097069937045504
1220096996008169477
1220096972373184512
1220096956057387008
1220096947727585280
1220096943793364997
1220096939506782209
1220096916912070656
1220096909488087041
1220096864441077760
1220096851623346176
1220096779359641600
1220096711575642113
1220096689094021121
1220096678713151488
1220096642306564097
1220096609167396864
1220096592956424192
1220096529748447232
1220096479295082497
1220096438622752768
1220096436534153216
1220096430947422216
1220096429072494592
1220096406687571969
1220096353864421378
1220096346398580737
1220096328082055171
1220096312202465280
1220096312126922756
1220096310381928448
1220096302962434061
1220096279130230784
1220096239955578881
1220096214911328256
1220096208171163650
1220096200071766016
1220096190982885384
1220096157206097925
1220096156493139972
1220096051379499008
1220096028260491264
1220095963135692801
1220095946819850243
1220095916180492289
1220095866675122176
1220095858634608641
1220095813696872455
1220095782315024384
1220095780620361728
1220095772554858502
1220095768167620608
1220095748722905091
1220095741009584128
1220095723477393408
1220095722801881089
1220095718163128320
1220095713331335168
1220095700710486017
1220095695505350656
1220095655097466880
1220095652052578307
1220095649066233857
1220095632809119745
1220095610440835073
1220095577301684228
1220095559052038144
1220095540798590978
1220095523908214784
1220095509630726146
1220095433311162369
1220095425534820352
1220095403065872384
1220095402868908035
1220095394958450690
1220095394274738179
1220095346174496777
1220095324871700484
1220095297017114624
1220095219720474624
1220095196949557248
1220095147389726724
1220095134647443457
1220095131371442176
1220095108818853889
1220095078049427463
1220095076254175232
1220095046470393856
1220095013712994311
1220094945601691649
1220094934683799552
1220094867793240065
1220094862982287375
1220094861891842049
1220094827913674753
1220094819093090306
1220094809697710080
1220094805293838336
1220094786918502403
1220094784926126080
1220094782438952960
1220094743214022656
1220094702600347648
1220094702076268546
1220094680379150341
1220094678474715136
1220094656299618304
1220094652805611520
1220094649131388928
1220094613664550913
1220094586317656067
1220094565383917568
1220094544718548993
1220094504117522433
1220094494189801472
1220094490746195969
1220094482282090503
1220094386341601280
1220094331257749504
1220094313377517570
1220094307123621888
1220094293001613319
1220094292607295488
1220094284705288197
1220094277826596865
1220094255219167232
1220094244469248001
1220094194137673730
1220094139590684674
1220094117969039360
1220094095932170240
1220094091503067136
1220094053469036545
1220094027531542528
1220094022993182720
1220094005083627521
1220094003716034560
1220093981645770754
1220093964440821764
1220093919230341120
1220093896165920770
1220093869632548865
1220093866747006976
1220093853589475332
1220093828625027076
1220093788024033281
1220093780906446848
1220093769380442113
1220093746118787078
1220093735972868096
1220093728507023360
1220093727793745920
1220093726250287104
1220093721007489028
1220093707015180288
1220093691903299584
1220093682688413696
1220093644004380672
1220093632105066498
1220093620696436737
1220093584327749632
1220093573237837824
1220093561900863494
1220093531819249666
1220093481827422208
1220093472046305281
1220093469567475713
1220093461606604802
1220093431466332162
1220093417281216512
1220093331860082688
1220093329129472000
1220093310838198273
1220093271445254145
1220093221101035520
1220093218496315392
1220093177488605184
1220093173508313088
1220093166201769986
1220093146530557953
1220093124879491072
1220093087936065537
1220093051927875584
1220092980335431683
1220092943412944896
1220092918033190913
1220092902744952833
1220092881156935687
1220092869635166208
1220092835497512960
1220092824609161216
1220092808163463169
1220092763548672000
1220092738789572608
1220092726697435136
1220092707730853889
1220092685358436352
1220092652802146305
1220092639221030912
1220092631218376705
1220092567875915776
1220092522648821760
1220092518047604742
1220092500498513920
1220092457444134913
1220092326103736320
1220092253806440457
1220092235405901826
1220092214472134656
1220092193899196416
1220092189558091783
1220092172961304577
1220092161527513090
1220092098709352448
1220092094255190017
1220092086805987328
1220092033970450433
1220092032972214274
1220091968484569088
1220091962289725443
1220091928231993350
1220091844865990657
1220091813005942784
1220091797134807040
1220091796539265024
1220091791086641153
1220091730764021760
1220091729119981570
1220091657841971206
1220091607212609540
1220091585356091393
1220091572290613250
1220091549863858182
1220091529399762944
1220091513964781568
1220091508289757184
1220091501012824064
1220091464698486785
1220091461406011393
1220091460739051520
1220091381097603072
1220091369718333440
1220091337007095816
1220091330723897344
1220091306535522304
1220091296934744065
1220091169876725761
1220091161488039937
1220091071541022720
1220091066587762689
1220090982881882112
1220090974099120128
1220090910249123840
1220090857136840706
1220090837809283072
1220090818310045696
1220090798043271169
1220090750228148224
1220090746608308224
1220090706871455744
1220090704795443207
1220090674420150272
1220090658150604805
1220090656900767747
1220090618803699712
1220090611971305475
1220090586151124993
1220090579087872000
1220090577212997632
1220090526055092226
1220090521038790656
1220090506954379264
1220090488298049541
1220090486620291072
1220090444584849408
1220090428931878912
1220090407754723328
1220090368827568129
1220090350070464512
1220090346937507846
1220090324661329921
1220090322979643393
1220090302150524928
1220090249344319488
1220090192456974336
1220090184286404608
1220090183808364544
1220090156369301505
1220090132021182470
1220090075247038464
1220090058365116416
1220090035476803584
1220090012118716416
1220089985451220992
1220089961635971072
1220089927624466434
1220089920456290304
1220089830367023106
1220089825317072896
1220089805725470720
1220089756001935361
1220089741737152512
1220089737907539969
1220089721378033664
1220089717221404672
1220089703577399296
1220089676968681472
1220089674414215168
1220089672195551239
1220089636686614528
1220089635906510849
1220089602431574016
1220089601458679808
1220089600942624769
1220089571205054467
1220089541618323456
1220089529278877697
1220089518566580224
1220089516192649222
1220089513013383169
1220089512644075520
1220089502569390081
1220089494344474624
1220089471871455234
1220089458726461440
1220089452351180801
1220089419463417856
1220089381291249664
1220089306573762560
1220089260532957185
1220089244137459713
1220089239137914882
1220089238303039489
1220089215817519111
1220089211124178948
1220089186595876864
1220089170145808384
1220089149954371585
1220089101577179136
1220089097177444352
1220089090395140097
1220089068458934272
1220089060447920130
1220089027560460288
1220088994794561540
1220088993557155840
1220088980026335232
1220088978705207297
1220088959314907136
1220088955019976706
1220088939781988354
1220088935734530049
1220088932743802880
1220088930156122113
1220088929224921088
1220088928105005056
1220088914783784960
1220088911461896192
1220088882768814097
1220088843036233728
1220088832219062278
1220088794143055872
1220088785825746945
1220088766448013312
1220088765299019776
1220088763117985794
1220088762727833600
1220088756868460544
1220088751071748098
1220088748534222848
1220088747468849152
1220103830026833921
1220103738813243392
1220103698002608132
1220103694944886784
1220103662548258825
1220103661310791681
1220103597611999232
1220103590976593921
1220103583128883201
1220103570105618432
1220103549557690369
1220103549469822976
1220103497170833409
1220103468536487936
1220103449397907456
1220103415541485568
1220103367143243776
1220103365838954499
1220103361346920449
1220103271454371840
1220103240748032006
1220103233953239041
1220103227041099776
1220103154873716736
1220103113283117056
1220103107671183366
1220103074166996992
1220103013194522627
1220102943732465665
1220102851239862272
1220102848312225792
1220102822768889865
1220102718070697984
1220102708935495685
1220102627955965952
1220102616677371904
1220102536306352128
1220102496506523649
1220102361361727488
1220102360862687232
1220102344194441216
1220102277995880449
1220102261948452865
1220102247612321792
1220102244781047809
1220102136333250560
1220102116460679169
1220102092628447232
1220101991508127744
1220101959622909952
1220101898520420352
1220101860897513472
1220101683927232518
1220101668748087301
1220101632081518610
1220101609465643009
1220101599848280064
1220101565408858112
1220101563324067840
1220101508819120128
1220101501659410432
1220101481455587329
1220101414837542915
1220101349880356869
1220101314526318592
1220101281827770368
1220101279772377089
1220101249774866432
1220101231432962048
1220101229742886915
1220101127640965122
1220101106245570560
1220101082451308544
1220101080215891970
1220101022921609216
1220100977342083074
1220100964318732288
1220100940025319424
1220100926050131969
1220100681027194881
1220100664602161153
1220100617437433862
1220100408053399552
1220100390600896512
1220100328818868227
1220100264482549761
1220100248015601669
1220100232773537795
1220100199500132353
1220100164561534978
1220100161398984704
1220100143267053569
1220100095233806342
1220100077781430273
1220100067174031361
1220100066301464576
1220100061968916484
1220100049100857345
1220100030515671040
1220099982725976064
1220099943349788672
1220099719466274817
1220099688122109952
1220099647408148482
1220099571990323200
1220099570996133888
1220099459083898881
1220099397675077633
1220099376766279680
1220099326715645952
1220099318767669252
1220099229701423104
1220099175066427392
1220099057638465536
1220099056342577153
1220098981205659648
1220098980522033152
1220098943654055936
1220098939010969600
1220098885114388481
1220098812213153793
1220098800330493952
1220098697444384768
1220098681250041856
1220098605454888961
1220098573871669248
1220098492812578818
1220098469198811137
1220098390618341377
1220098376789889025
1220098285781667841
1220098270569037824
1220098212180176907
1220098026687094798
1220097976141434880
1220097950975574017
1220097948932923393
1220097866472886272
1220097828497682432
1220097773917233152
1220097673459568640
1220097657235853312
1220097642845417472
1220097582887768066
1220097567901528069
1220097523441971201
1220097486695620613
1220097474922070017
1220097428231282688
1220097426897473541
1220097378407141376
1220097351282577408
1220097027578777606
1220096974881546241
1220096967906217984
1220096945487863809
1220096894929719299
1220096793972637696
1220096763652009984
1220096743087300608
1220096712741617667
1220096705657368577
1220096698405605377
1220096698250399746
1220096656093433859
1220096604453117956
1220096573939552256
1220096567211749377
1220096505287266309
1220096474882760704
1220096462220156929
1220096434344775683
1220096416682475520
1220096414564392968
1220096384973492224
1220096294708023298
1220096278454947841
1220096275338743810
1220096225053011968
1220096215897051136
1220096206053027841
1220096161442402306
1220095975844282368
1220095749050064896
1220095707052421132
1220095630972018688
1220095578442469376
1220095554308325376
1220095479062630400
1220095451187146758
1220095369360695296
1220095303920930816
1220095301886803969
1220095276259606538
1220095166276689921
1220095145942618120
1220095135993802752
1220095028065918978
1220095026107240449
1220095014706896896
1220094980183584768
1220094962366369792
1220094874353111045
1220094866383953922
1220094824331784192
1220094782661369859
1220094704487927808
1220094570895007744
1220094536493543424
1220094479438360576
1220094447255351296
1220094349964447747
1220094321212325888
1220094254942433280
1220094242170851328
1220094204350816257
1220094149547962370
1220094138772836358
1220094124919001099
1220094007365160960
1220093887886151680
1220093792478302209
1220093784316313600
1220093647938641923
1220093602233290753
1220093518670180352
1220093489142210567
1220093480917061632
1220093430849835008
1220093240390471680
1220093130369851393
1220093091941625953
1220092990410166272
1220092914661036032
1220092906725310469
1220092822235291648
1220092708141686784
1220092663560491008
1220092474879668224
1220092459662835715
1220092407414448130
1220092385230802944
1220092337503789059
1220092240967524352
1220092150752346112
1220092139583033345
1220092012139024386
1220091928873553920
1220091877271142400
1220091838314504193
1220091686988275713
1220091666549428226
1220091640041365504
1220091609477312512
1220091477570646017
1220091373266833409
1220091307906887680
1220091307458064384
1220091186775351296
1220091155120943104
1220090994428743682
1220090980248014848
1220090939982721024
1220090901512556544
1220090854964109316
1220090678719287296
1220090618552160256
1220090601804312576
1220090570304917504
1220090384698744833
1220090378302390273
1220090285310513152
1220090167832252418
1220090012605149184
1220089984432013312
1220089735734910976
1220089569158336512
1220089560664805377
1220089531598299136
1220089500442849280
1220089377872863233
1220089358989922306
1220089323426582528
1220089224311070721
1220089223056961536
1220089211371622406
1220089180987916288
1220089152034746369
1220088965199470592
1220088898983825408
1220088861096927232
1220088810492461056
1220088765475184651
1220088750904004608
1220103829745782785
1220103827308924930
1220103821105541120
1220103812549169158
1220103773886078978
1220103762590740485
1220103759285506048
1220103739505364993
1220103724892291078
1220103710774386688
1220103702020853765
1220103696794771460
1220103589420359680
1220103538514153472
1220103536253362177
1220103505026985988
1220103452879216645
1220103442288513029
1220103351599357953
1220103345681108993
1220103305965309956
1220103272926793729
1220103230199226368
1220103218899968002
1220103184317849600
1220103177187364864
1220103095948136448
1220103091996905472
1220103085919522817
1220103057687498753
1220103056710389761
1220103036858703877
1220103005309108225
1220102967669481477
1220102932898574336
1220102905644142592
1220102888825016320
1220102850212179975
1220102835905282048
1220102828280156163
1220102820747206660
1220102779718397952
1220102779240427521
1220102761624195072
1220102758826680322
1220102697468289025
1220102662928175104
1220102650814816256
1220102640547385350
1220102615188606976
1220102610658549761
1220102605579354117
1220102597756932096
1220102540815036416
1220102448146153472
1220102446384443392
1220102381066760193
1220102354164273152
1220102318701465600
1220102262158188545
1220102172752302085
1220102164296503296
1220102110915596288
1220102097015918596
1220102058424094721
1220102004489371648
1220101898344321025
1220101864491892736
1220101840001556480
1220101829230579713
1220101808657436672
1220101778596757505
1220101757629583360
1220101676058730496
1220101647109697541
1220101637978697729
1220101600426909696
1220101586715848705
1220101553123733504
1220101512388579328
1220101504264286215
1220101466427482112
1220101435494264833
1220101433892200450
1220101421653266432
1220101409871474689
1220101401348595714
1220101387998179333
1220101358004711424
1220101296499412992
1220101293664096256
1220101274559045636
1220101269454372864
1220101253339836417
1220101220481863681
1220101218665738241
1220101187082448896
1220101176684883970
1220101143197601795
1220101129025048579
1220101102344929280
1220101100461871104
1220101084083105793
1220101044610486272
1220100972547952640
1220100970467622913
1220100958379790338
1220100952428089353
1220100946270670848
1220100885533089794
1220100844194074625
1220100804964577280
1220100798329360385
1220100774077792262
1220100718633287680
1220100708935979008
1220100693559857152
1220100656473702401
1220100635724537857
1220100628866793475
1220100623892389888
1220100623565127680
1220100609388490754
1220100502496653315
1220100499489394689
1220100444447498240
1220100390617636864
1220100376118136833
1220100375178633218
1220100332652519424
1220100295180660736
1220100274255269888
1220100249257115648
1220100234551885824
1220100205888053248
1220100116658507781
1220100078226018305
1220100028234182656
1220100027152060416
1220100024916414464
1220100022588624896
1220100017563762689
1220099926354472960
1220099924496453637
1220099860214566912
1220099847996563456
1220099783999750145
1220099782703632384
1220099769323982855
1220099756178849792
1220099738281893888
1220099711098589186
1220099704136126470
1220099701267222534
1220099620958867456
1220099591045099521
1220099582907957249
1220099563001991169
1220099559453528065
1220099541367578625
1220099525446000640
1220099465031241729
1220099451177652224
1220099446475608064
1220099420534005760
1220099401043128320
1220099369271095302
1220099357241798656
1220099289625415680
1220099265785204736
1220099247762108416
1220099218884395008
1220099178304614401
1220099168418459648
1220099166812213254
1220099156821213184
1220099107156570112
1220099094108147713
1220099057273753603
1220099052769026050
1220098992400453634
1220098970254372864
1220098903552544771
1220098874716475393
1220098867506688000
1220098812280221699
1220098709784027138
1220098689198366723
1220098658840039427
1220098620277645313
1220098615030550534
1220098614178959362
1220098601520697346
1220098584747614210
1220098540917207044
1220098534642348032
1220098532423520256
1220098494381416449
1220098489058840583
1220098457018327045
1220098438928523265
1220098426672766981
1220098425217150976
1220098412743405569
1220098375653240835
1220098369730883584
1220098350302674944
1220098304966443008
1220098284255174663
1220098282602496003
1220098253854773248
1220098238176350208
1220098227124310016
1220098184258772992
1220098178768236544
1220098119410515968
1220098118911479810
1220098096392278017
1220098078935539725
1220098054537261059
1220098050322063362
1220098047839014921
1220097996454539269
1220097972182142982
1220097849263738880
1220097836882116608
1220097836315922432
1220097820054695936
1220097806683099136
1220097795127988227
1220097786517041152
1220097771786489857
1220097706514878469
1220097698847698945
1220097698155515904
1220097670238363653
1220097669575692292
1220097664706138112
1220097591137857536
1220097574134112256
1220097561211678725
1220097557277396999
1220097547915558912
1220097538637778944
1220097502847913984
1220097483700932608
1220097482115469312
1220097407691694083
1220097368143560705
1220097357074894849
1220097327764996097
1220097302544646145
1220097257061543937
1220097251806076928
1220097234538319872
1220097233703456768
1220097230993932288
1220097159669932032
1220097140560744449
1220097117705818112
1220097077490921472
1220097057618366464
1220097013980827655
1220096969533788160
1220096966324998145
1220096964077019137
1220096934695915520
1220096826126159872
1220096794798870528
1220096791820951552
1220096770052460545
1220096740243779585
1220096734992437250
1220096722841538565
1220096673067622400
1220096672753016832
1220096634035625987
1220096578175885313
1220096562518425603
1220096547565625344
1220096529983328256
1220096511159230470
1220096501331959813
1220096466687012869
1220096441240014849
1220096428480974848
1220096350962049024
1220096332213342208
1220096314450612224
1220096219416080385
1220096160389451778
1220096151438774273
1220096111731281921
1220096005594669057
1220096005384867841
1220095974053416960
1220095973109719040
1220095965035728896
1220095935008714754
1220095889621970944
1220095851944497153
1220095822249021440
1220095802170847234
1220095792477659136
1220095778452070401
1220095766821253122
1220095726790856709
1220095719211773953
1220095714207944704
1220095701658537989
1220095672587882497
1220095665692381189
1220095579285377024
1220095522913935361
1220095490072764416
1220095477208666112
1220095465536008192
1220095414356987904
1220095398171365381
1220095392320192513
1220095378151731200
1220095370597818368
1220095360904974337
1220095351471984640
1220095308119658499
1220095294735601665
1220095269708161024
1220095252675121153
1220095251743936514
1220095219342938112
1220095216251654144
1220095211763724289
1220095135335227392
1220095085288808449
1220095065294614531
1220095050803269639
1220095026241376258
1220094971782496259
1220094890719227904
1220094826848432128
1220094822226153472
1220094788407648261
1220094780048379906
1220094770095296512
1220094760154587136
1220094742085734401
1220094705909800961
1220094683088609280
1220094674016194560
1220094643435720704
1220094628969369601
1220094603010985985
1220094596702777344
1220094586594394112
1220094539777630208
1220094515127685121
1220094515102568455
1220094432013422593
1220094421787652096
1220094408684531712
1220094393476112385
1220094382432563201
1220094297384595456
1220094258474029057
1220094258079657985
1220094250483773440
1220094220737925132
1220094211565015045
1220094175649116160
1220094091540750336
1220094062994370561
1220094014810181634
1220093950779908096
1220093942592569347
1220093911265353729
1220093883343720448
1220093844995244032
1220093835050655744
1220093819300958208
1220093751634219009
1220093696097411072
1220093666745888768
1220093657166090241
1220093656725483520
1220093607769780225
1220093592724787202
1220093549548572672
1220093540644065281
1220093536139431936
1220093488580255746
1220093463418376192
1220093442765787136
1220093423388110849
1220093385354219520
1220093361312452608
1220093351808008192
1220093346430869504
1220093341712494595
1220093334384992257
1220093327313235968
1220093323064565760
1220093266839982080
1220093209059020800
1220093206198738950
1220093192688656384
1220093187433345029
1220093141941997569
1220093129329500160
1220093098346340353
1220093087927672833
1220093051781177344
1220093036467752960
1220093017073356802
1220092986848997376
1220092969102929920
1220092962811543558
1220092881517654025
1220092867886166016
1220092830242234369
1220092791956615168
1220092786785030144
1220092784700481537
1220092757852721152
1220092657621512193
1220092655927005184
1220092643301974016
1220092590986596356
1220092580710375425
1220092565527105536
1220092524393586692
1220092524284375040
1220092486141370368
1220092450196180997
1220092431678480384
1220092379597877248
1220092351873462273
1220092344973910018
1220092338178932736
1220092317203410946
1220092306726047745
1220092287658668032
1220092283527319552
1220092253361901568
1220092204561072131
1220092204062068741
1220092173607026688
1220092147233280000
1220092137880064000
1220092123372040192
1220092116199669761
1220092113502777345
1220092109493080064
1220092068384706563
1220092055419908096
1220091921944797184
1220091903586242560
1220091868953960448
1220091868429479936
1220091859386667008
1220091838004191233
1220091836653543426
1220091821818351617
1220091789979328512
1220091764561850368
1220091760661037056
1220091697809498112
1220091681225216001
1220091679643963392
1220091675428708352
1220091657158381569
1220091654339776512
1220091513465704450
1220091501797171200
1220091465314881536
1220091461573730305
1220091461565407232
1220091430233870340
1220091417080451072
1220091404371812352
1220091400307519488
1220091393302941696
1220091384578871296
1220091365830352896
1220091339263692803
1220091324570968065
1220091321442086912
1220091298704764935
1220091292526485504
1220091281365295104
1220091276093054976
1220091274897678336
1220091263145381890
1220091248784158726
1220091216940810240
1220091187597598722
1220091111466647552
1220091108325253120
1220091107935043585
1220091087064166400
1220091076649730049
1220091047839068161
1220091042852229120
1220091042642440192
1220091034622816256
1220091024501960704
1220091022606290945
1220090990691856386
1220090988166692864
1220090987449634816
1220090985407008768
1220090945577869312
1220090941148749829
1220090935939342339
1220090867207286784
1220090865671999488
1220090858298650631
1220090821380210688
1220090811255160832
1220090794155085826
1220090785858801664
1220090776497152002
1220090774433468416
1220090763335413760
1220090750861443073
1220090741508263948
1220090702970880000
1220090666002239488
1220090640337461248
1220090622926712832
1220090616975101955
1220090542442401793
1220090541133705227
1220090520170651650
1220090516928368643
1220090506778202112
1220090503980556289
1220090495969292288
1220090495055073281
1220090451379789829
1220090448246722561
1220090441712001024
1220090403744956417
1220090392181379074
1220090349462478854
1220090337269448704
1220090322476240903
1220090300242255873
1220090293787037696
1220090252905340930
1220090210710511616
1220090202594607104
1220090186861772800
1220090133162016768
1220090124513484802
1220090120889602048
1220090084474658820
1220090075586945024
1220090063138304002
1220090037615890433
1220090028719837184
1220090019186003968
1220090013951709184
1220089996419510280
1220089994343092224
1220089974755905536
1220089966274936832
1220089958515597312
1220089952291045376
1220089938332418048
1220089924239679490
1220089920200441856
1220089909706403840
1220089872574304256
1220089863195615232
1220089847521718273
1220089845965520896
1220089840299139072
1220089817373061121
1220089797127045120
1220089786867896320
1220089760217292804
1220089760192090112
1220089728797556736
1220089704240046085
1220089695465541633
1220089680227635203
1220089649235988480
1220089625169027076
1220089622014889984
1220089617682067456
1220089608874024960
1220089579367215105
1220089566092242944
1220089535159250944
1220089509645189121
1220089507808260098
1220089462895587329
1220089458122510337
1220089445552205829
1220089433128607745
1220089386722873351
1220089376723611649
1220089366388838402
1220089339578683393
1220089292149661697
1220089291545538560
1220089273606529025
1220089264001703936
1220089258674921472
1220089220280279042
1220089214324428800
1220089191603654656
1220089185471733761
1220089183949246465
1220089150176514049
1220089136251580417
1220089130799026176
1220089109496115202
1220089089875116034
1220089078571569153
1220089061504774144
1220089025509384192
1220089022355329024
1220089014809554944
1220089007331106816
1220089000804986880
1220088995775950848
1220088980701700097
1220088965027463170
1220088945029066752
1220088937009385472
1220088925009526785
1220088878897471488
1220088867547688963
1220088858320297984
1220088840016355328
1220088839152316425
1220088838955114497
1220088823649931265
1220088765634486272
1220088751885627393
1220102997994168320
1220102624122245120
1220102489653108736
1220101816513454080
1220101665015025665
1220101397011550208
1220101321828765696
1220100401200074752
1220100354043469826
1220100334615322630
1220099802802741248
1220099532815511558
1220099197594038272
1220098994723966976
1220098994619109376
1220098589499674624
1220098491873054720
1220097775485911040
1220097628265840641
1220097532946087936
1220097471814066176
1220097462309879810
1220097457738129413
1220097093848784897
1220097011225169922
1220094635718168576
1220094354750164992
1220091737239998464
1220091694441328640
1220090300443447297
1220089910725509120
1220089737349865473
1220089600376332288
1220103793746071553
1220103790600302592
1220103790067699714
1220103748502130688
1220103744790188035
1220103652536274944
1220103648253865984
1220103638875623425
1220103484600504320
1220103475448680448
1220103416640430081
1220103368812613632
1220103335400878080
1220103331734908929
1220103308968226816
1220103302312087558
1220103280224866308
1220103247744176128
1220103243553918977
1220103231046467585
1220103200537300993
1220103111748005894
1220103067938557954
1220103067430985729
1220103014092021770
1220103009989840896
1220102990859771905
1220102904855613440
1220102848886853633
1220102785573634048
1220102783753281536
1220102761951481856
1220102758428237824
1220102749792194560
1220102703113572352
1220102691650621440
1220102688081371138
1220102681827540992
1220102672294055936
1220102627528040450
1220102618984386561
1220102563615383552
1220102556933918726
1220102538466340864
1220102534477553667
1220102453846134784
1220102428172922888
1220102346119766016
1220102320152702976
1220102310602399746
1220102292625674240
1220102270345531392
1220102197880524803
1220102127596388352
1220102107270909954
1220102075066904576
1220102039889309696
1220102036093534210
1220101875845828608
1220101856493481984
1220101827288424448
1220101822725140481
1220101769117585409
1220101722498093061
1220101593082675200
1220101588594892802
1220101512602554369
1220101496080977920
1220101470676226048
1220101431388229638
1220101319723225092
1220101301431762944
1220101195613818887
1220101182674423812
1220101165330792454
1220101080396259335
1220101055922540544
1220101035965861888
1220101012599529473
1220100999873875968
1220100887315697669
1220100868361654273
1220100843833384961
1220100831934062594
1220100830684237825
1220100793027780616
1220100769694855168
1220100746219266055
1220100739009257474
1220100723389751300
1220100699033415682
1220100685347291137
1220100674211311616
1220100671493627904
1220100636030586880
1220100609711517696
1220100590342041600
1220100570633113600
1220100564064919553
1220100550517231617
1220100545018355713
1220100540669014017
1220100521479921664
1220100447936991232
1220100443449237504
1220100424394559488
1220100396854566912
1220100386062774272
1220100376730402818
1220100371722301440
1220100329540407296
1220100291174912001
1220100244089819136
1220100209352552448
1220100199525171200
1220100188909391872
1220100128046047239
1220100127051796480
1220100125827260420
1220100124552192004
1220100100086730752
1220100091563909121
1220100066611871750
1220099944461160448
1220099914337865728
1220099878023335936
1220099855986675725
1220099804635598849
1220099617125064704
1220099593662152705
1220099572476760064
1220099549483749379
1220099438703759362
1220099397897412612
1220099373750681607
1220099354188558338
1220099328380829696
1220099323192586242
1220099309691117569
1220099279785562113
1220099239268753409
1220099226618777600
1220099137183657984
1220099119643025408
1220099091260223488
1220099083223949313
1220099051233759232
1220099030275051521
1220099005499236352
1220098967301541888
1220098903246163969
1220098884438913024
1220098878676066304
1220098874037153796
1220098839266430976
1220098835353083906
1220098833281159169
1220098826826022912
1220098777970696192
1220098756659441664
1220098755745083392
1220098723562151936
1220098720672276480
1220098677798309892
1220098667593588739
1220098666058436610
1220098654603661318
1220098629484142594
1220098567286607872
1220098521795383297
1220098496319098881
1220098479394938880
1220098476643471366
1220098475918053377
1220098433567997952
1220098425405919232
1220098421203193856
1220098419223494657
1220098414798569472
1220098408330887170
1220098384377393152
1220098361728040965
1220098256073560064
1220098236687573005
1220098162091753472
1220098161731100680
1220098074556583936
1220098043736969220
1220098008840331265
1220098008232222720
1220097979014688768
1220097835284099072
1220097765600002050
1220097759136620544
1220097707164856320
1220097674730278912
1220097640093736960
1220097608137498625
1220097581470101513
1220097536293142528
1220097514516500481
1220097514269028353
1220097487089946626
1220097476998254592
1220097453652877312
1220097452218425344
1220097374258855939
1220097359138263040
1220097349864902656
1220097311071784960
1220097253580296192
1220097252401639424
1220097195405430785
1220097165177098240
1220097114669305857
1220097092678574082
1220097089734168578
1220097085795524608
1220097084378009600
1220097058121625602
1220097054862708739
1220097005818728449
1220097000043089921
1220096995836088320
1220096951489679361
1220096947404648453
1220096934448418816
1220096878408323072
1220096874591293440
1220096835236311041
1220096825681698816
1220096822133297153
1220096800712880128
1220096774708322311
1220096756471533574
1220096745528492032
1220096699084886017
1220096680286150657
1220096676070936582
1220096667606605824
1220096595896741890
1220096594646880257
1220096580574961665
1220096447569375233
1220096407127851009
1220096397946454017
1220096395266289665
1220096383589519360
1220096358192992256
1220096351440195588
1220096224340205573
1220096220439252994
1220096207927701504
1220096188747276290
1220096175279353856
1220096165955428358
1220096122468950022
1220096119931392002
1220096109332160513
1220096097768673282
1220096086410506240
1220096050305871874
1220096032022900738
1220096028399095811
1220096013806993412
1220096005519089670
1220096003619086337
1220095969733246981
1220095965270507520
1220095936350818306
1220095927781740544
1220095920164999174
1220095882864906240
1220095873725583360
1220095850279579648
1220095793446649856
1220095769828564994
1220095764522729472
1220095759812448257
1220095735330430984
1220095726820167680
1220095719324995595
1220095706305716224
1220095699905404928
1220095694901563392
1220095647224750081
1220095637204672514
1220095622851846145
1220095599338352640
1220095591016910848
1220095577863737346
1220095557512978432
1220095548524507137
1220095537703276546
1220095518501720066
1220095460351889413
1220095418396217345
1220095386938957825
1220095347709497344
1220095330395361280
1220095304780959745
1220095274770554880
1220095268630102016
1220095225080745984
1220095222538997761
1220095185314512896
1220095178565914624
1220095143698550784
1220095067458801665
1220094963804971009
1220094961410093056
1220094945312329729
1220094939826016256
1220094908217753600
1220094865385480192
1220094840655900672
1220094808972070912
1220094767477985280
1220094763866771456
1220094720946425861
1220094697948868608
1220094689082314758
1220094683810074624
1220094664994410497
1220094658719768581
1220094650096259073
1220094643272146945
1220094639035670528
1220094631230300161
1220094617216905217
1220094614847266827
1220094583666769925
1220094574317752322
1220094530965270528
1220094473369202690
1220094447624638471
1220094420785291269
1220094409699622912
1220094406159732744
1220094404519612416
1220094368473866240
1220094354930503680
1220094304439410692
1220094298642960384
1220094285661581313
1220094274827702277
1220094258839007233
1220094229206241280
1220094217403453440
1220094200907067397
1220094191067258881
1220094176580141056
1220094161585692673
1220094161111654407
1220094113481154560
1220094044027740161
1220093995939966978
1220093939321122817
1220093932450615297
1220093911751745536
1220093839215493120
1220093790465085440
1220093777945055233
1220093772479885312
1220093723528302597
1220093708554702853
1220093668079652864
1220093660232146944
1220093635972063233
1220093599158763520
1220093586340970497
1220093584445247490
1220093569173725184
1220093539197038597
1220093438512812037
1220093427234283522
1220093411602108419
1220093406182961152
1220093379561906178
1220093363900370944
1220093344401051650
1220093340017811456
1220093268693676032
1220093268492529665
1220093203157790721
1220093179678154752
1220093168047144960
1220093095104196608
1220093079014690816
1220093018713268228
1220093003152396288
1220092959967723521
1220092905832034307
1220092882675208192
1220092854334132224
1220092815226626048
1220092791084257281
1220092659508924422
1220092610745896961
1220092552155557888
1220092476809273344
1220092445029011459
1220092435386327040
1220092433603682304
1220092430776582146
1220092409725575168
1220092380172283904
1220092371687346177
1220092357883977730
1220092346970169345
1220092265089175552
1220092264707448833
1220092244813848577
1220092231455059970
1220092217898999816
1220092208185053184
1220092205945311233
1220092171799257088
1220092140128260099
1220092117458001927
1220092008020291592
1220091982367903746
1220091973299834880
1220091912440418304
1220091895898132480
1220091868324646912
1220091805343145985
1220091783155027968
1220091743988789249
1220091732815044608
1220091732093820929
1220091728058703872
1220091698736484352
1220091691283156996
1220091665240612865
1220091657028325377
1220091538832838657
1220091477839073281
1220091453755490304
1220091447887761410
1220091427985612800
1220091372985651200
1220091365133930496
1220091323417411585
1220091321546952705
1220091275636101126
1220091270737137669
1220091257222918144
1220091219868557314
1220091215825330177
1220091214919274496
1220091205431721984
1220091202655129606
1220091186326597632
1220091150167470080
1220091148930170880
1220091145491046401
1220091141837721600
1220091116986306560
1220091106089689093
1220091094391590913
1220091076922359808
1220091062217314305
1220091020957716480
1220090972995911680
1220090911180218368
1220090804603183105
1220090685753372674
1220090657605214208
1220090638181584898
1220090625342599168
1220090619739230210
1220090614961844225
1220090601162596357
1220090585446522881
1220090564634390528
1220090515401646082
1220090500549472257
1220090497613647872
1220090496615374848
1220090488134492160
1220090482673561602
1220090482434412549
1220090466122661888
1220090437798629376
1220090422783086592
1220090345989574657
1220090340436213760
1220090335604432896
1220090313479356416
1220090284333305857
1220090246345285632
1220090241131929600
1220090187922968577
1220090177726615554
1220090150111404038
1220090145153613827
1220090136232366081
1220090091751845888
1220090089935646720
1220090080900993025
1220090078510440449
1220090034503614464
1220090033400623110
1220090011745316865
1220089997509918721
1220089995647692803
1220089972876857344
1220089923308384256
1220089910259904512
1220089883793879040
1220089873761095680
1220089819272970247
1220089818530504704
1220089799425560576
1220089697952813057
1220089680277987338
1220089642592219136
1220089607078977540
1220089577316241412
1220089525604638721
1220089524291883008
1220089518365249537
1220089504897339397
1220089481044398081
1220089452812546049
1220089450476105729
1220089444440539137
1220089433556316163
1220089427961229318
1220089396961001473
1220089386160750592
1220089352891654144
1220089336319893504
1220089330787471360
1220089307639119872
1220089300726972416
1220089287015849991
1220089284918759424
1220089272411328513
1220089260012986369
1220089240538767360
1220089240421203968
1220089228425482240
1220089220225818624
1220089189825490944
1220089123223953408
1220089123005923329
1220089105905786880
1220089078139555840
1220089072053518337
1220089058908495872
1220089052583645184
1220089039228813312
1220089038717124608
1220089009801699328
1220089008937689091
1220088958031364102
1220088937529716736
1220088899839516672
1220088778653605902
1220088765131169792
1220096589236142080
