1220300115388379136
1220300109784567812
1220300100661985280
1220300087240224768
1220300076582567936
1220300054998724609
1220300053706756097
1220300049042870273
1220300046513532928
1220300035058892800
1220300027920183296
1220300022249426949
1220299999126396929
1220299997272428544
1220299984089673728
1220299969678020608
1220299968839286789
1220299937503698944
1220299918453039105
1220299916964089856
1220299893509672960
1220299877831323655
1220299875708895232
1220299873741889537
1220299870789083136
1220299863126085632
1220299854112530432
1220299837549137920
1220299823481532416
1220299821757583360
1220299819744362497
1220299815394803713
1220299813415198721
1220299811032719360
1220299804883877888
1220299804158369798
1220299803478888448
1220299773560967168
1220299742367961091
1220299727519903744
1220299714056183808
1220299712651128834
1220299710579212290
1220299698180804609
1220299691868340226
1220299684528345088
1220299678241239040
1220299678194909184
1220299651875852288
1220299628215599105
1220299596594728960
1220299585215557633
1220299583689019392
1220299570229301249
1220299563493478400
1220299541875789824
1220299541494345737
1220299537475989505
1220299480043380736
1220299477367439361
1220299458455302145
1220299457373331458
1220299456920207361
1220299450033172481
1220299440877113344
1220299432245125121
1220299408480374789
1220299378973274112
1220299373554425856
1220299364679192582
1220299363219410944
1220299352666587136
1220299350825426945
1220299349332123649
1220299336120029184
1220299327530315776
1220299320827662337
1220299317702987776
1220299313273810946
1220299301613494272
1220299293430386688
1220299274753318912
1220299253148307456
1220299247335223296
1220299223347888129
1220299222571986949
1220299217845002240
1220299216502886401
1220299216146268164
1220299207208095745
1220299200119730177
1220299190342828033
1220299188124160000
1220299176195448832
1220299161024614400
1220299140963323904
1220299116569169921
1220299110550401025
1220299100249182208
1220299094154829824
1220299065096724480
1220299042602643456
1220299039377367040
1220299035338211328
1220299027746557952
1220298995681177601
1220298990958338048
1220298968996950016
1220298962394992640
1220298914139529217
1220298911270617088
1220298901506285569
1220298887954518017
1220298880773844992
1220298879914123264
1220298868732112896
1220298860612005894
1220298847861256192
1220298837517930507
1220298809567088640
1220298808443228160
1220298800780267520
1220298798968135681
1220298790478864386
1220298788054556672
1220298783768162308
1220298781268283392
1220298780911628288
1220298777166147584
1220298776574746624
1220298776100921346
1220298776100909056
1220298775756849152
1220298771130724352
1220298769343762432
1220298731754524672
1220298706139791361
1220298698984308736
1220298696086167555
1220298679380135936
1220298677740277763
1220298674015588352
1220298671738191872
1220298664461029378
1220298661772627974
1220298655522942977
1220298654436581376
1220298652649869312
1220298643208658944
1220298637202190336
1220298617665224704
1220298617497370624
1220298617367384065
1220298611218497536
1220298599407374339
1220298585528586243
1220298584358174720
1220298583347466241
1220298581111967745
1220298552888311809
1220298552854761472
1220298549625344003
1220298541089857537
1220298540603232256
1220298535284936704
1220298530679676933
1220298527026245632
1220298522244894721
1220298517773553664
1220298515722776576
1220298503890636802
1220298492062715904
1220298485393653766
1220298479634915328
1220298466720530433
1220298457296048128
1220298415680000005
1220298409694752768
1220298409350852608
1220298379730788352
1220298374617808896
1220298367185584134
1220298366313168896
1220298354757783555
1220298350995693574
1220298348994990081
1220298343945003008
1220298342888083457
1220298339801014272
1220298313703968768
1220298302878556161
1220298302601584641
1220298300160532481
1220298298570895360
1220298292224983040
1220298292191547400
1220298292149379074
1220298281940606976
1220298279209992193
1220298275754061824
1220298273967050752
1220298261212340226
1220298250017656832
1220298237531185152
1220298225116160002
1220298219365838848
1220298213313273856
1220298209223819264
1220298203540508672
1220298191226261504
1220298176751517696
1220298170015633411
1220298153808793600
1220298151845822464
1220298148335108097
1220298141540311042
1220298131499372544
1220298127544111110
1220298123672637440
1220298121403518977
1220298104466857985
1220298083612925953
1220298079292682241
1220298065116004352
1220298039715356672
1220298037777616897
1220298032371007488
1220298028231340037
1220298018404151303
1220298014276771840
1220298010837409792
1220298003543658496
1220297987546435584
1220297985923272705
1220297981842186240
1220297979405320193
1220297976549199872
1220297966646247425
1220297965283078146
1220297941182636032
1220297936774598656
1220297932739698688
1220297918898307072
1220297911088635904
1220297907951132672
1220297902288818176
1220297888292454406
1220297875688579072
1220297869812363264
1220297867237027840
1220297853567766529
1220297852926283776
1220297852481462272
1220297831522717697
1220297827168870401
1220297817496805376
1220297806100881408
1220297801478762496
1220297786589175810
1220297780117241857
1220297778284371970
1220297774488375296
1220297773888655362
1220297764455600128
1220297761867743232
1220297761096003585
1220297728615309313
1220297728112185344
1220297719778103296
1220297702258274304
1220297693999718403
1220297678120091649
1220297675813183490
1220297667445776384
1220297655969964032
1220297652748746752
1220297626572218369
1220297622855880704
1220297610843643906
1220297606812880896
1220297599447527424
1220297598197624833
1220297597929381890
1220297587070128128
1220297586332110848
1220297577398226955
1220297571077222400
1220297558565826560
1220297557424922625
1220297548901957632
1220297543734583296
1220297539288649729
1220297535148953600
1220297530254282753
1220297528958013442
1220297528274345984
1220297527045451776
1220297515628683265
1220297500206256128
1220297491733778432
1220297483625959426
1220297465859117066
1220297446615437314
1220297441653731330
1220297436259741696
1220297429385392128
1220297420312965121
1220297420023746561
1220297415825219586
1220297401933668352
1220297389736484864
1220297387790323712
1220297383239614470
1220297374213406720
1220297369020817408
1220297365988397061
1220297360648990720
1220297339929120768
1220297339774144512
1220297321583239169
1220297315354701825
1220297312406134784
1220297303904243713
1220297303765983233
1220297296249647105
1220297291430531074
1220297259276832769
1220297246614228994
1220297245246885888
1220297239471513601
1220297222480261125
1220297221431709698
1220297199894114306
1220297193028030464
1220297189156630530
1220297187571257345
1220297180696563713
1220297172890947584
1220297169636249600
1220297159796568064
1220297159217766400
1220297154620608512
1220297154561896449
1220297145183457281
1220297140485984256
1220297113231183873
1220297110668472320
1220297086144434177
1220297083116089345
1220297080578572289
1220297079660015616
1220297060190019585
1220297058910793729
1220297057077841920
1220297050342023168
1220297046906658816
1220297037427740672
1220297026346242050
1220297019652222977
1220297007463460864
1220296989788663808
1220296986177540097
1220296985217052672
1220296984206151680
1220296981916135425
1220296979386777601
1220296977826697217
1220296972105658369
1220296958453207041
1220296950165069824
1220296929357074432
1220296917126504448
1220296915574673409
1220296901204955137
1220296895588896768
1220296868485156864
1220296863745814528
1220296858171371520
1220296853973078016
1220296847039848450
1220296833395650560
1220296829524250624
1220296818581475333
1220296811006582785
1220296802404093952
1220296801393299457
1220296785920290820
1220296766375022594
1220296757109612545
1220296756044488704
1220296740185747457
1220296731994337280
1220296722846552064
1220296717674762247
1220296697433198594
1220296689728098305
1220296688692125696
1220296686272229377
1220296679645073409
1220296679154319361
1220296671243857920
1220296658111598592
1220296634099089408
1220296632375242752
1220296626675355648
1220296618819276807
1220296597373886472
1220296577841090561
1220296566914846723
1220296545435824133
1220296542747119616
1220296527056375808
1220296519305154560
1220296482080735233
1220296463072120833
1220296449751044096
1220296449117868032
1220296443539398656
1220296436446789633
1220296428884459520
1220296428389421058
1220296426531328000
1220296422358159360
1220296410966450176
1220296410437799937
1220296409313726464
1220296399884963841
1220296384512958465
1220296366624083968
1220296366380814336
1220296366208868352
1220296338228670468
1220296325763231744
1220296324215558144
1220296323355693056
1220296319866003456
1220296314837184517
1220296306465198080
1220296299318272000
1220296279185592322
1220296275213479936
1220296269631049734
1220296236659609601
1220296224604995585
1220296218305277952
1220296177607774209
1220296174780997632
1220296164295282688
1220296154413297665
1220296146452729856
1220296141683810304
1220296140027060224
1220296138651242498
1220296128463130625
1220296116433907713
1220296081541496834
1220296054396137472
1220296040483454976
1220296031751024640
1220296010783571970
1220296006937399296
1220296003309322240
1220295994639667202
1220295993461301249
1220295976923123712
1220295976470138880
1220295961638928385
1220295954408116225
1220295941045002240
1220295937249038337
1220295931683196928
1220295919847071744
1220295896723644416
1220295895654240256
1220295891518517250
1220295882312040450
1220295879497670656
1220295874552586241
1220295872803758081
1220295867711873024
1220295861671870465
1220295854134685696
1220295849197965312
1220295847113396224
1220295837139402752
1220295821889081344
1220295819112222721
1220295816771850242
1220295808320360448
1220295808274161665
1220295804390236160
1220295800720216064
1220295767279177728
1220295752234070017
1220295744759877632
1220295735142494208
1220295719845797888
1220295714724614149
1220295707514544128
1220295693111152640
1220295686517714944
1220295685636968448
1220295677877444608
1220295674752749570
1220295674693963777
1220295657698680832
1220295653781164034
1220295615411671040
1220295609296531464
1220295604573597696
1220295603424358400
1220295601469833216
1220295595643920385
1220295589302194178
1220295575070863360
1220295554577494016
1220295548781109248
1220295533849382912
1220295513620258817
1220295494259232769
1220295482745872384
1220295482452430848
1220295476261441537
1220295469777215488
1220295459127820288
1220295442451185666
1220295429079760897
1220295416836546560
1220295408053714944
1220295406506119169
1220295394791264256
1220295386570481664
1220295385815625728
1220295365980762113
1220295365280387078
1220295358200340480
1220295356610572288
1220295349291499522
1220295345566932992
1220295338944233473
1220295336788234243
1220295332426178561
1220295327581986816
1220295315804188672
1220295315447742464
1220295303984627712
1220295279259205632
1220295275303993344
1220295251924938752
1220295250901487616
1220295238129987585
1220295218097868800
1220295203145375746
1220295186024206336
1220295173642416129
1220295162816913408
1220295162540195855
1220295144634646528
1220295136112009216
1220295133461188608
1220295116482478081
1220295106303008768
1220295097645817858
1220295093481103361
1220295092356796416
1220295092122062848
1220295043849715717
1220295027454287872
1220295025029865473
1220295013721993216
1220294992020684800
1220294977567129602
1220294969979654144
1220294962048143361
1220294890942132224
1220294885301006336
1220294867974123520
1220294865877028866
1220294858792951811
1220294851301953536
1220294848088928257
1220294824537911297
1220294810038345731
1220294802081746944
1220294788995522563
1220294774835441664
1220294773673615366
1220294757609394176
1220294746146574336
1220294734649970688
1220294733093916673
1220294722402574336
1220294710054375425
1220294662902013961
1220294603401768960
1220294590533722112
1220294584502276096
1220294566357520386
1220294552109703168
1220294534283661313
1220294531834241024
1220294522288136193
1220294510472650752
1220294497839435776
1220294467623759872
1220294466264653824
1220294462301184000
1220294456928296961
1220294429711523841
1220294422350290944
1220294406370140160
1220294402402185216
1220294399491481601
1220294383745941504
1220294372039839745
1220294370387251204
1220294365375074304
1220294334865727488
1220294334811115521
1220294323977113602
1220294307187290112
1220294301944467456
1220294299557953536
1220294282721947648
1220294281774059520
1220294263365193729
1220294228980322304
1220294224110686208
1220294218268065793
1220294216774897664
1220294212471517184
1220294176912203776
1220294161372348416
1220294147292033024
1220294122248056832
1220294114899443712
1220294107291103232
1220294087724503041
1220294072788815872
1220294036453498881
1220294036113637376
1220294016501256194
1220294009211408384
1220293977150091264
1220293955042074624
1220293944564645888
1220293900276916224
1220293892102184960
1220293875895427073
1220293869973065729
1220293867024605186
1220293806727356416
1220293804390932481
1220293786871353345
1220293786690998272
1220293786632445952
1220293783809597440
1220293779334352899
1220293760766095360
1220293757326675968
1220293743158296576
1220293737634418688
1220293734329225218
1220293720999895041
1220293706311323649
1220293693825044480
1220293691870330880
1220293672484450304
1220293654637576193
1220293650950656000
1220293647939317760
1220293633791971329
1220293631874977792
1220293598404542464
1220293571439292416
1220293559921696768
1220293550585208833
1220293547821191170
1220293541601124354
1220293524438093824
1220293524240732160
1220293520558153728
1220293516783308800
1220293515273392128
1220293504699531265
1220293501822423040
1220293491227414529
1220293479403642880
1220293475242893312
1220293468121112576
1220293446193123330
1220293440824578048
1220293434944024576
1220293394531926017
1220293374176972800
1220293343323623424
1220293342191185921
1220293316677267456
1220293309639417861
1220293285371088901
1220293275564703744
1220293270741405696
1220293254400204801
1220293247110565888
1220293236553465856
1220293215586222081
1220293208896417792
1220293201510031361
1220293197307564033
1220293192639295488
1220293187236966401
1220293167918043138
1220293136032776194
1220293112913965056
1220293108346130433
1220293108169986049
1220293100393787392
1220293092152086540
1220293091678019587
1220293088071114752
1220293074665918465
1220293046954160128
1220293043552546817
1220293027861843970
1220293020550975488
1220293018361532417
1220293008085614592
1220293005543759872
1220292982319960064
1220292981510426624
1220292980252270593
1220292973289725953
1220292954461368320
1220292942985822210
1220292925029941251
1220292910345850880
1220292898198978561
1220292874601762816
1220292870432751616
1220292862182510592
1220292851189157888
1220292835511078914
1220292828586135555
1220292804825382912
1220292802761908224
1220292771702902785
1220292722172534784
1220292676504809473
1220292667629764609
1220292660625317889
1220292648721739777
1220292641838886912
1220292603830104067
1220292572003745793
1220292562235404288
1220292560511434752
1220292554152869896
1220292551225163776
1220292532560515072
1220292532300439555
1220292495508045824
1220292472951017472
1220292454026502144
1220292436070526977
1220292421868650496
1220292420958662657
1220292377165926402
1220292371671158785
1220292355795800064
1220292354151677953
1220292349047140354
1220292304612864000
1220292265618419712
1220292256193581056
1220292254641733632
1220292241220079616
1220292240964120576
1220292231258607616
1220292214841991168
1220292195124678657
1220292180280926208
1220292169120075776
1220292160999903232
1220292150467932160
1220292149347962881
1220292097850269696
1220292093614133250
1220292092162785280
1220292073300971520
1220292012164804608
1220291945542516736
1220291943743115265
1220291931688853506
1220291927221751808
1220291923774255104
1220291912529104896
1220291911744811008
1220291910666838016
1220291894028070912
1220291860335190018
1220291849824325632
1220291822565629953
1220291802189615104
1220291800235171840
1220291776700764160
1220291755788075009
1220291710376456192
1220291698624008192
1220291685944455168
1220291673705472001
1220291615668854784
1220291609067171840
1220291602058547200
1220291597054685185
1220291580784992256
1220291568592048130
1220291532688777217
1220291530017001473
1220291518998577152
1220291508009439233
1220291495644647424
1220291456637771776
1220291436551163904
1220291436341530624
1220291412467404805
1220291396940156930
1220291385653252096
1220291377772167169
1220291346625388544
1220291338907897858
1220291333316923392
1220291330070339587
1220291312831758338
1220291298462060545
1220291271413194752
1220291254744993797
1220291220817137664
1220291219357499392
1220291176210632709
1220291147488284673
1220291120594329600
1220291112730091521
1220291108564959232
1220291106170114053
1220291082136756224
1220291078072471552
1220291063853678594
1220291063388295173
1220291062922694656
1220291057885286401
1220291055427321856
1220291044983459840
1220291041703710721
1220291022116270081
1220291016667717634
1220291012343431168
1220290975219638273
1220290933708726272
1220290923747086337
1220290922417573888
1220290891027488769
1220290887160299521
1220290848367071234
1220290798404558848
1220290795707731968
1220290774358790144
1220290768293658630
1220290762891390976
1220290755606077440
1220290723993571329
1220290681396060160
1220290657794719744
1220290652610682880
1220290626706604032
1220290605043068928
1220290600261435397
1220290569584463872
1220290541411172357
1220290528098443265
1220290491750596608
1220290486696476672
1220290483567714305
1220290473639600128
1220290471785709568
1220290462612742144
1220290448670912512
1220290424214114304
1220290416945201152
1220290401690480641
1220290359718240256
1220290344564051968
1220290328005050372
1220290311068508165
1220290300947484672
1220290285562785792
1220290282148782080
1220290265170055168
1220290232370761733
1220290232047652864
1220290183985160192
1220290165014315008
1220290153421266944
1220290103169310720
1220290066376904704
1220290043119464449
1220290040753876992
1220289969303867393
1220289954330353664
1220289949469040640
1220289949423063040
1220289945132290048
1220289944381317121
1220289943026593792
1220289902723653632
1220289886097477633
1220289855806038016
1220289834541031424
1220289827121324032
1220289816245370880
1220289813326090240
1220289794502221825
1220289749920862213
1220289744585789441
1220289735593086978
1220289721022152704
1220289717805019136
1220289667536510981
1220289661471346696
1220289634627915778
1220289624875995137
1220289615812268033
1220289589216067585
1220289573692928000
1220289549961658368
1220289530093166592
1220289523206082560
1220289521515823105
1220289511608864768
1220289508303867910
1220289495922176000
1220289489014161409
1220289448534892544
1220289448048357376
1220289426317873153
1220289404524101633
1220289386182598657
1220289383741427712
1220289296222973952
1220289260269469697
1220289241399222272
1220289237930561536
1220289196184629249
1220289183597649920
1220289156137541642
1220289153767813120
1220289133429608449
1220289130350821377
1220289116081815552
1220289099996762112
1220289068111519745
1220289066534604800
1220289037560315907
1220289036159463431
1220289030576922624
1220288999715004417
1220288966546489344
1220288873772666881
1220288856018255872
1220288837122838531
1220288807523713024
1220288807079043072
1220288797016907777
1220288783477702657
1220288779178651648
1220288732055703553
1220288714770763776
1220288707577765893
1220288644545761281
1220288629781585921
1220288594410999808
1220288538735972352
1220288473443315713
1220288448231280642
1220288444556988422
1220288399916986369
1220288394674094081
1220288315217338369
1220288284993163265
1220288283051200512
1220288240554397696
1220288185047158784
1220288055560433664
1220288052821557249
1220288045653676032
1220287946680459265
1220287934395568128
1220287886781640704
1220287822550011904
1220287812156526592
1220287769748131841
1220287704899997696
1220287637212188672
1220287607591952384
1220287595483103233
1220287580303843328
1220287513719214081
1220287501090209792
1220287500549156871
1220287403614597120
1220287370873864194
1220287300678057984
1220287278305677312
1220287255518097409
1220287186056228866
1220287183619182593
1220287125620428805
1220287086281969666
1220286899614404609
1220286861626761216
1220286838478258177
1220286796334092291
1220286794022969346
1220286723621560321
1220286677324713985
1220286644898516992
1220286638883950594
1220286618688421891
1220286616373100545
1220286472751702017
1220286370968678400
1220286363792179201
1220286353532956673
1220286340069126145
1220286334000078848
1220286321408655360
1220286289271873536
1220286276395569152
1220286239452160000
1220286229167714304
1220286111580401665
1220286078600478720
1220286064230682624
1220286016675647488
1220285982685175808
1220285943376048128
1220285855069163522
1220285836442230785
1220285796995018752
1220285629281423362
1220285575485222912
1220285504526008320
1220285302415286273
1220285205820383233
1220285146261270529
1220285129681031168
1220285124987613185
1220285111566045185
1220285089600413696
1220285075482390530
1220285057329434624
1220285051448877056
1220285042091417601
1220300050917662721
1220299824538574849
1220299788345843712
1220299709509787651
1220299664479739910
1220299373332107266
1220299312665677824
1220299197238468610
1220299154917928962
1220298931818483713
1220298890878103554
1220298766697275392
1220298763501232128
1220298741590175745
1220298683394097152
1220298636808114176
1220298463973343232
1220298438325231616
1220298415159930880
1220298359967076352
1220298255273275399
1220298231873183746
1220298218111741952
1220298178521653249
1220297704783392769
1220297641747275776
1220297584100675586
1220297555621416962
1220297503146418176
1220297157766500352
1220297132634255360
1220297027973599232
1220296958201384960
1220296810146738177
1220296794766303232
1220296727657316352
1220296700750893056
1220296675379634177
1220296436551602177
1220296330947547137
1220296322881916929
1220295914662834176
1220295898326077441
1220295819993075713
1220295815622688768
1220295812858765312
1220295786681913344
1220295740204994561
1220295523443388416
1220295505256878081
1220295470599135232
1220295424315199488
1220295407651127296
1220295402206965760
1220295375917060098
1220295280672661504
1220295241455915009
1220295200125280258
1220295173743075330
1220295160908734464
1220295032856596480
1220294995527122944
1220294987075768327
1220294876597612546
1220294852417507328
1220294835862691842
1220294788651651072
1220294770574053376
1220294604160765952
1220294258558672897
1220294129722241024
1220293982736896001
1220293945067962370
1220293868622635008
1220293858623229954
1220293847734898693
1220293839686115328
1220293705833123840
1220293643648417792
1220293603521490944
1220293525557927941
1220293463549280263
1220293356741222400
1220293322121437186
1220293209009676288
1220293104789417986
1220293081142001664
1220293033272512519
1220292933410283520
1220292880050331649
1220292858806251520
1220292732683464705
1220292662248366080
1220292658280706048
1220292632011735042
1220292601141768193
1220292390801608704
1220292295993544707
1220292244738936832
1220292204679266306
1220292153987026944
1220292148517572609
1220292086307737603
1220291984889270273
1220291962332438528
1220291936852094977
1220291888781123584
1220291834183856137
1220291801585737729
1220291724473442304
1220291620882403328
1220291535956299778
1220291468214050816
1220291448802873344
1220291446525374464
1220291437033426944
1220291354120593409
1220291338534449152
1220291308478238721
1220291213766488065
1220291201733033985
1220291198604070914
1220291172796719104
1220291149761404928
1220291065904713728
1220291031079571459
1220291029531791360
1220290825344602112
1220290783535910912
1220290748047745025
1220290715290361858
1220290574839959552
1220290463984443392
1220290369746653184
1220290086874570752
1220289957937348608
1220289641334607875
1220289367022936064
1220289292888682501
1220289130954776576
1220289107164848133
1220289092241559552
1220289054500999168
1220289008888053760
1220288901119709184
1220288887274295296
1220288853904449536
1220288827098529793
1220288805774622720
1220288707825229831
1220288644726034432
1220288563100684288
1220288543953649664
1220288511632379904
1220288486533664773
1220288443290439680
1220288443176980480
1220288307063599104
1220288293667004416
1220288290978484224
1220288226251788288
1220288110002688001
1220288088343183360
1220288063257088002
1220288036069617664
1220288021569921024
1220287995611246592
1220287992268513282
1220287982319611904
1220287970412023808
1220287943941722112
1220287849498415105
1220287832125792256
1220287811452112896
1220287721136107520
1220287612423933952
1220287594392670208
1220287562582982657
1220287472321560582
1220287420060422145
1220287397579120641
1220287367317032960
1220287260932722688
1220287246949146625
1220287223217696768
1220287178691006465
1220287152979947521
1220287122936160261
1220287100416864258
1220287017726238722
1220286893679529984
1220286884745596929
1220286872376741888
1220286846279868421
1220286839090708480
1220286806266187778
1220286758862118912
1220286632491995136
1220286583737212928
1220286558131105792
1220286464422006785
1220286422000848896
1220286415092830212
1220286376173809668
1220286224184889344
1220286172804657153
1220286107004239874
1220286030995169280
1220285990188785664
1220285946479988737
1220285851608981505
1220285849402609664
1220285833619611649
1220285772080799750
1220285765071958016
1220285657299460096
1220285614676942848
1220285534934749185
1220285486108819457
1220285384640192513
1220285351920570369
1220285244479365122
1220285189529784321
1220285128070615041
1220285070394572800
1220285043660079105
1220285041261129728
1220300133306290176
1220300127958638593
1220300113257455616
1220300097042255872
1220300069167161344
1220300062389145600
1220300059897516033
1220300043367809025
1220300039995551745
1220300032965955584
1220300026997395456
1220300007154290691
1220299998664982529
1220299981548130305
1220299964330340353
1220299942230740992
1220299937608585216
1220299898714673158
1220299895237595136
1220299892687548416
1220299879119048704
1220299869480353792
1220299826086068224
1220299809971560451
1220299805177417728
1220299792770838528
1220299762219356160
1220299755315716097
1220299740396474368
1220299727436161025
1220299702144385025
1220299701326577664
1220299595181215749
1220299581084168194
1220299570808180736
1220299556631351296
1220299456437878785
1220299425223974913
1220299413895049216
1220299403489173511
1220299393611395072
1220299370748239873
1220299362699317248
1220299360715431936
1220299355288027141
1220299348841508865
1220299339924246528
1220299335629492224
1220299329019183104
1220299323726012416
1220299321255424002
1220299269938274306
1220299261327396865
1220299258680639489
1220299236790525952
1220299232843915264
1220299230385930240
1220299208441286656
1220299196663681025
1220299195799699456
1220299191294935041
1220299183069880320
1220299154229841921
1220299142519328771
1220299130968236032
1220299128409735168
1220299124014108672
1220299116665659392
1220299103004835840
1220299069836484613
1220299048516612096
1220299048185286657
1220299044649459712
1220299039238811648
1220299022814060544
1220299008226119680
1220299004405149696
1220298974919155718
1220298922540687360
1220298889112064001
1220298872875937793
1220298862117761027
1220298855821922310
1220298848452538374
1220298841783599104
1220298824935190528
1220298810397609984
1220298779561054208
1220298774498558177
1220298763014635520
1220298742516998144
1220298733172035585
1220298730433368069
1220298690302103552
1220298686455894016
1220298680835530752
1220298671910080515
1220298657724895232
1220298649969754112
1220298644303175680
1220298631950921728
1220298620974571520
1220298620731260928
1220298617535090688
1220298608597032960
1220298603349938179
1220298602901204992
1220298539437178881
1220298495996727296
1220298493878665217
1220298491114618880
1220298490107924480
1220298414455308289
1220298412752457729
1220298402518274049
1220298378963079168
1220298354933977088
1220298336147652609
1220298306330468352
1220298274105516033
1220298254975287296
1220298198863859713
1220298196418621440
1220298186394230784
1220298168912531456
1220298132040421376
1220298114063577088
1220298109370003457
1220298085164670977
1220298039069294592
1220298014541021184
1220297985315065856
1220297977018888192
1220297971872550913
1220297962150146048
1220297953731964928
1220297946974932992
1220297933704196096
1220297926062198784
1220297919984627712
1220297917518532610
1220297917283610630
1220297904302092288
1220297871884308480
1220297871364280323
1220297863634268160
1220297862380019713
1220297831207976960
1220297823838560257
1220297781039943680
1220297759955156992
1220297731316469760
1220297718490206208
1220297705693630464
1220297674076950528
1220297659359121411
1220297602194952194
1220297595022716928
1220297586550034432
1220297583572111365
1220297570385158144
1220297553024933888
1220297550273503233
1220297540865789953
1220297512839471104
1220297496888520706
1220297476290351104
1220297465900892162
1220297420996694017
1220297351593590784
1220297338452729856
1220297312204816384
1220297307851239426
1220297281125023744
1220297276339286016
1220297262930132992
1220297262720520192
1220297255745355776
1220297218521018371
1220297197712883712
1220297193099165696
1220297168633745408
1220297144839487488
1220297082893828096
1220297064673767425
1220297054913748993
1220297035238129664
1220296988383571969
1220296970318667777
1220296966829170688
1220296960864768005
1220296874827010048
1220296872427806721
1220296857479331842
1220296815578234880
1220296801561010176
1220296789951049728
1220296779427655685
1220296776357502983
1220296757952860160
1220296700725620741
1220296676705034241
1220296674481803265
1220296668157022209
1220296638716997632
1220296631838314496
1220296602839146497
1220296597906579456
1220296588968579072
1220296582391726080
1220296579828998144
1220296558794694662
1220296558589046784
1220296548451438592
1220296540507361282
1220296535411310592
1220296526162825217
1220296525294657536
1220296473964793856
1220296467505537024
1220296445380546560
1220296398597435392
1220296394205954049
1220296379156688896
1220296370474475520
1220296365751668736
1220296364413849601
1220296357514117120
1220296350442516480
1220296322500087809
1220296313327120385
1220296296642142209
1220296266334101504
1220296241281519616
1220296240069595136
1220296219748130818
1220296185711214592
1220296172637544448
1220296130514186240
1220296124705181696
1220296106032001024
1220296097123438593
1220296096418652161
1220296072569868289
1220296048591196160
1220296031528726528
1220296007130370050
1220295988369248257
1220295979787677696
1220295971529117696
1220295967355867139
1220295961248796672
1220295937798467591
1220295930357997568
1220295927128379394
1220295901949784064
1220295882295271424
1220295866776530944
1220295862581989376
1220295861906878465
1220295857397829633
1220295840859815936
1220295816310444032
1220295806411894786
1220295790112854017
1220295785025175552
1220295783632625664
1220295767866241025
1220295753815351298
1220295736291708928
1220295723952099328
1220295700983894016
1220295691840512001
1220295690716356608
1220295669996347392
1220295665328087041
1220295631060619264
1220295628816674816
1220295616107909120
1220295612471697408
1220295603290329088
1220295588790423552
1220295575389626369
1220295567865040897
1220295516040261632
1220295511820980224
1220295480602611712
1220295455856136192
1220295438634491904
1220295420850491393
1220295414630404096
1220295413267193859
1220295401087098880
1220295400386490369
1220295397047820288
1220295389666054145
1220295378878124033
1220295362499489792
1220295354203041792
1220295307222642689
1220295306991955970
1220295304680898561
1220295298347491328
1220295256844857344
1220295238998052865
1220295183264145408
1220295086627528704
1220295081220960259
1220295077169442816
1220295068789112832
1220295068445069314
1220295061600002048
1220295015383158785
1220294993878888448
1220294990909386758
1220294986085699589
1220294978347446273
1220294974337536000
1220294964568920064
1220294955546996737
1220294954280345600
1220294941202665472
1220294939352846339
1220294939046817792
1220294934034440197
1220294885577805825
1220294880083218432
1220294869802876928
1220294864094388224
1220294830363901952
1220294829600657411
1220294820586909698
1220294770716622848
1220294750672171013
1220294737170763776
1220294727339257859
1220294712093040641
1220294711740682240
1220294695290458112
1220294692421677059
1220294679553462272
1220294666924560384
1220294662667350017
1220294650335858688
1220294646414241792
1220294635697754114
1220294634980679680
1220294627900547072
1220294621416378368
1220294616668180480
1220294589812264960
1220294575467581440
1220294569331494912
1220294535324016640
1220294530164903937
1220294516554420224
1220294418814472193
1220294408005795840
1220294374229065734
1220294373981618177
1220294361063182337
1220294342570471425
1220294325566705664
1220294307883765771
1220294292813434880
1220294280515854336
1220294205953605638
1220294190849880067
1220294187544911873
1220294178602545152
1220294174844473345
1220294166443372545
1220294156544692224
1220294154678407168
1220294148219002880
1220294117042704389
1220294105307045889
1220294097623117824
1220294059433967616
1220294034092150787
1220294029063217153
1220294023392395264
1220294022306000896
1220294016333500417
1220294005319180289
1220293981126348800
1220293965536100352
1220293945097244672
1220293938252140545
1220293931000389632
1220293929062543362
1220293913375756289
1220293890017640448
1220293876742668289
1220293872531591170
1220293847223132160
1220293814201524224
1220293753849729024
1220293751609921536
1220293751274258432
1220293728054730752
1220293727517847553
1220293702775496704
1220293699839483905
1220293667421732865
1220293647620399104
1220293645984600064
1220293642423685124
1220293639378595841
1220293629933182976
1220293617035563008
1220293614099738629
1220293580356325377
1220293574387830784
1220293562799030272
1220293529949351936
1220293529248731137
1220293527537700872
1220293488614371329
1220293467370348544
1220293447367577605
1220293419471265792
1220293394502705153
1220293375678611457
1220293374982279169
1220293352861532160
1220293346679123968
1220293333919993856
1220293322134249473
1220293320309538816
1220293318988292097
1220293300550160384
1220293295328374784
1220293294426595328
1220293292866166784
1220293292199301120
1220293246330359809
1220293230769520642
1220293199521992714
1220293177313095680
1220293167372820480
1220293155515457537
1220293141682479104
1220293130093617152
1220293119452860418
1220293116864778242
1220293103531315200
1220293100674805760
1220293098623733760
1220293091208286209
1220293056546705408
1220293039517814785
1220293038649552896
1220293024518795267
1220293017162190849
1220293014876082176
1220293014402134016
1220293008739823616
1220292985453080582
1220292980923224064
1220292979698606084
1220292958341099520
1220292956911013888
1220292954138587137
1220292913776619520
1220292904545144834
1220292894818353152
1220292871644950529
1220292868771930113
1220292856985735168
1220292807857864710
1220292788635369473
1220292770104889344
1220292764681809920
1220292764094664705
1220292752061214720
1220292728602292224
1220292725800484865
1220292712240492545
1220292711674261504
1220292706871566337
1220292702605983748
1220292677482102784
1220292676311891969
1220292675443793921
1220292654556008449
1220292646968709121
1220292617017032704
1220292599111733249
1220292586411302917
1220292522431283201
1220292510943252481
1220292505456873475
1220292504903471104
1220292485403967489
1220292469817872385
1220292437525942274
1220292426318909442
1220292425706590209
1220292418362232833
1220292399701876736
1220292370484228097
1220292358152998918
1220292357171470337
1220292349302960128
1220292329904340992
1220292309985742848
1220292301404151809
1220292294256934913
1220292269103697921
1220292242214023168
1220292185746112512
1220292171431059458
1220292149314342912
1220292145954938882
1220292137746604032
1220292125671096320
1220292116477169666
1220292106511507458
1220292095715315712
1220292081093992449
1220292064342106112
1220292016589852674
1220291992841666563
1220291971752677376
1220291956552552449
1220291940211511296
1220291918325633024
1220291906833223680
1220291906325794817
1220291902123102210
1220291886952239104
1220291874272923650
1220291861379596289
1220291857000747008
1220291855767597056
1220291844971433985
1220291773064306690
1220291769792782337
1220291765455863808
1220291754244501509
1220291751593689089
1220291739136577536
1220291711861026816
1220291703342395392
1220291654533337088
1220291599399129088
1220291581359665152
1220291580919087110
1220291561902215169
1220291556520841216
1220291554524319744
1220291530528739330
1220291524195504128
1220291493295984640
1220291492243066880
1220291490162696194
1220291467949658118
1220291457686237184
1220291441315831809
1220291439290146837
1220291426614829058
1220291405144150016
1220291396898381825
1220291376052465666
1220291355106324481
1220291354581848065
1220291352237244416
1220291345543286785
1220291338786066433
1220291320071122944
1220291319907614720
1220291294834065424
1220291283668758529
1220291282523713537
1220291280376221696
1220291270196621312
1220291261367644160
1220291238038867969
1220291213095399424
1220291212772462593
1220291209106788352
1220291203242921984
1220291200910913536
1220291194602672128
1220291183466991617
1220291182254678016
1220291171504861189
1220291167129964544
1220291159974727682
1220291136725512192
1220291127598899200
1220291124050292736
1220291121877803008
1220291116278460417
1220291095768203264
1220291093050294273
1220291070925213697
1220291062238855168
1220291050201407490
1220291019461287936
1220291009243836416
1220291006513344512
1220290998863089665
1220290994727317504
1220290956693426176
1220290954529132544
1220290927425720320
1220290921511546880
1220290897243279360
1220290879052644352
1220290870043275271
1220290838372044800
1220290831497617408
1220290821100052482
1220290798308265984
1220290783825129472
1220290746747514880
1220290725276983296
1220290703869112320
1220290688920588290
1220290686932545541
1220290669484412928
1220290665969410048
1220290664664981504
1220290661418561536
1220290657127784449
1220290648932110336
1220290641667686406
1220290629747429377
1220290625116999682
1220290612991160321
1220290606393507840
1220290579071938560
1220290564240920576
1220290514890579968
1220290512013463552
1220290497081573376
1220290493462040576
1220290483286470656
1220290478857281541
1220290475556360192
1220290462797287425
1220290454832345088
1220290436247576578
1220290435857424384
1220290426084585473
1220290402890072064
1220290391536062465
1220290389061591045
1220290381864001536
1220290381050302464
1220290376243613696
1220290374616473600
1220290373890662402
1220290366714339328
1220290362301796352
1220290355477782528
1220290331700277249
1220290325496913920
1220290308149215233
1220290298724507648
1220290295935275010
1220290291149803520
1220290268018114560
1220290247650676736
1220290237454155777
1220290233054498816
1220290208152932353
1220290158374916096
1220290155312902144
1220290127106174976
1220290110580617216
1220290067631083520
1220290062954287104
1220290035699728384
1220290031895617536
1220290028770938880
1220290026686148608
1220290010420666372
1220289988279132160
1220289979416489984
1220289961993408512
1220289954909048832
1220289952241659904
1220289948617601026
1220289935321649154
1220289913041620993
1220289895136157696
1220289860185022464
1220289855999172608
1220289846687621120
1220289839452446721
1220289837271371777
1220289831407779840
1220289814164987904
1220289812340494337
1220289795047378944
1220289782124691457
1220289781113982976
1220289748599787520
1220289736100548608
1220289734896803840
1220289703393415169
1220289693297676289
1220289667154747392
1220289656891174914
1220289638608199681
1220289609994768384
1220289593422970880
1220289530583846912
1220289485944053760
1220289477974904832
1220289469397340161
1220289463521247232
1220289437159972864
1220289430843359233
1220289414280052736
1220289407132897280
1220289383850565637
1220289383028252674
1220289364954992640
1220289354888704000
1220289340393152512
1220289333254471681
1220289322034835457
1220289290879455233
1220289246298132480
1220289225997869057
1220289209799344128
1220289203625496576
1220289192594305024
1220289149829173250
1220289138043297798
1220289122092355584
1220289076529467393
1220289061274845184
1220289048184598529
1220289035513450497
1220289028991225856
1220289015267516416
1220288991703924738
1220288967398039561
1220288960020111361
1220288920677519360
1220288906190393345
1220288891594264578
1220288873470672896
1220288852834897920
1220288848179138560
1220288821729751040
1220288804298211329
1220288801521782784
1220288780575264769
1220288778100772864
1220288765182144512
1220288751412269062
1220288749474439169
1220288738078494720
1220288731107586048
1220288715177644032
1220288710849302533
1220288709255258112
1220288709033000960
1220288682462068736
1220288666855018496
1220288666821632001
1220288662350393345
1220288652636352519
1220288650639896576
1220288622961680384
1220288574190342144
1220288553797603328
1220288553139093505
1220288541617348612
1220288532738035712
1220288514924929024
1220288505638768640
1220288496251760640
1220288426068627457
1220288423161946113
1220288422343954432
1220288418757795840
1220288416262131712
1220288416065015808
1220288381705490432
1220288380417822721
1220288327623925760
1220288281054568448
1220288262582886401
1220288245843382272
1220288235311697920
1220288210242195456
1220288199869784065
1220288148111912961
1220288083012145152
1220288031837446144
1220288016410972160
1220288002024525824
1220287985209442305
1220287961477967872
1220287949557858304
1220287917848813568
1220287902371856384
1220287859187421184
1220287807173906432
1220287804011208704
1220287798177038336
1220287797367574529
1220287786596491265
1220287749716086784
1220287749535588352
1220287723929509888
1220287722205728774
1220287718833283072
1220287685362946048
1220287644053041152
1220287632539836416
1220287623740084224
1220287584347148288
1220287547898617862
1220287539950604290
1220287480852819969
1220287455326359558
1220287429569056768
1220287420081377282
1220287419603243009
1220287386518601728
1220287341681500160
1220287340964450304
1220287339903188992
1220287318222757888
1220287317816102913
1220287272916004864
1220287248068833280
1220287234169098240
1220287203328180227
1220287190808199168
1220287172248399872
1220287100299272192
1220287068145737728
1220286971752247297
1220286913472425985
1220286899186585600
1220286859055640577
1220286838432321541
1220286833730322435
1220286818286895104
1220286786334679040
1220286760665567233
1220286678436368386
1220286670966099969
1220286631963496449
1220286623012835328
1220286603568041986
1220286603274289153
1220286600795455488
1220286574044336134
1220286546554867717
1220286542234566656
1220286540984619008
1220286529576112129
1220286529139961856
1220286519568560129
1220286514132729858
1220286501835030529
1220286499876417537
1220286495036071936
1220286444863811584
1220286378958700544
1220286378346455040
1220286368296898561
1220286353721585665
1220286350714273792
1220286344024547328
1220286343802044416
1220286336772345856
1220286311631917057
1220286294342766592
1220286281491435520
1220286278589190144
1220286272264163328
1220286260775833601
1220286245084987392
1220286243608489984
1220286230241431553
1220286208514785282
1220286200650571782
1220286173270233088
1220286171911114752
1220286147722665984
1220286140323749889
1220286136993636353
1220286124310106113
1220286106010185728
1220286098728861703
1220286083595792384
1220286069578575872
1220286057649885184
1220286057230544897
1220286052948004864
1220286023269113857
1220286022967156741
1220286004528963585
1220285991677779969
1220285980537581569
1220285967136780289
1220285953224237056
1220285908735418369
1220285879723249664
1220285878632763392
1220285853722804224
1220285842121379840
1220285830121451521
1220285824941473792
1220285824412991489
1220285820583604224
1220285816150220801
1220285808273317890
1220285804674568192
1220285802938155014
1220285790678216704
1220285765520781313
1220285764711305216
1220285749293133824
1220285747527204865
1220285739457380352
1220285733593698304
1220285730569637889
1220285701897326592
1220285693806538752
1220285664312229888
1220285660944269312
1220285641075896320
1220285638932434944
1220285628379811840
1220285626974535680
1220285608662192129
1220285606762143745
1220285595311673344
1220285593713692672
1220285582401773568
1220285555830927360
1220285530639757312
1220285521957511168
1220285504895299585
1220285494073921542
1220285485022576640
1220285461945405443
1220285459420467201
1220285448221683712
1220285426235129856
1220285406131802113
1220285404751884288
1220285396069666816
1220285394991738880
1220285385802014721
1220285372850233344
1220285366445334528
1220285362259529728
1220285337706082304
1220285328226836480
1220285325446004736
1220285318424776704
1220285316621393923
1220285309402763267
1220285305829220352
1220285278239117318
1220285278201380864
1220285239987015687
1220285227563548672
1220285223067357189
1220285203517591557
1220285201277956096
1220285173431799808
1220285139046940672
1220285128586346496
1220285120428544000
1220285051281334272
1220285049322557442
1220285046252158976
1220300124896874497
1220300109696471040
1220300068005138433
1220300029270904832
1220300026997624832
1220299976577835008
1220299972244951042
1220299922550841344
1220299910156713984
1220299864728162305
1220299668908904448
1220299656804098048
1220299639632457729
1220299614923841536
1220299549744361472
1220299542819590144
1220299534800023553
1220299467682766850
1220299455359881216
1220299450100273152
1220299347201425408
1220299323256209408
1220299300803989504
1220299299231354880
1220299264040923138
1220299121166143488
1220299066942337031
1220299059484774400
1220298922964291584
1220298898247315456
1220298862788849664
1220298839996809217
1220298833734881281
1220298831327137792
1220298721335939078
1220298694597189634
1220298686045081601
1220298648409427968
1220298646085885952
1220298613458395137
1220298570294648832
1220298472785494018
1220298441286275072
1220298381068730371
1220298379466563584
1220298371199426560
1220298317646696448
1220298299057393664
1220298210968653824
1220298187967090689
1220298172133568513
1220298108157886464
1220298093792382976
1220298089052790785
1220298082451173381
1220298069595521024
1220298065279623168
1220298018748096512
1220297999005442048
1220297975462653953
1220297931854512128
1220297912967712768
1220297860731658240
1220297830641946625
1220297822286647296
1220297752426369024
1220297717320015872
1220297681563574272
1220297671321227264
1220297651272335360
1220297645308071937
1220297599107903489
1220297544552419328
1220297499077902338
1220297487241502720
1220297365573079040
1220297344861626374
1220297301245059072
1220297257494503425
1220297248237551616
1220297220106280960
1220297180197675008
1220297172723343360
1220297119371677696
1220297075730059264
1220297036567851008
1220296914542837760
1220296899665833989
1220296885057003520
1220296873224933376
1220296850256941056
1220296821144055809
1220296733063708673
1220296732589711362
1220296717511417856
1220296584606314496
1220296529925115904
1220296475013341184
1220296473201401857
1220296448446803968
1220296411033546753
1220296381115633664
1220296368272465920
1220296326124097548
1220296319266258945
1220296204388466688
1220296192258502657
1220296190480150528
1220296178887249920
1220296067062870016
1220296029448241155
1220295911449878528
1220295904369856512
1220295866424156163
1220295851475636225
1220295797293535232
1220295793246117888
1220295784047968258
1220295736476229632
1220295726674010112
1220295691316031488
1220295683514806273
1220295663281270784
1220295538425253889
1220295528308772865
1220295508138184705
1220295471618330625
1220295405830692864
1220295405381939200
1220295394090835968
1220295349794942976
1220295324427665408
1220295298624499716
1220295223143694336
1220295220094332928
1220295135428149248
1220295117996789760
1220295107401773057
1220295104360939520
1220295001546072064
1220294893207080960
1220294892699582464
1220294892628402176
1220294880838086656
1220294868137844737
1220294839327170561
1220294747912196096
1220294677972148224
1220294633688903680
1220294631717527552
1220294607176552449
1220294555968376833
1220294499932438528
1220294489593376768
1220294472199786496
1220294440318717952
1220294439052238848
1220294433704312833
1220294431494082560
1220294427383496704
1220294426133762048
1220294407418572802
1220294368818425856
1220294222135382017
1220294205349777413
1220294171967123456
1220294082754252801
1220293951241895937
1220293943016865794
1220293913816137730
1220293912973205504
1220293841078501378
1220293793045331968
1220293770027110400
1220293745498841088
1220293742596255744
1220293733838540800
1220293623796969472
1220293531614531584
1220293468121190400
1220293387422748673
1220293378463584257
1220293372050460679
1220293320686989313
1220293315142266880
1220293101559762944
1220293099810893824
1220293096140787712
1220292816556851200
1220292812911964160
1220292809619656705
1220292806226391040
1220292753051070465
1220292702224306176
1220292616769556480
1220292591230406661
1220292575837315075
1220292486188257281
1220292467104174085
1220292433839149057
1220292404277846016
1220292399957671936
1220292348854165504
1220292259930763269
1220292159732998145
1220292103076339717
1220292043601149953
1220291997988089856
1220291986588078081
1220291866584846337
1220291732404727808
1220291631242448897
1220291624984629248
1220291498912038912
1220291466431533056
1220291321773969409
1220291181365604352
1220291139409862656
1220291042181885953
1220291035252715520
1220290826565234689
1220290777919578113
1220290615285432325
1220290614895378432
1220290597505896448
1220290552714817544
1220290547849535488
1220290470535933952
1220290395864817665
1220290325131845632
1220290296703078406
1220290289006452737
1220290172719255552
1220290142608527360
1220290020348530688
1220289987188445184
1220289930015830016
1220289658321620996
1220289592680574977
1220289417857732608
1220289370630053888
1220289335456481280
1220289279470915585
1220289178522374144
1220289127767314432
1220289118686441472
1220289000717471744
1220288890738622464
1220288855078621184
1220288676921585664
1220288601759588356
1220288539339841536
1220288520633405440
1220288274184491008
1220288068277587968
1220287963675926529
1220287915680505856
1220287779805884417
1220287670745591809
1220287665804922881
1220287263944265728
1220287060579209216
1220286810875748354
1220286759956729856
1220286711378280448
1220286593518526464
1220286553471299584
1220286528397594626
1220286398390915076
1220286004457656323
1220285988045410304
1220285866838392832
1220285827886002177
1220285480144531457
1220285361164652546
1220285312494198792
1220285212778565632
1220285040891961345
1220300075928379393
1220300023117877249
1220300022618578944
1220299983024541697
1220299942977249280
1220299908789325825
1220299905731833858
1220299831429648384
1220299829395386370
1220299824119144448
1220299810500153346
1220299805080973312
1220299745895297024
1220299726081482754
1220299702522077185
1220299674877353984
1220299616832241664
1220299579041570817
1220299566706069504
1220299553263341568
1220299546271604737
1220299472892256256
1220299436858970112
1220299410162077697
1220299402402643969
1220299391275110400
1220299379606577153
1220299355317424129
1220299353547345920
1220299352133881862
1220299352066813953
1220299333364584449
1220299258202664960
1220299193954160641
1220299184244449284
1220299182885548032
1220299178229846016
1220299154557145090
1220299145191329793
1220299113662763009
1220299104309403648
1220299042527182849
1220299028832956416
1220299028832845825
1220299026538487808
1220299024487591936
1220299022818299905
1220298991889289216
1220298990559944704
1220298980849942528
1220298973249929216
1220298940978995202
1220298926986711040
1220298920552734720
1220298909177638912
1220298863837270020
1220298846976143360
1220298844925091840
1220298810049490944
1220298777044500480
1220298775719104513
1220298710103408645
1220298698174820352
1220298641421656064
1220298595150286848
1220298555065171970
1220298520587952128
1220298512858001408
1220298491383017473
1220298489650958336
1220298481140523008
1220298474320814081
1220298460634603520
1220298454754156545
1220298439214411777
1220298426027409409
1220298385304907776
1220298371245715456
1220298359170306048
1220298330485342209
1220298318913269761
1220298300823203841
1220298226705801216
1220298222897369089
1220298192790491136
1220298184947326976
1220298127703339008
1220298076629409792
1220298061273919490
1220298060418277376
1220298019762888704
1220297982442119169
1220297956521365504
1220297953341952001
1220297945670701056
1220297883389480968
1220297878020558849
1220297877601189888
1220297871859310592
1220297859540639744
1220297836023242753
1220297746155892736
1220297723909296129
1220297719614332928
1220297704728940545
1220297673535840257
1220297598394748928
1220297581521186816
1220297578648166402
1220297569525358592
1220297524306575360
1220297487824519169
1220297439422242816
1220297432879304704
1220297431730008064
1220297428110176261
1220297399383408640
1220297362775728128
1220297353757962241
1220297336363999232
1220297334975860736
1220297278952550402
1220297238179483648
1220297153228222464
1220297151340662784
1220297147012108294
1220297024639160320
1220297005769031682
1220297005039149057
1220296988853301248
1220296858347634689
1220296836063334400
1220296813426593792
1220296788147458048
1220296759290757120
1220296759148269568
1220296751145459712
1220296738998837249
1220296641099419649
1220296633444757504
1220296551916064768
1220296526473228288
1220296494743314432
1220296493443231744
1220296463336398851
1220296447419174912
1220296398509412352
1220296385385455616
1220296365613318146
1220296362765561861
1220296351583326208
1220296334013538304
1220296315021799425
1220296263062761472
1220296252773916673
1220296203457433601
1220296159496933376
1220296146637049856
1220296144414179330
1220296067071111168
1220296058426871808
1220296056979763202
1220295987995930629
1220295969985699840
1220295934166200322
1220295896316944388
1220295874447839233
1220295849076391938
1220295842877194240
1220295797004292097
1220295747049885696
1220295743480590336
1220295702347243521
1220295696978468864
1220295669380001797
1220295610084933632
1220295574794244098
1220295570725703681
1220295542045102080
1220295524961718272
1220295523409842176
1220295519429451776
1220295494213283840
1220295420317814784
1220295380018978816
1220295369982038016
1220295311274307585
1220295257100713984
1220295199005364225
1220295093137133569
1220294978586365955
1220294974467526656
1220294966385180672
1220294889985855488
1220294865617137665
1220294842221088769
1220294840669179906
1220294831282388992
1220294741411033088
1220294721731485696
1220294617540763648
1220294591569514501
1220294519251296256
1220294472027623425
1220294468965847042
1220294424250347520
1220294404390490112
1220294280108838913
1220294221849980928
1220294206805237760
1220294193639067648
1220294109484572672
1220294085858267136
1220294020989100037
1220294010755059712
1220293955620765696
1220293902718119937
1220293895793213440
1220293877745106944
1220293855406370816
1220293774116392960
1220293773294391297
1220293737898807296
1220293734581133312
1220293733209407488
1220293726557224960
1220293721062703104
1220293664234098688
1220293652221779968
1220293616758706176
1220293556327407617
1220293545631850497
1220293404417937408
1220293369617735681
1220293341985812481
1220293301418332160
1220293291650011137
1220293248297488387
1220293212235014145
1220293185089355776
1220293169612345344
1220293122304819201
1220292996958056448
1220292993887997958
1220292970399911936
1220292902846435329
1220292898580619264
1220292873582776320
1220292838052765696
1220292819379802115
1220292806683582464
1220292774278377483
1220292738244997120
1220292708599599106
1220292683052306432
1220292671220043776
1220292664995659776
1220292635153166338
1220292631122628608
1220292542383652865
1220292530337566721
1220292459038556162
1220292456735899650
1220292390298312705
1220292380961591296
1220292375798480896
1220292343770697728
1220292337907011585
1220292326968266752
1220292306177146885
1220292224392605696
1220292158931890177
1220292137146888192
1220292098647363584
1220292084185419780
1220292078795722754
1220292070906191873
1220292053751324678
1220292050995875840
1220292038241005568
1220292023447478277
1220292017369927680
1220292009996386305
1220292001217646593
1220291974596648960
1220291960830861318
1220291882070110208
1220291846498398208
1220291843012747264
1220291824448933889
1220291821646958593
1220291818798993408
1220291777237639168
1220291741116321792
1220291737006022656
1220291734728515584
1220291722510401536
1220291680458493952
1220291666268975104
1220291657683226624
1220291652851421185
1220291635403116544
1220291589047816192
1220291540066717696
1220291533120864256
1220291504540803072
1220291480704540674
1220291419857772545
1220291412362694657
1220291350463041537
1220291315394441216
1220291261623611392
1220291252391837696
1220291233039507456
1220291219391012864
1220291192107171840
1220291186084081665
1220291121646948353
1220291079662002176
1220291077116252160
1220291045776293889
1220291015870906368
1220290987156787200
1220290976234651648
1220290946618875904
1220290921675264000
1220290917388582913
1220290892411498497
1220290890251603969
1220290882307575808
1220290702547963906
1220290658725957632
1220290649779511297
1220290636714254336
1220290603298148352
1220290590308519936
1220290529105252352
1220290513783283714
1220290434074914816
1220290411563896832
1220290319620636673
1220290280496168960
1220290274288701440
1220290272069898240
1220290207624253441
1220290190125568000
1220290161340084224
1220290150179065856
1220290130046586882
1220290093346246656
1220290079597432833
1220290064099561472
1220290052879597568
1220290029508943873
1220290028812652544
1220290022718337030
1220290014879158272
1220290013855985665
1220290007845355521
1220289987968733186
1220289969094299648
1220289923988672513
1220289846754738176
1220289803113025537
1220289795139784706
1220289791113064449
1220289692832169984
1220289684548571136
1220289684342861825
1220289677573287938
1220289675786473472
1220289666395426816
1220289611202625537
1220289595130204160
1220289594815434753
1220289586909208576
1220289558643867648
1220289477412655104
1220289471767371776
1220289466209796096
1220289431464181760
1220289425948565504
1220289400560480256
1220289389814784003
1220289362052567042
1220289349474029568
1220289344591876097
1220289324903817219
1220289307778244610
1220289290174746624
1220289288874541056
1220289252656701440
1220289248915423232
1220289241357287425
1220289207127527424
1220289144372387841
1220289139381161984
1220289132460761090
1220289130199908353
1220289102232211457
1220289051741184001
1220289024138469376
1220288963811741696
1220288950192861184
1220288940604682245
1220288936636899333
1220288924024598528
1220288922892275712
1220288911727046656
1220288903812390912
1220288876243226625
1220288856899162113
1220288851509379072
1220288819276255232
1220288780264804353
1220288772765450240
1220288740762976256
1220288702326247424
1220288677449875456
1220288669338062849
1220288655559884805
1220288654997905409
1220288632772186112
1220288610886287360
1220288602174705664
1220288591475048448
1220288584005103616
1220288583640043521
1220288582243385344
1220288566716092416
1220288546952622081
1220288533816061952
1220288516422238208
1220288481366163456
1220288462080876544
1220288458561855488
1220288399980015618
1220288370141564928
1220288365586788352
1220288335140343809
1220288325673611264
1220288313774374913
1220288300994482177
1220288278630301697
1220288230248943616
1220288221067661312
1220288216852566017
1220288197365600256
1220288172153720833
1220288145628917760
1220288129547915264
1220288109801140224
1220288098346717185
1220288089383243778
1220288070932668419
1220288009985306624
1220288009678905344
1220287986488815616
1220287948546953216
1220287941567746048
1220287873997516801
1220287867060019200
1220287832431853569
1220287823158358016
1220287820276871168
1220287814832721920
1220287805282308097
1220287770570186752
1220287661145051136
1220287651682480129
1220287640542552065
1220287640177709056
1220287638281826304
1220287553527537664
1220287548897079297
1220287510078607360
1220287502491312128
1220287500062605312
1220287492395556865
1220287487844577280
1220287486376783875
1220287474284531712
1220287461429063680
1220287440142979074
1220287438309883905
1220287433381576704
1220287423936106501
1220287420609880066
1220287390457028609
1220287384421421056
1220287364758634496
1220287359712776192
1220287358916009985
1220287337428652032
1220287332164755456
1220287316729769984
1220287309255512065
1220287227500122112
1220287214363598849
1220287189445042179
1220287135221153793
1220287088421036033
1220287080846094336
1220287066438692865
1220287063934881792
1220287039830220801
1220287038169194498
1220287011761815553
1220286998532878337
1220286980753199104
1220286963141369856
1220286901023846400
1220286885085487105
1220286858640461825
1220286822825132038
1220286803032317952
1220286801509617666
1220286766873182208
1220286762456637440
1220286715144704000
1220286705246146562
1220286661944315905
1220286661231177728
1220286615299547136
1220286586895470592
1220286579949719552
1220286567987712001
1220286564867153920
1220286558118408192
1220286554758877185
1220286547842322432
1220286496852176896
1220286496101601280
1220286494683934720
1220286457866309633
1220286446965264384
1220286426031411200
1220286419593310208
1220286394590953472
1220286381739606016
1220286372491087873
1220286369156730880
1220286366501597184
1220286344817188870
1220286340962480128
1220286319319973889
1220286313158414336
1220286309786357760
1220286294070153216
1220286268744978434
1220286246863491072
1220286232241901568
1220286221148139521
1220286208896569345
1220286207747403776
1220286206627348481
1220286188948344832
1220286181851746305
1220286175073583104
1220286174889152512
1220286169587634177
1220286151786991616
1220286133411536896
1220286104429125633
1220286085160411136
1220286071826571270
1220286071155634176
1220286063161303040
1220286056550940672
1220286054604800001
1220286018550550529
1220286015958441985
1220286010711576576
1220286010208079873
1220286009784422400
1220285875029864448
1220285868952309761
1220285832625442816
1220285807325368320
1220285779408146433
1220285777613074433
1220285762312249344
1220285753306955776
1220285731899236353
1220285632280313856
1220285597710815232
1220285582930137088
1220285533873532928
1220285501556559873
1220285495403433984
1220285492945547264
1220285480194973696
1220285471139360768
1220285432350441472
1220285432228982785
1220285395549601792
1220285392928346112
1220285374913818626
1220285202385309697
1220285198174060544
1220285195733082119
1220285143438581761
1220285126665478144
1220285040371752971
1220300072107143170
1220299924715245568
1220299884974100481
1220298017984729088
1220297762035527680
1220297415619559426
1220297070872944641
1220296799547744261
1220296771592523777
1220296638805106688
1220296599424753664
1220296059819347968
1220295679748083712
1220295629915557890
1220295588748521472
1220295411757461504
1220295378194464769
1220294648586891264
1220294598297296896
1220293714448224256
1220293633544318976
1220293517928357890
1220291556810248194
1220291532806180864
1220291040281686016
1220290637288763393
1220290348045361152
1220290199021899778
1220289969744424961
1220289824751411201
1220289560703160320
1220289336215662592
1220288835923218433
1220288484658896902
1220288256488509440
1220288136313368581
1220287351772995584
1220286953402191877
1220286565995311104
1220286410638290946
1220286393387229184
1220285916205346816
1220285449043755013
1220285411366338562
1220285093979152384
1220300132362661888
1220300123948900352
1220300073843609600
1220300053761249280
1220300027026755585
1220299780049387520
1220299776010285056
1220299734193201152
1220299709119705094
1220299683609763841
1220299598087901185
1220299538717716482
1220299529406181376
1220299434980007936
1220299408031604736
1220299397386256384
1220299342415708160
1220299309674946560
1220299290909839360
1220299122617524224
1220299037804572674
1220298998889582592
1220298953620480000
1220298923639595008
1220298909924372481
1220298787249242112
1220298737680957440
1220298731259432960
1220298711223296008
1220298652565921792
1220298649659461633
1220298649110040582
1220298646190612480
1220298572257587200
1220298569061523457
1220298555820146694
1220298547167256576
1220298538959228928
1220298502774771712
1220298449192550401
1220298433493377024
1220298415982047237
1220298395417399296
1220298386802388993
1220298380137713665
1220298338232221696
1220298333895393285
1220298283475599361
1220298281521221634
1220298258616070146
1220298216312197120
1220298210406625280
1220298191133765632
1220298179167444993
1220298151849951233
1220298037068587008
1220297971427770370
1220297968559034369
1220297964444438528
1220297942206050304
1220297931930001409
1220297862468136960
1220297845556690944
1220297837205999616
1220297806323171328
1220297770571042816
1220297748630495233
1220297642044989440
1220297628765818881
1220297601603358725
1220297571991638016
1220297568967520256
1220297565545140229
1220297480912269312
1220297473010192385
1220297431545524224
1220297396648738816
1220297390273384448
1220297362813227010
1220297346157727744
1220297339543285760
1220297333977616384
1220297277417222144
1220297256374435840
1220297202523955200
1220297143954694145
1220297136614461440
1220297112107139073
1220297094537322496
1220297094121943040
1220297086370861056
1220297082558386176
1220297037247213569
1220296953306599424
1220296918825230336
1220296860847362049
1220296856044916736
1220296804001935360
1220296743071272961
1220296655930445824
1220296577241104384
1220296388166074368
1220296383556653056
1220296380154929152
1220296367236534272
1220296334193782784
1220296294822043648
1220296285355298822
1220296281353928704
1220296254283890688
1220296254107848704
1220296198109556737
1220296194829606912
1220296193370095616
1220296156095213568
1220296140337246208
1220296100701073408
1220296095328276480
1220296086201552899
1220295910262853632
1220295896744677377
1220295862427013121
1220295832622133248
1220295768579497984
1220295751760134147
1220295748635459591
1220295728729182211
1220295708592373760
1220295708491812864
1220295643702255616
1220295555441659904
1220295494926327809
1220295486566887424
1220295484318920704
1220295466828685312
1220295458599264256
1220295405734440960
1220295398440329216
1220295372502917120
1220295362075865089
1220295344786817025
1220295332795305985
1220295286339170304
1220295279473115137
1220295257411076096
1220295239883051008
1220295201370980352
1220295185730625536
1220295175903248389
1220295168454250496
1220295149223170049
1220295117631709185
1220295101747908608
1220295045833580544
1220295001583779840
1220294992087977984
1220294969874735105
1220294960102010880
1220294950421659648
1220294902640193536
1220294888996163587
1220294849963782144
1220294839633240065
1220294796821925888
1220294780657262598
1220294761061502976
1220294679498903553
1220294676537700352
1220294650193416192
1220294643474214918
1220294548984713216
1220294527417757696
1220294492458274824
1220294439404355584
1220294430558752773
1220294380088647680
1220294357296861184
1220294343409295361
1220294343358959617
1220294280066949120
1220294252401287168
1220294221426581505
1220294175486169088
1220294168842362880
1220294135636099072
1220293925014917126
1220293876553940994
1220293866504327169
1220293859466334208
1220293814117515264
1220293767602806786
1220293744383139840
1220293695326412801
1220293681045000197
1220293630830706691
1220293408901566464
1220293170895949824
1220293164394659840
1220293132631334913
1220293123516981249
1220293056492007429
1220293044169252864
1220293034245406720
1220292976401731586
1220292973897760773
1220292922584829954
1220292878078865409
1220292856876761088
1220292812136075265
1220292809690796033
1220292777478459392
1220292733031469057
1220292721203564544
1220292687649099776
1220292667722096640
1220292659534688256
1220292531264507904
1220292484871397378
1220292399643021312
1220292391543832578
1220292349768687616
1220292338372636673
1220292336959266820
1220292335390453761
1220292320421208069
1220292304121913344
1220292274053140480
1220292239861198848
1220292219158114304
1220292129735331840
1220292112819769347
1220292096310951937
1220292088312389632
1220292034369449989
1220292021639880705
1220292015365246977
1220291901103861760
1220291894954971137
1220291819373617152
1220291784120471552
1220291772066099200
1220291711932518401
1220291643905138688
1220291494382161920
1220291467903741952
1220291464309006339
1220291348974264323
1220291339964710913
1220291287619751943
1220291264832311296
1220291130132029440
1220291118325059585
1220291028822962177
1220291001257992192
1220290959608434689
1220290865492455424
1220290840267935744
1220290786417229826
1220290784781533184
1220290747447930882
1220290678845870080
1220290611405713408
1220290525799956481
1220290352591949824
1220290332073582592
1220290289044115456
1220290278059171840
1220290249693245440
1220290214674911232
1220290191547486209
1220290154654511106
1220290098899685376
1220289979089207296
1220289937834151936
1220289916845862917
1220289892405497857
1220289866409205760
1220289849464213504
1220289792614658048
1220289784511287296
1220289779083837440
1220289742169722880
1220289722653691904
1220289653967769601
1220289480084475904
1220289469904904193
1220289431137083394
1220289384802443264
1220289362358874112
1220289317412769792
1220289317165326336
1220289286974689280
1220289210214518790
1220289197686132736
1220289161506193409
1220289158993731585
1220289116249546752
1220288943171809280
1220288935886123008
1220288930035056641
1220288907943665664
1220288880886157312
1220288871625179136
1220288799269257217
1220288774929694721
1220288762690752514
1220288759582715906
1220288753194815490
1220288752909725697
1220288703064498176
1220288682470576128
1220288637645938689
1220288588040101888
1220288548278034432
1220288475955630080
1220288410515959808
1220288335135961088
1220288257872875521
1220288223894822914
1220288191074357248
1220288162930446337
1220288117753700352
1220288062292418560
1220288026745569282
1220288010685767680
1220287998488645634
1220287949478277120
1220287943870275584
1220287940598882306
1220287874739785728
1220287829546156033
1220287786508357632
1220287776215617536
1220287768779034625
1220287750793875457
1220287635865751558
1220287597580173313
1220287554030694403
1220287537282859009
1220287337806082048
1220287315064455179
1220287292050329600
1220287209749782528
1220287101125574656
1220287078279204866
1220286988428828672
1220286953666437120
1220286951942545408
1220286947857444865
1220286874524291072
1220286831540998145
1220286766168465408
1220286664183967745
1220286542079393792
1220286459611054083
1220286390128254978
1220286309757001735
1220286196942688256
1220286116848226309
1220286078256472065
1220286058429992960
1220286049664020484
1220286018928160768
1220286004919074819
1220286004109512704
1220286000137506816
1220285990058639365
1220285970123313152
1220285954352545792
1220285922555510785
1220285889118601216
1220285879983337472
1220285876506247168
1220285834282201088
1220285823293087744
1220285782214303744
1220285693446049792
1220285663976706050
1220285606934261760
1220285548784508931
1220285531742822401
1220285506337927169
1220285487484559360
1220285486633299968
1220285482615091201
1220285459756126209
1220285426012954626
1220285343028498432
1220285232315682817
1220285156788850690
1220285136421343237
1220285119019151360
1220285090258767872
1220297796873404416
1220297601783754753
1220296817629265920
1220296153591238656
1220296141209657347
1220296108343164929
1220295933633519617
1220295905535901696
1220295636949463040
1220295347710251009
1220295332044492801
1220294882293534721
1220294629289025536
1220294496396566528
1220294392423936000
1220294297099984896
1220293752104853504
1220293725248602112
1220293023906459649
1220292042837770240
1220291794237153280
1220291430113075200
1220291426237341697
1220290496620187648
1220290100694667264
1220287438733615104
1220287414310060033
1220287399835516929
1220287341085904896
1220286684668952577
1220286076645855232
1220285649724506113
1220285641423900673
