1316866874664157185
1316873549710299136
1316875440460529665
1316875746338549774
1316876264930635776
1316876268734828544
1316876268776812545
1316876268877410304
1316876269804351488
1316876269590519808
1316876269665935360
1316876270584557573
1316876271406575617
1316876271075254272
1316876271549251585
1316876271842807808
1316876272228683776
1316876270735552512
1316876271989608448
1316876273164017665
1316876273411530753
1316876273692545028
1316876274028081153
1316876273927417857
1316876275252822016
1316876275349299201
1316876275802226688
1316876275550621696
1316876276678881280
1316876276716564481
1316876276649480192
1316876276720791552
1316876276997582848
1316876277232488449
1316876277698105344
1316876277723275264
1316876277891039232
1316876278037794817
1316876278134312960
1316876278109069312
1316876278272729090
1316876278457200641
1316876278419517441
1316876278532763648
1316876278784385024
1316876279283499009
1316876279493214208
1316876279111589888
1316876279568687105
1316876279891726339
1316876279581343745
1316876280306954244
1316876280143388672
1316876280332132352
1316876280382386176
1316876280634109952
1316876280776650752
1316876280420155393
1316876279350652928
1316876280957005824
1316876280847978497
1316876281296822272
1316876281368117248
1316876280877309952
1316876281657532416
1316876281712050176
1316876281955319813
1316876281468780545
1316876282316034050
1316876282357972993
1316876282437615617
1316876282471182336
1316876282588614656
1316876282727079936
1316876282764750848
1316876283159093249
1316876283217809408
1316876283180011520
1316876283846901760
1316876283817545731
1316876283821793280
1316876284211859456
1316876284119580673
1316876284304093185
1316876284631248898
1316876284740296705
1316876284434116609
1316876284299943937
1316876284824223745
1316876284555718656
1316876284958400513
1316876285126176768
1316876284987727873
1316876284673191939
1316876285272940545
1316876285423939585
1316876285474349056
1316876285570805761
1316876285411377152
1316876285839249408
1316876286199906304
1316876286229319681
1316876286577446912
1316876286476705792
1316876286770335746
1316876286980055041
1316876287185567744
1316876288032796673
1316876288246779906
1316876288192180225
1316876288234196992
1316876288972398593
1316876288871723009
1316876289077211136
1316876289337294848
1316876289542819842
1316876290033475585
1316876290285215744
1316876290050256896
1316876290520092672
1316876290973073410
1316876290775867392
1316876291577004033
1316876291224727552
1316876291161776131
1316876291224739843
1316876291111489536
1316876291719585793
1316876292122243073
1316876292361396225
1316876290973003776
1316876292491374593
1316876292499808256
1316876292155867137
1316876292571029506
1316876292613009409
1316876292487180288
1316876293678395395
1316876293665824768
1316876294320128002
1316876294450081793
1316876294219460608
1316876294403964928
1316876295175716864
1316876294873776130
1316876294907289600
1316876295435821056
1316876296480157702
1316876296715001857
1316876296937377792
1316876297004490754
1316876297126076416
1316876297180639232
1316876296916361216
1316876297415528448
1316876297558081536
1316876297587453952
1316876297977491458
1316876298300485633
1316876298656989186
1316876298904502272
1316876299042869248
1316876299290337280
1316876299487473664
1316876299164475392
1316876299885895680
1316876300292767744
1316876299953041408
1316876300393488385
1316876300791934976
1316876300380897280
1316876301244874753
1316876301597208577
1316876301643333632
1316876302217957377
1316876302230581248
1316876302465421312
1316876303472107521
1316876303685963777
1316876304222875648
1316876304692572160
1316876305023954945
1316876305116262402
1316876305770577920
1316876306366095361
1316876306177388544
1316876307062353920
1316876306508783616
1316876306940792832
1316876308085833728
1316876307771211776
1316876308597497857
1316876308425498624
1316876309230837760
1316876309419630592
1316876310791122945
1316876310967246848
1316876310984056832
1316876310656937985
1316876310786895872
1316876310996676608
1316876311491567619
1316876311621595136
1316876312280064003
1316876312762433537
1316876312494006272
1316876313660026881
1316876313945227264
1316876314226245632
1316876314159112192
1316876313915871232
1316876314364661761
1316876315362881536
1316876315086131201
1316876315690106882
1316876315878846464
1316876315849441280
1316876315803308032
1316876316243763200
1316876316306665473
1316876316998733824
1316876317971816448
1316876318068273152
1316876318491852800
1316876318668013568
1316876318445694976
1316876319028768768
1316876319049707523
1316876320106663937
1316876320781987841
1316876321683697665
1316876321692082176
1316876322413584384
1316876323252391938
1316876323374030848
1316876323650850816
1316876324204470272
1316876324443615232
1316876324699402245
1316876326393929728
1316876326997909504
1316876327018917888
1316876327127982080
1316876327618715651
1316876328193277953
1316876328453328896
1316876329287970817
1316876329325789184
1316876329841651713
1316876330177232897
1316876330621755393
1316876330793795584
1316876331980713984
1316876332349833217
1316876333432016897
1316876333905969152
1316876334455431168
1316876334740598784
1316876335009075201
1316876335294279680
1316876335361355777
1316876335524929536
1316876335541743617
1316876335516512256
1316876335105503232
1316876337907331072
1316876337844383744
1316876338192474112
1316876338523856896
1316876338821701633
1316876340088381440
1316876341363372033
1316876341455712256
1316876342248448001
1316876344647585792
1316876344890855426
1316876345037602816
1316876346115547136
1316876346337882113
1316876346547527680
1316876346807611392
1316876346828619776
1316876347122171904
1316876347600302083
1316876348678307840
1316876350314012672
1316876352054677505
1316876352797065216
1316876353409441793
1316876353963130880
1316876354848055296
1316876357444362240
1316876358283227137
1316876358354526208
1316876358383882240
1316876358513958912
1316876359822503936
1316876359923191808
1316876360166465536
1316876360506200064
1316876360673968128
1316876362703990785
1316876362758545408
1316876362905382912
1316876364176261120
1316876364402716672
1316876365082189825
1316876365681942528
1316876366864769024
1316876367183503360
1316876367787520000
1316876367842033664
1316876369037459457
1316876369595310080
1316876370102816768
1316876370358673409
1316876370895540224
1316876370937438209
1316876371696648194
1316876371704963072
1316876371814088706
1316876371910516736
1316876372191531008
1316876372120227841
1316876372904607746
1316876373516902401
1316876373676367872
1316876374267760640
1316876375609942017
1316876375945482240
1316876376272564224
1316876376415195136
1316876376234835968
1316876376570384384
1316876376570392576
1316876377182760966
1316876377946091520
1316876378000637952
1316876378608861184
1316876379162472450
1316876380269756417
1316876381297418240
1316876380911529984
1316876382232743936
1316876382522109952
1316876383616786432
1316876383772012545
1316876383914655746
1316876383654612992
1316876383998500865
1316876384975777792
1316876385072242690
1316876385793667072
1316876387274219521
1316876387202920448
1316876387760787457
1316876387957895168
1316876388083748864
1316876388960407552
1316876389144883200
1316876389094629376
1316876389207830529
1316876389228802048
1316876389593702401
1316876391044972544
1316876391464402944
1316876393729277952
1316876394471714816
1316876395805462528
1316876396245860352
1316876396619198465
1316876396925386753
1316876396984061952
1316876397202219008
1316876397399351297
1316876397768450049
1316876397827170304
1316876398192025602
1316876398254936064
1316876399810998272
1316876399567802368
1316876400071073792
1316876402143109123
1316876402545709059
1316876402805751808
1316876402696753154
1316876403158081536
1316876403250348032
1316876404416368640
1316876404353499137
1316876405620187137
1316876405934710784
1316876405955727360
1316876406941392897
1316876406542921728
1316876407234981890
1316876408157696002
1316876408354828291
1316876409004908544
1316876409277607936
1316876409621499904
1316876409600503808
1316876410284199936
1316876410544300032
1316876410611363840
1316876410573656065
1316876410582044676
1316876411739619328
1316876412557561856
1316876412901486592
1316876413538975744
1316876413866188802
1316876414012911616
1316876414348455936
1316876414394658819
1316876414499516416
1316876414772105217
1316876415107698688
1316876415229329408
1316876416001089547
1316876416462405633
1316876416751812608
1316876417242595328
1316876417255108608
1316876417318047744
1316876419759185922
1316876419864035328
1316876420757422081
1316876421814382592
1316876422103789568
1316876422854500352
1316876423781474304
1316876423806689280
1316876424200945664
1316876425115254786
1316876425740218373
1316876425765380097
1316876425916366850
1316876426176393216
1316876426881069057
1316876427912908801
1316876427959037954
1316876428013563906
1316876428185464832
1316876428491722752
1316876428932128769
1316876429167009792
1316876429280198657
1316876429263433728
1316876430022598657
1316876431960416258
1316876432413396993
1316876432979550208
1316876434548297729
1316876434841903105
1316876434745376768
1316876435684958208
1316876436624482305
1316876437064884224
1316876437287133184
1316876437345894401
1316876437224267777
1316876437459103744
1316876437538758656
1316876438264446977
1316876438222454786
1316876438272843776
1316876438365118464
1316876438742528000
1316876438788661249
1316876439128477696
1316876441116569600
1316876441154281472
1316876441938587649
1316876443008200704
1316876443905736706
1316876444107038722
1316876444300005378
1316876444576825344
1316876445692555266
1316876446145552384
1316876446497796096
1316876446695006208
1316876447504494592
1316876447609319425
1316876449471586305
1316876449526104065
1316876450339856385
1316876450515935232
1316876451635838976
1316876452281806848
1316876452239876096
1316876453208748032
1316876453259091968
1316876453674246144
1316876453762359296
1316876454139883520
1316876454299222019
1316876454412513280
1316876454492160002
1316876455033200641
1316876456203436032
1316876456685838337
1316876456660668416
1316876457197486081
1316876457201659904
1316876457386237952
1316876458736852997
1316876458703286272
1316876458950717441
1316876460611702784
1316876460641054720
1316876461366673408
1316876461345697793
1316876461710532608
1316876461815414787
1316876464281640960
1316876464608878594
1316876464688517122
1316876465670037504
1316876465988722688
1316876466563346433
1316876466693447681
1316876467679105025
1316876467976896515
1316876468098482176
1316876469008650241
1316876469126098944
1316876469218340864
1316876469512011776
1316876471344930816
1316876471491723264
1316876471579762690
1316876472427061248
1316876472804491266
1316876473072979968
1316876473307815936
1316876475690151944
1316876476789055488
1316876476931739650
1316876478605262849
1316876478760407041
1316876478789742592
1316876478915592192
1316876480643649537
1316876480756948992
1316876481075658754
