1347332164556353536
1347332164853985281
1347332164841574401
1347332165093134337
1347332165101518848
1347332165135069184
1347332164996767746
1347332165227438081
1347332165256806403
1347332165219078147
1347332165277802497
1347332165311156224
1347332165370077185
1347332165655166976
1347332165718192129
1347332165827129345
1347332165818789888
1347332166003396611
1347332166016004098
1347332165986611200
1347332166099881986
1347332166192148480
1347332165797892103
1347332166238171137
1347332166523506697
1347332166573764608
1347332166649339913
1347332166674509826
1347332166779363330
1347332166775169026
1347332166942748673
1347332166267658240
1347332167056035840
1347332167181991942
1347332167202791424
1347332167458811907
1347332167672598533
1347332167534313472
1347332167689510920
1347332167890829317
1347332167974719488
1347332167983108103
1347332167991504903
1347332168159137793
1347332168264142852
1347332168096256000
1347332168217993217
1347332168272334848
1347332168213782531
1347332168415125505
1347332168247242752
1347332168561864706
1347332168566022150
1347332168586956802
1347332168737964032
1347332168738086912
1347332168520003584
1347332168771489792
1347332168872308736
1347332168746467330
1347332168582893568
1347332169199337475
1347332169287524353
1347332169405001730
1347332169308405760
1347332169430130690
1347332169459527681
1347332169530814464
1347332169564385280
1347332169727959042
1347332169899929601
1347332169891524608
1347332169891344385
1347332170097061888
1347332170218676225
1347332170306740227
1347332170269003781
1347332170319159296
1347332170281590784
1347332170436644864
1347332170545827842
1347332170688258048
1347332170726178822
1347332170826870784
1347332170948481024
1347332170818478082
1347332171309207553
1347332171573440513
1347332171456008192
1347332171980181504
1347332172118695940
1347332172152250370
1347332172160536578
1347332172131270656
1347332172219174917
1347332172303261696
1347332172558921729
1347332172634615808
1347332172781215744
1347332172634578945
1347332172814950401
1347332172659744770
1347332172693315585
1347332173049835525
1347332173221699585
1347332173246963713
1347332173519593472
1347332173662220288
1347332173704159232
1347332174073057281
1347332174253498368
1347332174199066624
1347332174421364737
1347332174383603722
1347332174547095552
1347332174689816577
1347332174672846849
1347332174828081154
1347332174970826754
1347332175172132866
1347332175260078080
1347332174996000772
1347332175188946949
1347332175193133062
1347332175570608128
1347332175834836992
1347332175860002817
1347332175973253120
1347332176002605059
1347332176107302912
1347332176237441025
1347332176174526465
1347332176212336642
1347332176338161664
1347332176292032517
1347332176359038976
1347332176451411973
1347332176484958210
1347332176673710080
1347332176694697990
1347332176824520705
1347332176812060673
1347332176954712064
1347332177147662340
1347332177260908547
1347332177437011969
1347332177688547328
1347332177806168073
1347332177739051008
1347332178032656386
1347332178120757250
1347332178175090689
1347332178242363392
1347332178317725696
1347332177680281600
1347332178363891715
1347332178430947330
1347332178359836677
1347332178296897537
1347332178372407296
1347332178460467203
1347332178401779713
1347332178737328130
1347332178796040195
