1349929277756727299
1349929277844647941
1349929277878222850
1349929277991522309
1349929277890961410
1349929278192844801
1349929278092226561
1349929278465519619
1349929278675140610
1349929278771658757
1349929278754992128
1349929278805184512
1349929278864027652
1349929278977105922
1349929278931140608
1349929279061184512
1349929279212158976
1349929279266586627
1349929279493189633
1349929279522562048
1349929279610449920
1349929279686111232
1349929279736446977
1349929279635812355
1349929279727931393
1349929279958654976
1349929280000573444
1349929280373981184
1349929280424222720
1349929280386568195
1349929280529195016
1349929280554332160
1349929279878885388
1349929280659222529
1349929280692756482
1349929280684359681
1349929280894099458
1349929280931844097
1349929281003139074
1349929281057648640
1349929281405808641
1349929281460310016
1349929281493852160
1349929281405726722
1349929281581793282
1349929281728573440
1349929281774882819
1349929281581793281
1349929281963614209
1349929281938354176
1349929282278105088
1349929282366287873
1349929282722811905
1349929282785710082
1349929282764730368
1349929282794098690
1349929282953469953
1349929283091742722
1349929283028996099
1349929283150630914
1349929283154677762
1349929283230326785
