1350080272683958274
1350080272717516800
1350080272675401731
1350080272738312200
1350080272600072193
1350080272633618434
1350080272872730625
1350080272809811968
1350080272969199618
1350080272851726339
1350080273053077505
1350080273061470208
1350080273124368386
1350080273363460105
1350080273388605440
1350080273501868032
1350080273518649347
1350080273623486465
1350080273627529223
1350080273728249856
1350080273732538369
1350080273870950402
1350080273925500936
1350080273988390915
1350080273975803906
1350080274038738944
1350080273980018688
1350080274042925057
1350080275842265090
1350080275104063490
1350080275632558082
1350080275816955906
1350080275905011713
1350080276064575493
1350080276202999810
1350080276186210312
1350080276089724929
1350080276236525568
1350080276408500225
1350080276433612807
1350080275380924418
1350080276572082179
1350080276349800452
1350080276622409730
1350080276681134082
1350080276722974720
1350080276781817856
1350080276878254082
1350080276895068161
1350080276786008076
1350080277033476099
1350080276894986240
1350080277058617344
1350080277222203395
1350080277075402753
1350080277079584769
1350080277188640768
1350080277436129280
1350080277431939072
1350080277507432450
1350080277662425092
1350080277650026496
1350080277708640258
1350080277708681217
1350080277855420423
1350080277805195266
1350080277926711299
1350080277952004097
1350080278077833218
1350080278048370688
1350080278199472133
1350080278354681856
1350080278304354304
1350080278371266561
1350080278564372481
1350080278618898432
1350080278723784707
1350080278648111108
1350080278744735745
1350080279919136768
1350080279914958848
1350080279965278208
1350080279994576896
1350080280208547840
1350080280166604806
1350080280162430976
1350080280065785856
1350080280145620992
1350080280367931394
1350080279570952195
1350080280493780992
1350080279893962753
1350080280497950720
1350080280623722496
1350080280615399425
1350080280812515328
1350080280812527619
1350080280749629442
1350080280934154245
1350080280716070914
1350080280929951748
1350080280988532736
1350080280904622083
1350080280963461120
1350080280992882689
1350080281047429123
1350080281219379202
1350080281164713990
1350080281085095937
1350080281248735232
1350080281210974208
1350080281269645313
1350080281353592833
1350080281399730177
1350080281412308993
1350080281361846275
1350080281315721217
1350080281542320132
1350080281458470912
1350080281600876547
1350080281949204481
1350080281936588802
1350080281961750529
1350080282112606209
1350080281982726151
1350080282142011394
1350080282091790336
1350080282267967488
1350080282410545152
1350080284159569922
1350080284256051200
1350080284159569925
1350080284243406850
1350080284138598401
1350080284327358466
1350080284335730688
1350080284360908801
1350080284331532288
1350080284373495810
1350080284318957569
1350080284570562562
1350080284507713537
1350080284604182529
1350080284457394180
1350080284042125315
1350080284562132994
1350080284725825538
1350080284641918977
1350080284683874306
1350080284654505986
1350080284784472064
1350080284943908866
1350080285136871426
1350080285170409473
1350080285417865220
1350080285531111424
1350080285828915200
1350080285644361729
1350080285875068928
1350080285950554112
1350080285438832641
1350080285929578496
1350080285929582593
1350080286109925379
1350080285992431617
1350080286088949762
1350080286248333313
1350080286260948992
1350080286202200065
1350080286231506944
1350080286269300736
1350080286378356739
1350080286424518656
1350080286478970881
1350080286357381122
1350080286680363008
1350080286692765696
1350080286843936768
1350080286739017731
1350080288412483585
1350080288374861827
1350080288446144514
1350080288446164994
1350080288643276801
1350080288630730752
1350080288580243456
1350080288513261568
1350080288764915712
1350080288706199553
1350080288861401088
1350080288794279940
1350080288689274884
1350080288764919810
1350080288794271749
1350080289004015616
1350080289054339073
1350080289226240001
1350080289205350401
1350080289146507264
1350080289230508033
1350080289234702338
1350080289247272965
1350080289347874817
1350080289440227328
1350080289574420481
1350080289519898624
1350080289624780801
1350080289616392194
1350080289599614978
1350080289444298752
1350080289696051200
1350080289742090241
1350080289813524483
1350080289876357121
1350080289867931651
1350080289771573251
1350080289977073666
1350080290023219201
1350080290102927360
1350080289977085960
1350080290413293571
1350080290476199940
1350080289666695170
1350080290635608065
1350080290778210306
1350080290836926468
1350080290966925318
