1345278632831410178
1345278633393356800
1345278633506586630
1345278633489932289
1345278633959559170
1345278633926160384
1345278633842155525
1345278634047598594
1345278634253234176
1345278634387505152
1345278634752282624
1345278634567864320
1345278634576150528
1345278634936905728
1345278634970337286
1345278634907598848
1345278635402522625
1345278635436081152
1345278635603873793
1345278635717099522
1345278635649896449
1345278635796791296
1345278636212056064
1345278636363022336
1345278636400783360
1345278636627271680
1345278636702588928
1345278636799250432
1345278636564258817
1345278636950249473
1345278636916576257
1345278637092659200
1345278637067669504
1345278637176541184
1345278637218660352
1345278637461876736
1345278637491142657
1345278636597895169
1345278637487116288
1345278636996374529
1345278637713616896
1345278637864456192
1345278637537423360
1345278638044934146
1345278637742948352
1345278637927510016
1345278638489362434
1345278638867021825
1345278638791528449
1345278639118671873
1345278639328419841
1345278639357755393
1345278639554773000
1345278639634481152
1345278640049844224
1345278640049725440
1345278640108445697
1345278640225878018
1345278640599289857
1345278640620072963
1345278640699764736
1345278641035333635
1345278641127661568
1345278641253576704
1345278641421299712
1345278641534423040
1345278641349881856
1345278641635274752
1345278641555582976
1345278641660329984
1345278641941454848
1345278641719160832
1345278642180395008
1345278642444619779
1345278642423697419
1345278642503475200
1345278642239254534
1345278642901843968
1345278642964729857
1345278643166183424
1345278643237359616
1345278643262509056
1345278643459641344
1345278643552083968
1345278643904208898
1345278643854073856
1345278643925184512
1345278644235636736
1345278644147658753
1345278644655181825
1345278644776824833
1345278644986540039
1345278644890054656
1345278645284159488
1345278645238042624
1345278645460291585
1345278645468712961
1345278645498163200
1345278645678518273
1345278645762461696
1345278645791809537
1345278645846355968
1345278645879803904
1345278646009921536
1345278646030888960
1345278646047674368
1345278645842141185
1345278646244712448
1345278646139891712
1345278646362247170
1345278646395789313
1345278646391599104
1345278646441766912
1345278646697689089
1345278646773313537
1345278646655676420
1345278646840393729
1345278646324506629
1345278647062700033
1345278646320128000
1345278647150792704
1345278646790062080
1345278647402332162
1345278647490338819
1345278647469424641
1345278647779749888
1345278648073375746
1345278648048373760
1345278648065130498
1345278648165789696
1345278648274874369
1345278648576663552
1345278648446668801
1345278648660742144
1345278648593444864
1345278648710926337
1345278647918350337
1345278648836890625
1345278648899801090
1345278649407332353
1345278649327628289
1345278649386328067
1345278649487028224
1345278649554137088
1345278649545732101
1345278649650450432
1345278649835073537
1345278650086785024
1345278650640334848
1345278650996948992
1345278650971811841
1345278651118530560
1345278651160350722
1345278651307159553
1345278651399614466
1345278651558993922
1345278652137701377
1345278652460785665
1345278652523675648
1345278652548751360
1345278652741799936
1345278652846469123
1345278652754247682
1345278652821327872
1345278652704043008
1345278653685407747
1345278653823918080
1345278653995786241
1345278653999955971
1345278654469853184
1345278654331326464
1345278654637510658
1345278654507405313
1345278654746660866
1345278654851514370
1345278655015104512
1345278655304400896
1345278655132438528
1345278655191076867
1345278655455490050
1345278655384064001
1345278655467905024
1345278655438725127
1345278655421763585
1345278655455485953
1345278655438708739
1345278655442784256
1345278655426162688
1345278655488872449
1345278655509929985
1345278655522598912
1345278655417618435
1345278655488954369
1345278655493095425
1345278655811833856
1345278655711199232
1345278655648423937
1345278655925260289
1345278655769899008
1345278655958712320
1345278655522430977
1345278655904112642
1345278656038326274
1345278656118079489
1345278655442735109
1345278655451324416
1345278655447097345
1345278656109809665
1345278655430230019
1345278656097230848
1345278655451295744
1345278656038354945
1345278656185327616
1345278655505649664
1345278655812018177
1345278657514844160
1345278657393283073
1345278657431011331
1345278657540055041
1345278657456123905
1345278657548353536
1345278657619607552
1345278657405673478
1345278656952766468
1345278657485393923
1345278657598775298
1345278657170866182
1345278657691070464
1345278657342951424
1345278657770741761
1345278657649106946
1345278657061859328
1345278657808523264
1345278657355399168
1345278657808445441
1345278657565241344
1345278657854664704
1345278657984544770
1345278657548361728
1345278657959518210
1345278657984684032
1345278657514799108
1345278657934327813
1345278658005532672
