1347075473180946432
1347075473243688960
1347075473545646083
1347075473520652288
1347075473625411584
1347075473596063746
1347075473700835331
1347075473747054592
1347075473612922883
1347075474799865857
1347075475349397505
1347075475701641216
1347075475940667392
1347075476087599104
1347075476045451265
1347075476183863296
1347075476205035522
1347075476280410112
1347075476838248448
1347075477173915648
1347075477232562176
1347075477287149569
1347075477337378818
1347075477463322625
1347075477551329280
1347075477735923712
1347075477702389760
1347075478260092931
1347075478356586496
1347075478377664512
1347075478616743943
1347075478633340928
1347075478792892420
1347075478977318912
1347075479170256897
1347075479174479873
1347075479333785601
1347075479250075649
1347075479262683136
1347075479048650760
1347075479535185922
1347075479552086016
1347075479778578433
1347075480172720128
1347075480118194180
1347075480239878144
1347075480826957828
1347075481561149443
1347075481770881024
1347075481804230658
1347075481842167813
1347075481858953217
1347075482530017281
1347075482597076992
1347075482395627520
1347075482551013383
1347075482789974016
1347075482626400260
1347075482857205761
1347075482932547584
1347075483129831425
1347075483519897601
1347075483528151041
1347075483482140672
1347075483876339713
1347075483691855872
1347075483825885185
1347075483989639169
1347075484165799936
1347075484216127488
1347075484312457220
1347075484236926976
1347075484320989185
1347075484408954880
1347075484924874756
1347075485046489088
1347075485495300098
1347075485491105792
1347075485533048833
1347075485591691265
1347075485893881856
1347075485818228741
1347075486082506753
1347075486090895360
1347075486283870215
1347075486275366912
1347075486455775234
1347075486619492352
1347075486560694272
1347075487256829953
1347075487282077697
1347075487386853376
1347075487609180161
1347075487449952256
1347075487428980742
1347075488150392833
1347075488121053184
1347075488259448834
1347075488238297088
1347075488498528256
1347075488456568832
1347075488569819137
1347075488641142785
1347075488838279169
1347075488762613763
1347075488607559680
1347075489157033984
1347075489337282562
1347075489454727168
1347075489861570563
1347075489836519425
1347075489957961731
1347075489991512069
1347075490058706947
1347075490251644928
1347075490775932929
1347075490805387264
1347075491002462209
1347075490473979906
1347075491207938048
1347075491266703361
1347075491388387330
1347075491627339777
1347075491610562560
1347075491610636291
1347075492000772096
1347075492298551296
1347075492323713025
1347075492378243072
1347075492554317824
1347075492126601221
1347075492801769472
1347075492927721474
1347075493007413249
1347075493292507136
1347075493762273281
1347075493917388801
1347075493997268992
1347075494131351552
1347075494102007810
1347075494030688256
1347075494265692162
1347075494198583298
1347075494353772544
1347075494374621187
1347075494756413440
1347075494869688325
1347075495272308739
1347075495293296642
1347075495263875073
1347075495167315968
1347075495305867266
1347075495293198338
1347075495301578754
1347075495330910209
1347075495272321024
1347075495330865153
1347075495372804099
1347075495456866304
1347075495335116802
1347075495393808385
1347075495469277193
1347075495301668872
1347075495473672193
1347075495393849345
1347075495314087937
1347075495452499968
1347075495305891847
1347075495297482753
1347075495452573697
1347075495519805445
1347075495444140036
1347075495297511424
1347075495389614080
1347075495318450178
1347075495393783809
1347075495410741249
1347075495616249857
1347075495414870016
1347075495322546179
1347075495700045827
1347075495565922305
1347075495737884672
1347075495637127168
1347075497293803520
1347075497226747904
1347075497403027456
1347075497239392257
1347075497159778304
1347075497180553217
1347075497440718851
1347075497209995264
1347075497243652096
1347075497323159552
1347075497339936769
1347075497335943169
1347075497033945091
1347075497319034881
1347075497373687808
1347075497407246337
1347075497113526273
1347075497457573890
1347075497470140416
1347075497373663233
1347075497524662272
1347075496991985667
1347075497369477123
1347075497507753992
1347075497147056128
1347075497562304513
1347075496828313600
1347075497541267456
1347075497356877824
1347075497507786753
1347075497553928195
1347075497595908096
1347075497570795523
1347075497679732739
1347075497323155458
1347075497436606464
1347075497520410625
1347075497763725312
1347075497533059073
1347075497843310593
1347075497440792577
1347075497763606528
1347075497834860545
1347075497725992961
1347075497616936963
1347075497889558532
1347075497788731392
1347075497805697024
1347075497671364608
1347075497742708736
1347075501483913218
1347075501605720064
1347075501664342019
1347075501697896448
1347075501869854720
1347075501874180096
1347075500829798400
1347075501983195138
1347075501895127040
1347075501953871873
1347075502142414849
1347075502331351042
1347075502268272642
1347075502373277699
1347075501886726148
1347075502432006145
1347075502599675905
1347075502599667713
1347075502675275776
1347075502670893056
1347075503211958272
1347075503329521664
1347075503153315841
1347075503488815106
1347075503749017600
1347075503232991232
1347075503665029123
1347075503874842625
1347075503828643841
1347075503925161984
1347075504264732675
1347075504411615234
1347075504860381185
1347075504885669890
1347075504554196992
1347075505032372229
1347075505162358790
1347075504965185542
1347075505896361989
1347075505997148160
1347075505913212928
1347075506185887745
1347075506143961088
1347075506491953152
1347075506487783424
1347075506555015170
1347075506605228032
1347075506814873600
1347075506701799425
1347075506341089282
1347075507163193344
1347075507158974464
1347075507058323456
1347075507268055042
1347075507519696898
1347075507502936064
1347075507511197700
1347075506882154496
1347075507171577856
1347075507293192197
1347075507825881089
1347075507934941185
1347075507188162560
1347075507905572864
1347075507033174016
1347075508291346432
1347075508459237376
1347075508429869058
1347075508421468161
1347075508505247748
1347075507670679552
1347075508824010753
1347075509033820165
1347075509134520323
1347075509038047233
1347075508958154752
1347075509327454210
1347075509155454976
1347075509386158086
1347075509386149889
1347075509474258946
1347075509599965184
1347075509767835648
1347075509704740864
1347075508715089922
1347075509822267393
1347075509843341318
1347075509780361217
1347075510065635328
1347075510015201281
1347075510396809216
1347075510552113156
1347075510719930369
1347075510703161344
1347075510728155136
1347075510820548608
1347075510967431168
1347075510996766720
1347075511198085122
1347075511206498305
1347075511479111680
1347075511546126341
1347075511185453059
1347075511529447424
1347075511948865541
1347075511982297088
1347075512108261378
1347075512259272704
1347075512267468800
1347075512695459840
1347075512594817027
1347075512909377536
1347075512812904449
1347075512938733568
1347075512884191232
1347075513001648130
1347075512976371714
1347075513051803648
1347075513760817154
1347075513886638082
1347075513936875526
1347075514054307840
1347075514134093824
1347075514272415747
1347075514360541185
1347075514163482627
1347075514104598529
1347075514490621955
1347075514750689282
1347075514775859201
1347075514838573056
1347075514658418688
1347075514767446016
1347075514922651656
1347075514998001664
1347075515056750593
1347075515023319041
1347075515245600768
1347075515278974976
1347075515069259776
1347075515304304642
1347075515342065666
1347075515509858304
1347075515115479042
1347075515602137088
1347075515761500160
1347075515866341377
1347075516113813506
1347075516218556418
1347075515212034054
1347075516298383360
1347075516172419078
1347075516470226946
1347075516038172673
1347075516545732613
1347075516239654918
1347075516675846144
1347075516793114627
1347075516856205313
1347075516839325696
1347075517015486467
1347075517174870019
1347075517258764289
1347075517384572929
1347075517669924866
1347075517640536068
1347075517506334722
1347075517795586049
1347075517695078400
1347075517497942016
1347075517984468993
1347075518378594304
1347075518273892357
1347075518361985024
1347075518588452870
1347075518588477440
1347075518479273984
1347075518743670785
1347075518773002240
1347075518852689920
1347075518856908803
1347075518940782593
1347075519142100993
1347075519267786754
1347075519330717697
1347075519385378821
1347075519473352708
1347075519641169920
1347075519804657665
1347075519993565185
1347075519993569280
1347075519687217152
1347075520098308096
1347075520115064832
1347075519909670913
1347075520635265030
1347075520727449604
1347075520626757632
1347075520794664961
1347075520916189188
1347075521109229568
1347075521478332416
1347075521482514432
1347075521591431169
1347075521675362305
1347075521855819776
1347075521910214656
1347075521847427075
1347075522027773952
1347075522002444288
1347075521771835392
1347075522132635650
1347075522212335617
1347075522300407809
1347075522594017280
1347075522598039553
1347075522732371974
1347075522883325952
1347075522803752961
1347075522795225093
1347075523290124289
1347075522681917441
1347075523529347073
1347075523571294211
1347075523332206593
1347075523856396290
1347075523801972737
1347075524036726786
1347075524594642944
1347075524766674948
1347075524976234496
1347075525265797122
1347075525227909120
1347075525337112577
1347075525446025217
1347075525563486209
1347075525496303617
1347075525521637376
1347075525441945606
1347075525915893760
1347075525840429060
1347075525836214273
1347075525882347522
1347075526167556097
1347075526221996037
1347075526205140993
1347075526243004417
1347075526322757632
1347075526545055745
1347075526725394433
1347075526767345664
1347075526943412224
1347075526872076290
1347075527060975617
1347075527232921600
1347075527388131329
1347075527425875969
1347075527287459841
1347075527350226947
1347075527610421248
1347075527744614401
1347075527866081281
1347075528025464836
1347075528134520835
1347075528185032705
1347075527883038720
1347075528407203844
1347075528369565697
1347075528717701121
1347075528768020481
1347075528700805120
1347075528566726657
1347075528973574144
1347075528897953793
1347075529028104194
1347075528675782668
1347075528629616642
1347075529153728514
1347075528822550529
1347075529275396098
1347075529569161216
1347075529766264832
1347075529887911937
1347075529896124418
1347075529850015746
1347075530126807041
1347075530072403969
1347075530156167169
1347075530315558912
1347075530231848966
1347075529959215104
1347075530529583108
1347075530483503104
1347075530642829314
1347075530676432898
1347075526897373184
1347075529971818503
1347075530751959041
1347075530797973505
1347075530881863680
1347075531121053697
1347075530936479744
1347075530823229440
1347075530592542721
1347075531309797378
1347075531410337794
1347075531532083200
1347075531427229696
1347075530852626433
1347075531703869441
1347075531905372160
1347075532010131459
1347075532077330437
1347075531951513602
1347075532282712066
1347075532215746561
1347075532341583874
1347075532429660163
1347075532492402690
1347075532626735107
1347075532823822336
1347075532936994816
1347075533130014722
1347075533197045761
1347075533222383622
1347075533188845568
1347075533167845376
1347075533419503617
1347075533805416450
1347075533964763139
1347075533872500738
1347075534078009346
1347075533985628165
1347075534069452801
1347075534090506240
1347075534027681794
1347075534212259840
1347075534363258880
1347075534619082754
1347075534514216960
1347075534681997312
1347075534078042114
1347075534635888640
1347075534417768451
1347075534887403524
1347075534816210944
1347075534786711555
1347075535042609156
1347075535084675073
1347075535105630210
1347075535143378946
1347075535223087105
1347075535235670017
1347075535139180545
1347075535114002432
1347075535600570378
1347075535357288448
1347075535675949057
1347075535822680069
1347075536074518528
1347075535697010690
1347075536120590336
1347075536435245056
1347075536561070083
1347075536749674497
1347075536670101507
1347075537148076033
1347075537429274624
1347075537584459776
1347075537219555329
1347075537160736773
1347075537953579008
1347075537982861312
1347075538041634817
1347075538146398214
1347075538121236481
1347075538234580992
1347075537655771138
1347075538456899584
1347075538414751746
1347075538460893185
1347075538179870725
1347075538645487616
1347075538792325121
1347075538830020608
1347075539073318912
1347075539220238338
1347075539304132609
1347075539253673987
1347075537605419008
1347075539568246784
1347075539597631490
1347075539622760450
1347075539706597377
1347075539828432897
1347075538872115200
1347075539803267077
1347075540340142080
1347075540256235521
1347075540411428869
1347075540319141894
1347075538834366467
1347075540465942535
1347075540906364930
1347075540952489984
1347075541044768774
1347075540767924224
1347075541036191744
1347075541103382528
1347075541241786368
1347075541535485952
1347075541489356802
1347075541552214016
1347075541870931969
1347075541493379074
1347075541992697856
1347075542294560769
1347075542252662789
1347075542529544192
1347075542147866625
1347075542621818881
1347075542823137283
1347075542806376450
1347075542906974209
1347075542923796481
1347075543066243074
1347075543062040581
1347075543003324417
1347075543217434624
1347075543318016001
1347075542844137473
1347075543150301185
1347075543267741696
1347075543410290689
1347075543527641091
1347075543661993984
1347075543762661377
1347075543741714432
1347075543934455808
1347075543951306752
1347075544119189505
1347075544051945474
1347075544483995648
1347075544660271109
1347075544681213952
1347075544899231746
1347075544865763329
1347075544983228416
1347075545289248773
1347075545285226496
1347075545201311745
1347075545268252672
1347075545360592897
1347075545201315840
1347075545864003590
1347075545222230018
1347075545893195776
1347075545973071872
1347075546082000897
1347075546157621248
1347075545893281792
1347075546337964033
1347075546501554272
1347075545952083970
1347075546841231362
1347075546832908290
1347075546988081152
1347075547009069056
1347075547063607297
1347075547260719104
1347075547193618432
1347075547323650048
1347075547457847311
1347075547013251072
1347075547495591936
1347075547646492680
1347075547608854528
1347075547675783170
1347075547365584896
1347075547118014464
1347075548258906112
1347075548262977537
1347075548422483968
1347075548535693316
1347075548288319488
1347075548384808961
1347075548799897601
1347075548900683777
1347075549286592514
1347075549387255808
1347075549483704321
1347075549664059392
1347075549840207872
1347075550095962112
1347075550221791234
1347075550225993728
1347075550175748098
1347075550268030976
1347075550620254208
1347075550641315840
1347075550716841984
1347075550238556163
1347075550939131904
1347075550540656640
1347075551178223618
1347075551366930432
1347075551215972353
1347075551194857472
1347075551853469697
1347075551731675137
1347075551727534081
1347075552021123072
1347075552046428160
1347075552084062209
1347075552071487488
1347075552155414528
1347075552516190209
1347075552633647106
1347075552704925696
1347075552084176896
1347075553044488194
1347075552574910464
1347075553128570883
1347075552914665472
1347075553430360064
1347075553434640386
1347075553556373507
1347075553648668673
1347075553162092545
1347075553753526272
1347075553678000129
1347075553233428480
1347075554093256704
1347075554139230209
1347075554189717504
1347075554474815489
1347075554672070656
1347075554520952833
1347075554655301636
1347075554982449154
1347075555049369600
1347075554936119298
1347075554323869700
1347075554164551681
1347075555414347776
1347075555330457600
1347075555519131653
1347075555506663426
1347075555729043457
1347075555267633152
1347075556014256128
1347075555993260035
1347075555804368903
1347075556370653185
1347075556362211329
1347075556328747009
1347075556400009221
1347075556211261442
1347075556026830853
1347075556894916609
1347075556878077952
1347075556882477057
1347075556874059776
1347075556907446274
1347075556920143872
1347075556827951113
1347075557175922691
1347075557272416256
1347075557465456640
1347075557536780288
1347075557612253185
1347075557687779328
1347075557889077249
1347075557918466049
1347075557549371392
1347075558010724352
1347075558795055105
1347075558853763072
1347075558870577153
1347075559168339968
1347075559252103169
1347075559298195459
1347075559357079552
1347075558731964422
1347075559654793221
1347075559587598336
1347075559793299456
1347075559612936192
1347075559814258690
1347075559847841792
1347075560061739008
1347075560120471555
1347075560246165504
1347075560283885568
1347075560472645632
1347075560594231299
1347075560673955840
1347075560787292160
1347075560837578753
1347075560917381122
1347075561043193858
1347075561294856192
1347075561370357760
1347075561538072576
1347075561412317185
1347075561642975234
1347075561848377345
1347075561961771008
1347075561781219328
1347075562003705857
1347075562104254465
1347075562385203200
1347075562729218052
1347075561982550018
1347075562800558085
1347075562892886019
1347075563287007233
1347075562884501504
1347075563266199556
1347075563710795777
1347075563568066560
1347075563949854722
1347075564004323329
1347075564272807937
1347075564151083010
1347075564453191680
1347075564587405314
1347075564809687042
1347075563811442688
1347075564826370049
1347075564868259844
1347075564969091073
1347075564872470535
1347075564931141633
1347075565182861314
1347075565132550148
1347075565296054273
1347075565329649664
1347075565434458113
1347075565757595650
1347075565795368963
1347075565870714880
1347075566030123010
1347075566239797251
1347075566147551234
1347075565833039873
1347075565845671937
1347075566470639618
1347075566663569410
1347075566739066880
1347075566738964480
1347075566898446337
1347075567057739776
1347075567133323268
1347075567129133058
1347075567196241920
1347075566307041280
1347075567443726336
1347075567384932354
1347075567686877185
1347075567749885953
1347075567510712320
1347075567976329216
1347075568001548289
1347075567972192256
1347075568303538176
1347075568576167936
1347075568555204608
1347075568714579968
1347075568366448640
1347075568781594625
1347075568823578625
1347075568878157824
1347075568957677570
1347075568924291079
1347075568995602432
1347075569138212864
1347075568890572801
1347075569477967872
1347075569503014912
1347075569394077697
1347075569536561152
1347075569645543425
1347075569704382465
1347075569947529216
1347075570140553220
1347075570144722947
1347075570287345665
1347075570362847233
1347075570467631104
1347075570451034112
1347075570585231361
1347075570799058945
1347075571407319040
1347075571524648963
1347075571654778881
1347075571927240704
1347075571713511424
1347075572002918400
1347075572090900480
1347075572086624256
1347075572397191169
1347075572489457664
1347075572602724352
1347075572518834176
1347075572594319362
1347075572833288192
1347075572875350016
1347075572741107712
1347075572837609475
1347075573147865093
1347075573496115200
1347075573638684672
1347075573710016517
1347075573927927809
1347075574079094785
1347075574087340033
1347075574108475392
1347075574133628928
1347075573021986819
1347075574322249729
1347075574523518976
1347075574666326016
1347075574624378880
1347075574909452294
1347075575068774400
1347075575249330178
1347075575207358464
1347075571784814592
1347075575207247872
1347075575492583424
1347075575668633600
1347075575626784768
1347075575651979266
1347075576100753409
1347075576184639490
1347075576243183625
1347075576259960833
1347075576515977217
1347075576784449540
1347075576960606211
1347075577065439232
1347075576956379138
1347075576998350851
1347075576570519554
1347075577254211584
1347075577577144322
1347075577556058114
1347075577765908481
1347075577971355648
1347075578134896645
1347075578378084356
1347075578764136451
1347075578747301889
1347075578839658498
1347075578873040896
1347075579045097478
1347075579103895553
1347075579258957824
1347075579200360449
1347075578810265601
1347075579573489665
1347075579963715584
1347075580278161412
1347075580429266945
1347075579984687105
1347075580848525313
1347075581079408640
1347075581175803910
1347075581314297856
1347075581356040196
1347075581507031041
1347075581620281346
1347075581737922571
1347075581666611201
1347075581733699584
1347075581301686273
1347075581964292096
1347075582035562498
1347075582161342466
1347075581658193921
1347075582010552320
1347075582324998147
1347075582350270466
1347075582555684866
1347075582367064080
1347075582727757824
1347075582757101573
1347075582933270530
1347075582815825921
1347075582933295105
1347075583046541313
1347075583222669312
1347075583273021440
1347075583658782720
1347075583654686724
1347075583025569793
1347075583709048839
1347075583713419264
1347075583008768001
1347075584007004160
1347075583906349058
1347075584283832322
1347075584501764097
1347075584724238336
1347075584749424640
1347075584833294337
1347075584883531776
1347075584954781697
1347075585344823296
1347075585638420480
1347075585760239616
1347075585898475520
1347075586032807936
1347075584912982018
1347075586049662977
1347075585328246786
1347075585483436040
1347075586141818880
1347075586112380930
1347075586263445506
1347075586372497409
1347075586334875648
1347075586456485888
1347075586238214144
1347075586485866496
1347075586569728000
1347075586632638467
1347075586846461953
1347075586947129346
1347075586922082304
1347075586821214210
1347075587236634624
1347075587341389824
1347075587530235906
1347075587567833088
1347075587681124355
1347075587442053120
1347075587819638784
1347075587836321794
1347075587873988608
1347075586150293504
1347075587375067136
1347075588281032704
1347075588385878016
1347075587882381313
1347075588469637120
1347075588373229569
1347075588763176968
1347075588478140416
1347075588922728452
1347075589237194753
1347075589455314947
1347075589463629824
1347075589421756417
1347075589438648320
1347075589841289218
1347075589635788801
1347075589698691073
1347075590013267968
1347075589904076800
1347075589958561793
1347075590143287297
1347075590256349185
1347075590134800387
1347075590436892672
1347075589660942340
1347075591233822720
1347075591548383233
1347075591288270848
1347075591665709057
1347075592047325184
1347075592525643776
1347075592534036480
1347075592575877120
1347075592747941889
1347075592697634818
1347075593225990151
1347075593305731073
1347075593486036993
1347075593481949185
1347075593435713537
1347075593595183104
1347075593670717440
1347075593767104512
1347075593943191559
1347075593989451776
1347075594400489472
1347075594270474243
1347075594538815489
1347075594681524224
1347075594543005698
1347075594157236225
1347075594933174273
1347075595012722689
1347075595218378752
1347075595289718785
1347075594865889282
1347075595495231489
1347075595902083073
1347075595889303554
1347075596233314306
1347075596396883968
1347075596463919106
1347075596669526017
1347075596812251137
1347075596820635654
1347075596929609730
1347075596975796224
1347075597051289601
1347075597185507328
1347075597344772097
1347075597739171844
1347075597760159749
1347075597823062017
1347075598032769025
1347075598154256384
1347075598452187136
1347075598305304577
1347075598552715266
1347075598682877955
1347075598766792705
1347075598896664579
1347075598955343875
1347075598854844416
1347075599098109952
1347075599156785153
1347075599148273666
1347075599274270721
1347075599542571009
1347075599551123456
1347075599261581313
1347075599622291457
1347075599836200961
1347075599949459456
1347075600008192001
1347075600012500997
1347075600092160000
1347075600779935748
1347075600964603907
1347075601077702659
1347075601144885248
1347075601253994499
1347075601337888768
1347075601459343360
1347075601446838276
1347075601497133056
1347075601597829121
1347075601644081153
1347075601274834944
1347075601585348609
1347075601715195905
1347075601715372033
1347075601719431168
1347075601815851010
1347075601958637569
1347075602067685376
1347075602071887873
1347075601706975237
1347075602197581824
1347075602122084353
1347075601962737665
1347075602503778305
1347075602524889089
1347075602524688385
1347075602344501248
1347075602793295872
1347075603044831240
1347075603137130497
1347075603242037254
1347075603556687872
1347075603732656129
1347075603825123330
1347075603888025600
1347075604068274177
1347075604198338562
1347075604336824322
1347075604525572097
1347075604437467137
1347075604424716290
1347075604701655040
1347075604735275009
1347075604617695232
1347075604861100037
1347075604022231047
1347075604852649984
1347075604718309377
1347075605033005059
1347075605024690176
1347075603388837888
1347075605104193540
1347075605339234305
1347075605288857602
1347075605318299649
1347075605771079682
1347075605855039488
1347075605838266368
1347075605548961792
1347075605943128065
1347075606098358272
1347075606178103297
1347075603212722176
1347075606287151105
1347075606471716864
1347075606698029060
1347075606979239936
1347075606928904192
1347075607117533187
1347075607176253441
1347075607159570434
1347075607453192192
